 -1.05000000E+04  0.00000000E+00  3.00000000E+01    2.862962E-15  1.331546E-15    1.293956E-02 -4.208469E-03
 -1.00000000E+04  0.00000000E+00  3.00000000E+01    2.534421E-16 -1.813495E-15    8.795255E-03 -4.781802E-03
 -9.90000000E+03  0.00000000E+00  3.00000000E+01    1.017967E-15  2.431842E-15    8.158914E-03 -4.785391E-03
 -9.80000000E+03  0.00000000E+00  3.00000000E+01    1.173918E-15  1.257279E-15    7.559383E-03 -4.765465E-03
 -9.70000000E+03  0.00000000E+00  3.00000000E+01   -8.926987E-16 -2.160100E-16    6.998486E-03 -4.725870E-03
 -9.60000000E+03  0.00000000E+00  3.00000000E+01    4.230288E-16 -1.796249E-15    6.478571E-03 -4.667867E-03
 -9.50000000E+03  0.00000000E+00  3.00000000E+01   -3.025035E-15  2.606444E-15    5.994931E-03 -4.595512E-03
 -9.40000000E+03  0.00000000E+00  3.00000000E+01   -8.380728E-16  1.333620E-15    5.548136E-03 -4.510205E-03
 -9.30000000E+03  0.00000000E+00  3.00000000E+01    3.087738E-15 -6.903595E-15    5.133356E-03 -4.415149E-03
 -9.20000000E+03  0.00000000E+00  3.00000000E+01    5.915491E-15 -6.352280E-15    4.750854E-03 -4.311607E-03
 -9.10000000E+03  0.00000000E+00  3.00000000E+01    2.700874E-15 -5.054573E-15    4.396305E-03 -4.201992E-03
 -9.00000000E+03  0.00000000E+00  3.00000000E+01    1.571903E-15 -2.258793E-15    4.069903E-03 -4.087417E-03
 -8.90000000E+03  0.00000000E+00  3.00000000E+01    2.810683E-15 -1.838650E-15    3.767784E-03 -3.969633E-03
 -8.80000000E+03  0.00000000E+00  3.00000000E+01    5.794498E-15 -2.427312E-15    3.490057E-03 -3.849601E-03
 -8.70000000E+03  0.00000000E+00  3.00000000E+01    6.204702E-15 -4.260321E-15    3.233338E-03 -3.728543E-03
 -8.60000000E+03  0.00000000E+00  3.00000000E+01    3.575391E-15 -2.368791E-15    2.997694E-03 -3.607285E-03
 -8.50000000E+03  0.00000000E+00  3.00000000E+01    2.131351E-15  4.315133E-15    2.780140E-03 -3.486621E-03
 -8.40000000E+03  0.00000000E+00  3.00000000E+01    2.734714E-16 -1.489574E-15    2.580680E-03 -3.367246E-03
 -8.30000000E+03  0.00000000E+00  3.00000000E+01    3.031558E-15 -2.542219E-15    2.396724E-03 -3.249623E-03
 -8.20000000E+03  0.00000000E+00  3.00000000E+01    2.703354E-15 -3.854147E-15    2.228261E-03 -3.134345E-03
 -8.10000000E+03  0.00000000E+00  3.00000000E+01    2.217600E-15 -8.433539E-15    2.073026E-03 -3.021612E-03
 -8.00000000E+03  0.00000000E+00  3.00000000E+01    2.444568E-16 -5.497391E-15    1.930976E-03 -2.911913E-03
 -7.90000000E+03  0.00000000E+00  3.00000000E+01    2.204136E-15 -1.241016E-15    1.800171E-03 -2.805263E-03
 -7.80000000E+03  0.00000000E+00  3.00000000E+01    2.803748E-15 -1.827037E-15    1.680565E-03 -2.702072E-03
 -7.70000000E+03  0.00000000E+00  3.00000000E+01    4.063981E-15 -5.005396E-15    1.570484E-03 -2.602210E-03
 -7.60000000E+03  0.00000000E+00  3.00000000E+01    1.316485E-15 -1.538975E-15    1.469870E-03 -2.506011E-03
 -7.50000000E+03  0.00000000E+00  3.00000000E+01    1.422313E-15  4.940531E-16    1.377306E-03 -2.413252E-03
 -7.40000000E+03  0.00000000E+00  3.00000000E+01    2.920224E-15 -3.394754E-15    1.292745E-03 -2.324215E-03
 -7.30000000E+03  0.00000000E+00  3.00000000E+01    2.446920E-15  4.357292E-16    1.214975E-03 -2.238606E-03
 -7.20000000E+03  0.00000000E+00  3.00000000E+01   -2.459674E-16  7.269405E-16    1.143952E-03 -2.156653E-03
 -7.10000000E+03  0.00000000E+00  3.00000000E+01   -4.368879E-15  1.744952E-15    1.078660E-03 -2.078031E-03
 -7.00000000E+03  0.00000000E+00  3.00000000E+01   -1.369757E-15  1.160954E-15    1.019068E-03 -2.002929E-03
 -6.90000000E+03  0.00000000E+00  3.00000000E+01   -2.448667E-15  5.583123E-15    9.643175E-04 -1.931001E-03
 -6.80000000E+03  0.00000000E+00  3.00000000E+01   -3.347293E-15 -7.112744E-16    9.143855E-04 -1.862398E-03
 -6.70000000E+03  0.00000000E+00  3.00000000E+01   -1.973739E-15  1.743016E-15    8.685563E-04 -1.796774E-03
 -6.60000000E+03  0.00000000E+00  3.00000000E+01   -3.177835E-15  5.334053E-15    8.268247E-04 -1.734257E-03
 -6.50000000E+03  0.00000000E+00  3.00000000E+01    7.736602E-16 -5.264201E-16    7.885870E-04 -1.674504E-03
 -6.40000000E+03  0.00000000E+00  3.00000000E+01    1.373776E-15  7.075007E-17    7.538477E-04 -1.617615E-03
 -6.30000000E+03  0.00000000E+00  3.00000000E+01    6.027072E-17 -7.732074E-16    7.221059E-04 -1.563265E-03
 -6.20000000E+03  0.00000000E+00  3.00000000E+01   -1.439477E-15 -4.767993E-16    6.933816E-04 -1.511536E-03
 -6.10000000E+03  0.00000000E+00  3.00000000E+01   -2.705043E-15  3.892310E-15    6.672527E-04 -1.462120E-03
 -6.00000000E+03  0.00000000E+00  3.00000000E+01   -6.294842E-15  2.685617E-15    6.437479E-04 -1.415078E-03
 -5.90000000E+03  0.00000000E+00  3.00000000E+01   -1.861491E-15  4.971555E-15    6.225154E-04 -1.370123E-03
 -5.80000000E+03  0.00000000E+00  3.00000000E+01    5.938867E-16  1.800673E-15    6.035972E-04 -1.327306E-03
 -5.70000000E+03  0.00000000E+00  3.00000000E+01   -2.824654E-15  4.248645E-15    5.866932E-04 -1.286357E-03
 -5.60000000E+03  0.00000000E+00  3.00000000E+01   -2.384156E-16  1.921502E-15    5.718529E-04 -1.247310E-03
 -5.50000000E+03  0.00000000E+00  3.00000000E+01   -7.786841E-16  5.374939E-16    5.588223E-04 -1.209918E-03
 -5.40000000E+03  0.00000000E+00  3.00000000E+01    1.797938E-15 -4.197480E-15    5.476592E-04 -1.174204E-03
 -5.30000000E+03  0.00000000E+00  3.00000000E+01    1.178345E-16  2.034751E-15    5.381426E-04 -1.139938E-03
 -5.20000000E+03  0.00000000E+00  3.00000000E+01    4.077381E-15 -1.434527E-15    5.303337E-04 -1.107127E-03
 -5.10000000E+03  0.00000000E+00  3.00000000E+01   -6.006109E-17  3.183881E-15    5.240395E-04 -1.075563E-03
 -5.00000000E+03  0.00000000E+00  3.00000000E+01    3.180557E-15 -5.324488E-15    5.193245E-04 -1.045241E-03
 -4.90000000E+03  0.00000000E+00  3.00000000E+01    6.838175E-15 -9.700993E-15    5.160139E-04 -1.015969E-03
 -4.80000000E+03  0.00000000E+00  3.00000000E+01    2.281650E-15 -3.229329E-15    5.141705E-04 -9.877262E-04
 -4.70000000E+03  0.00000000E+00  3.00000000E+01    3.238128E-15 -1.312605E-15    5.136343E-04 -9.603396E-04
 -4.60000000E+03  0.00000000E+00  3.00000000E+01    1.916441E-15 -2.155155E-15    5.144637E-04 -9.337762E-04
 -4.50000000E+03  0.00000000E+00  3.00000000E+01   -1.499803E-15  1.501855E-15    5.165072E-04 -9.078794E-04
 -4.40000000E+03  0.00000000E+00  3.00000000E+01    7.751820E-16  6.597713E-16    5.198142E-04 -8.826004E-04
 -4.30000000E+03  0.00000000E+00  3.00000000E+01    2.455518E-15 -7.771793E-16    5.242387E-04 -8.578023E-04
 -4.20000000E+03  0.00000000E+00  3.00000000E+01   -1.795914E-16 -1.253163E-15    5.298175E-04 -8.334260E-04
 -4.10000000E+03  0.00000000E+00  3.00000000E+01   -7.790755E-16 -6.531371E-16    5.364064E-04 -8.093508E-04
 -4.00000000E+03  0.00000000E+00  3.00000000E+01   -4.133853E-15  2.223534E-15    5.440243E-04 -7.855060E-04
 -3.90000000E+03  0.00000000E+00  3.00000000E+01   -2.095785E-15 -2.928515E-16    5.525277E-04 -7.617928E-04
 -3.80000000E+03  0.00000000E+00  3.00000000E+01    4.808271E-16 -2.628683E-15    5.619135E-04 -7.381353E-04
 -3.70000000E+03  0.00000000E+00  3.00000000E+01    2.096910E-15 -3.289018E-15    5.720373E-04 -7.144547E-04
 -3.60000000E+03  0.00000000E+00  3.00000000E+01    2.992967E-16 -3.886935E-15    5.828700E-04 -6.906717E-04
 -3.50000000E+03  0.00000000E+00  3.00000000E+01    1.196391E-15  2.400707E-15    5.942671E-04 -6.667327E-04
 -3.40000000E+03  0.00000000E+00  3.00000000E+01    2.961794E-16  2.104044E-15    6.061689E-04 -6.425648E-04
 -3.30000000E+03  0.00000000E+00  3.00000000E+01    9.576805E-16 -1.673011E-15    6.184326E-04 -6.181387E-04
 -3.20000000E+03  0.00000000E+00  3.00000000E+01   -1.807619E-16  3.544385E-15    6.309662E-04 -5.933917E-04
 -3.10000000E+03  0.00000000E+00  3.00000000E+01   -1.860073E-15  1.382488E-15    6.436309E-04 -5.683246E-04
 -3.00000000E+03  0.00000000E+00  3.00000000E+01   -1.440410E-15  1.923059E-15    6.563007E-04 -5.428974E-04
 -2.90000000E+03  0.00000000E+00  3.00000000E+01   -9.603555E-16  4.846028E-16    6.688450E-04 -5.171389E-04
 -2.80000000E+03  0.00000000E+00  3.00000000E+01    3.286867E-15 -5.689006E-15    6.811050E-04 -4.910379E-04
 -2.70000000E+03  0.00000000E+00  3.00000000E+01    1.972673E-15 -5.361099E-16    6.929626E-04 -4.646549E-04
 -2.60000000E+03  0.00000000E+00  3.00000000E+01    3.585180E-15 -3.593049E-15    7.042276E-04 -4.380215E-04
 -2.50000000E+03  0.00000000E+00  3.00000000E+01   -2.515401E-15  5.154937E-15    7.148008E-04 -4.112240E-04
 -2.40000000E+03  0.00000000E+00  3.00000000E+01    2.935552E-16 -1.493602E-15    7.244645E-04 -3.843416E-04
 -2.30000000E+03  0.00000000E+00  3.00000000E+01   -2.578088E-15  1.142834E-15    7.331427E-04 -3.574861E-04
 -2.20000000E+03  0.00000000E+00  3.00000000E+01    1.136440E-15  1.976091E-15    7.405940E-04 -3.307930E-04
 -2.10000000E+03  0.00000000E+00  3.00000000E+01    8.983196E-16  3.892375E-15    7.467696E-04 -3.043871E-04
 -2.00000000E+03  0.00000000E+00  3.00000000E+01    2.979830E-15 -4.190919E-15    7.514073E-04 -2.784568E-04
 -1.90000000E+03  0.00000000E+00  3.00000000E+01    3.218893E-15 -3.708655E-15    7.544850E-04 -2.531290E-04
 -1.80000000E+03  0.00000000E+00  3.00000000E+01    2.027694E-15 -1.316166E-15    7.557188E-04 -2.286388E-04
 -1.70000000E+03  0.00000000E+00  3.00000000E+01   -1.254974E-16 -8.341460E-16    7.551071E-04 -2.050904E-04
 -1.60000000E+03  0.00000000E+00  3.00000000E+01   -2.090929E-15  2.098304E-15    7.523311E-04 -1.827382E-04
 -1.50000000E+03  0.00000000E+00  3.00000000E+01   -7.851049E-16 -1.852031E-15    7.473947E-04 -1.616374E-04
 -1.40000000E+03  0.00000000E+00  3.00000000E+01    1.364847E-15 -2.333655E-15    7.399163E-04 -1.420225E-04
 -1.30000000E+03  0.00000000E+00  3.00000000E+01   -9.090539E-16 -2.685914E-15    7.298729E-04 -1.238603E-04
 -1.20000000E+03  0.00000000E+00  3.00000000E+01    1.234990E-15 -4.359703E-15    7.167579E-04 -1.073041E-04
 -1.10000000E+03  0.00000000E+00  3.00000000E+01   -7.801205E-16  5.420920E-16    7.004700E-04 -9.220213E-05
 -1.00000000E+03  0.00000000E+00  3.00000000E+01    2.849491E-15 -3.829923E-15    6.802679E-04 -7.857156E-05
 -9.00000000E+02  0.00000000E+00  3.00000000E+01    2.899830E-16 -1.493187E-15    6.558724E-04 -6.614280E-05
 -8.00000000E+02  0.00000000E+00  3.00000000E+01    4.607736E-16 -3.822592E-15    6.260806E-04 -5.480012E-05
 -7.00000000E+02  0.00000000E+00  3.00000000E+01    2.131421E-15 -4.067601E-15    5.902359E-04 -4.426306E-05
 -6.00000000E+02  0.00000000E+00  3.00000000E+01    4.267869E-15 -6.941236E-15    5.462138E-04 -3.445848E-05
 -5.00000000E+02  0.00000000E+00  3.00000000E+01    3.195471E-15 -6.100615E-15    4.926083E-04 -2.534653E-05
 -4.00000000E+02  0.00000000E+00  3.00000000E+01    1.079095E-15  1.545766E-15    4.257730E-04 -1.722797E-05
 -3.00000000E+02  0.00000000E+00  3.00000000E+01   -4.688223E-15  6.405866E-15    3.438585E-04 -1.042033E-05
 -2.00000000E+02  0.00000000E+00  3.00000000E+01   -2.868694E-15 -9.424915E-16    2.435227E-04 -5.427008E-06
 -1.00000000E+02  0.00000000E+00  3.00000000E+01   -2.181268E-17 -4.772931E-15    1.271791E-04 -2.125842E-06
  0.00000000E+00  0.00000000E+00  3.00000000E+01   -5.565658E-16  8.951831E-15   -6.719741E-10  2.419328E-10
  1.00000000E+02  0.00000000E+00  3.00000000E+01    4.936494E-15 -3.541485E-15   -1.271804E-04  2.126307E-06
  2.00000000E+02  0.00000000E+00  3.00000000E+01   -6.287581E-16  6.149036E-15   -2.435237E-04  5.427420E-06
  3.00000000E+02  0.00000000E+00  3.00000000E+01    7.075257E-15 -6.414288E-15   -3.438593E-04  1.042066E-05
  4.00000000E+02  0.00000000E+00  3.00000000E+01    3.870840E-15 -2.699806E-15   -4.257734E-04  1.722822E-05
  5.00000000E+02  0.00000000E+00  3.00000000E+01    7.975833E-18  1.195305E-15   -4.926085E-04  2.534670E-05
  6.00000000E+02  0.00000000E+00  3.00000000E+01   -5.441367E-16 -2.561783E-15   -5.462138E-04  3.445857E-05
  7.00000000E+02  0.00000000E+00  3.00000000E+01   -2.734211E-15  2.281329E-15   -5.902357E-04  4.426309E-05
  8.00000000E+02  0.00000000E+00  3.00000000E+01    2.984285E-15 -1.801365E-15   -6.260803E-04  5.480010E-05
  9.00000000E+02  0.00000000E+00  3.00000000E+01    3.640892E-15 -1.983974E-15   -6.558720E-04  6.614274E-05
  1.00000000E+03  0.00000000E+00  3.00000000E+01    6.316930E-15 -5.874247E-15   -6.802675E-04  7.857148E-05
  1.10000000E+03  0.00000000E+00  3.00000000E+01    2.096248E-15  2.932621E-16   -7.004696E-04  9.220203E-05
  1.20000000E+03  0.00000000E+00  3.00000000E+01    2.927258E-15 -2.221276E-15   -7.167576E-04  1.073040E-04
  1.30000000E+03  0.00000000E+00  3.00000000E+01    4.775261E-15 -3.595113E-15   -7.298726E-04  1.238602E-04
  1.40000000E+03  0.00000000E+00  3.00000000E+01    3.471123E-15 -8.454878E-16   -7.399160E-04  1.420224E-04
  1.50000000E+03  0.00000000E+00  3.00000000E+01    2.508160E-15 -2.753214E-15   -7.473945E-04  1.616372E-04
  1.60000000E+03  0.00000000E+00  3.00000000E+01    5.793200E-15 -4.856732E-15   -7.523309E-04  1.827381E-04
  1.70000000E+03  0.00000000E+00  3.00000000E+01    4.485238E-15 -2.101003E-15   -7.551069E-04  2.050903E-04
  1.80000000E+03  0.00000000E+00  3.00000000E+01    7.207811E-16 -9.565603E-16   -7.557186E-04  2.286387E-04
  1.90000000E+03  0.00000000E+00  3.00000000E+01    1.196933E-15 -2.394805E-15   -7.544849E-04  2.531289E-04
  2.00000000E+03  0.00000000E+00  3.00000000E+01   -2.325534E-15  2.816175E-15   -7.514072E-04  2.784567E-04
  2.10000000E+03  0.00000000E+00  3.00000000E+01   -2.979438E-15  5.391627E-15   -7.467695E-04  3.043870E-04
  2.20000000E+03  0.00000000E+00  3.00000000E+01   -7.713719E-16  1.735166E-15   -7.405939E-04  3.307929E-04
  2.30000000E+03  0.00000000E+00  3.00000000E+01   -2.745948E-15  3.475305E-15   -7.331426E-04  3.574860E-04
  2.40000000E+03  0.00000000E+00  3.00000000E+01   -1.852317E-15  1.812882E-16   -7.244644E-04  3.843416E-04
  2.50000000E+03  0.00000000E+00  3.00000000E+01   -4.773229E-16 -9.634595E-16   -7.148008E-04  4.112239E-04
  2.60000000E+03  0.00000000E+00  3.00000000E+01    6.060153E-17 -1.978791E-15   -7.042276E-04  4.380215E-04
  2.70000000E+03  0.00000000E+00  3.00000000E+01   -1.256736E-15 -4.159041E-16   -6.929626E-04  4.646549E-04
  2.80000000E+03  0.00000000E+00  3.00000000E+01    1.677175E-15 -1.436116E-15   -6.811049E-04  4.910379E-04
  2.90000000E+03  0.00000000E+00  3.00000000E+01   -6.004556E-17 -1.613144E-15   -6.688450E-04  5.171388E-04
  3.00000000E+03  0.00000000E+00  3.00000000E+01    2.096216E-15 -2.094008E-15   -6.563007E-04  5.428973E-04
  3.10000000E+03  0.00000000E+00  3.00000000E+01    7.787617E-16 -2.935792E-15   -6.436309E-04  5.683246E-04
  3.20000000E+03  0.00000000E+00  3.00000000E+01   -1.175099E-16  3.600876E-16   -6.309662E-04  5.933917E-04
  3.30000000E+03  0.00000000E+00  3.00000000E+01   -1.496629E-15  3.895432E-15   -6.184325E-04  6.181387E-04
  3.40000000E+03  0.00000000E+00  3.00000000E+01    8.407149E-16 -1.191269E-16   -6.061689E-04  6.425648E-04
  3.50000000E+03  0.00000000E+00  3.00000000E+01    3.537972E-15  1.980705E-15   -5.942670E-04  6.667327E-04
  3.60000000E+03  0.00000000E+00  3.00000000E+01    1.561254E-15  1.229065E-16   -5.828700E-04  6.906716E-04
  3.70000000E+03  0.00000000E+00  3.00000000E+01    1.199506E-15 -1.198231E-15   -5.720373E-04  7.144547E-04
  3.80000000E+03  0.00000000E+00  3.00000000E+01    4.017212E-15 -4.257157E-15   -5.619135E-04  7.381352E-04
  3.90000000E+03  0.00000000E+00  3.00000000E+01   -1.195375E-16  3.564067E-16   -5.525277E-04  7.617928E-04
  4.00000000E+03  0.00000000E+00  3.00000000E+01   -9.567801E-16  4.756126E-16   -5.440243E-04  7.855060E-04
  4.10000000E+03  0.00000000E+00  3.00000000E+01   -1.314404E-15  2.754563E-15   -5.364064E-04  8.093508E-04
  4.20000000E+03  0.00000000E+00  3.00000000E+01   -4.153291E-16 -5.409104E-16   -5.298175E-04  8.334260E-04
  4.30000000E+03  0.00000000E+00  3.00000000E+01   -1.733535E-15  3.416574E-15   -5.242387E-04  8.578023E-04
  4.40000000E+03  0.00000000E+00  3.00000000E+01   -2.346062E-16 -4.807792E-16   -5.198142E-04  8.826004E-04
  4.50000000E+03  0.00000000E+00  3.00000000E+01   -3.532778E-16 -1.206349E-16   -5.165072E-04  9.078794E-04
  4.60000000E+03  0.00000000E+00  3.00000000E+01    9.636150E-16 -4.813236E-16   -5.144637E-04  9.337762E-04
  4.70000000E+03  0.00000000E+00  3.00000000E+01   -1.973734E-15  2.934834E-15   -5.136343E-04  9.603396E-04
  4.80000000E+03  0.00000000E+00  3.00000000E+01    4.565136E-15 -4.071082E-15   -5.141705E-04  9.877262E-04
  4.90000000E+03  0.00000000E+00  3.00000000E+01    1.623213E-15 -1.858420E-15   -5.160139E-04  1.015969E-03
  5.00000000E+03  0.00000000E+00  3.00000000E+01    3.622939E-16  4.916379E-15   -5.193245E-04  1.045241E-03
  5.10000000E+03  0.00000000E+00  3.00000000E+01   -4.856420E-15  5.569146E-15   -5.240395E-04  1.075563E-03
  5.20000000E+03  0.00000000E+00  3.00000000E+01   -2.212540E-15  6.004739E-17   -5.303337E-04  1.107127E-03
  5.30000000E+03  0.00000000E+00  3.00000000E+01   -4.675334E-15  6.830495E-15   -5.381426E-04  1.139938E-03
  5.40000000E+03  0.00000000E+00  3.00000000E+01   -1.493855E-15  2.994692E-16   -5.476592E-04  1.174204E-03
  5.50000000E+03  0.00000000E+00  3.00000000E+01    1.859645E-16 -2.333712E-15   -5.588223E-04  1.209918E-03
  5.60000000E+03  0.00000000E+00  3.00000000E+01   -1.255822E-15  1.982328E-15   -5.718529E-04  1.247310E-03
  5.70000000E+03  0.00000000E+00  3.00000000E+01   -3.350709E-15  4.815025E-16   -5.866932E-04  1.286357E-03
  5.80000000E+03  0.00000000E+00  3.00000000E+01    3.645044E-16 -2.277644E-15   -6.035972E-04  1.327306E-03
  5.90000000E+03  0.00000000E+00  3.00000000E+01    1.799999E-15 -2.996846E-15   -6.225154E-04  1.370123E-03
  6.00000000E+03  0.00000000E+00  3.00000000E+01    6.016679E-16 -3.000092E-15   -6.437479E-04  1.415078E-03
  6.10000000E+03  0.00000000E+00  3.00000000E+01   -1.137697E-15  4.111465E-16   -6.672527E-04  1.462120E-03
  6.20000000E+03  0.00000000E+00  3.00000000E+01   -1.374588E-15  1.132211E-15   -6.933816E-04  1.511536E-03
  6.30000000E+03  0.00000000E+00  3.00000000E+01    7.148923E-16  2.368047E-16   -7.221059E-04  1.563265E-03
  6.40000000E+03  0.00000000E+00  3.00000000E+01   -1.749339E-15  3.399331E-15   -7.538477E-04  1.617615E-03
  6.50000000E+03  0.00000000E+00  3.00000000E+01    1.213100E-16 -3.618529E-16   -7.885870E-04  1.674504E-03
  6.60000000E+03  0.00000000E+00  3.00000000E+01    1.232817E-16  8.440910E-16   -8.268247E-04  1.734257E-03
  6.70000000E+03  0.00000000E+00  3.00000000E+01   -1.376883E-15  5.925955E-15   -8.685563E-04  1.796774E-03
  6.80000000E+03  0.00000000E+00  3.00000000E+01   -1.973288E-15  1.729575E-15   -9.143855E-04  1.862398E-03
  6.90000000E+03  0.00000000E+00  3.00000000E+01    1.263130E-15 -1.974056E-15   -9.643175E-04  1.931001E-03
  7.00000000E+03  0.00000000E+00  3.00000000E+01   -1.142208E-15  4.102771E-16   -1.019068E-03  2.002929E-03
  7.10000000E+03  0.00000000E+00  3.00000000E+01   -1.292873E-16  2.745328E-15   -1.078660E-03  2.078031E-03
  7.20000000E+03  0.00000000E+00  3.00000000E+01   -1.144164E-16 -4.433439E-15   -1.143952E-03  2.156653E-03
  7.30000000E+03  0.00000000E+00  3.00000000E+01    1.911965E-15 -9.700026E-16   -1.214975E-03  2.238606E-03
  7.40000000E+03  0.00000000E+00  3.00000000E+01    2.803890E-15 -5.460446E-15   -1.292745E-03  2.324215E-03
  7.50000000E+03  0.00000000E+00  3.00000000E+01    2.558064E-15 -4.736844E-15   -1.377306E-03  2.413252E-03
  7.60000000E+03  0.00000000E+00  3.00000000E+01    1.732295E-15 -2.217818E-15   -1.469870E-03  2.506011E-03
  7.70000000E+03  0.00000000E+00  3.00000000E+01    1.627437E-15 -4.245405E-15   -1.570484E-03  2.602210E-03
  7.80000000E+03  0.00000000E+00  3.00000000E+01    1.867433E-15 -2.558302E-15   -1.680565E-03  2.702072E-03
  7.90000000E+03  0.00000000E+00  3.00000000E+01    3.601504E-15 -1.189728E-15   -1.800171E-03  2.805263E-03
  8.00000000E+03  0.00000000E+00  3.00000000E+01    3.228944E-15 -2.511229E-15   -1.930976E-03  2.911913E-03
  8.10000000E+03  0.00000000E+00  3.00000000E+01    4.140253E-15 -3.392667E-15   -2.073026E-03  3.021612E-03
  8.20000000E+03  0.00000000E+00  3.00000000E+01    1.861896E-15  1.027563E-15   -2.228261E-03  3.134345E-03
  8.30000000E+03  0.00000000E+00  3.00000000E+01    1.099306E-15  3.777989E-16   -2.396724E-03  3.249623E-03
  8.40000000E+03  0.00000000E+00  3.00000000E+01    2.390591E-15  1.187199E-15   -2.580680E-03  3.367246E-03
  8.50000000E+03  0.00000000E+00  3.00000000E+01    3.957881E-15 -3.445710E-15   -2.780140E-03  3.486621E-03
  8.60000000E+03  0.00000000E+00  3.00000000E+01   -3.458127E-16  2.278987E-15   -2.997694E-03  3.607285E-03
  8.70000000E+03  0.00000000E+00  3.00000000E+01    1.454262E-16 -1.548273E-15   -3.233338E-03  3.728543E-03
  8.80000000E+03  0.00000000E+00  3.00000000E+01   -7.788401E-16  5.013841E-16   -3.490057E-03  3.849601E-03
  8.90000000E+03  0.00000000E+00  3.00000000E+01    2.437113E-16  1.647895E-15   -3.767784E-03  3.969633E-03
  9.00000000E+03  0.00000000E+00  3.00000000E+01   -1.119700E-15  3.999406E-15   -4.069903E-03  4.087417E-03
  9.10000000E+03  0.00000000E+00  3.00000000E+01   -1.415831E-15  4.271083E-15   -4.396305E-03  4.201992E-03
  9.20000000E+03  0.00000000E+00  3.00000000E+01    2.320318E-15 -8.343917E-16   -4.750854E-03  4.311607E-03
  9.30000000E+03  0.00000000E+00  3.00000000E+01   -2.340235E-15  1.209232E-15   -5.133356E-03  4.415149E-03
  9.40000000E+03  0.00000000E+00  3.00000000E+01    7.259713E-17 -1.964151E-15   -5.548136E-03  4.510205E-03
  9.50000000E+03  0.00000000E+00  3.00000000E+01   -9.342935E-16  2.862213E-15   -5.994931E-03  4.595512E-03
  9.60000000E+03  0.00000000E+00  3.00000000E+01    1.341595E-15  8.689418E-16   -6.478571E-03  4.667867E-03
  9.70000000E+03  0.00000000E+00  3.00000000E+01   -1.411220E-15  4.321055E-15   -6.998486E-03  4.725870E-03
  9.80000000E+03  0.00000000E+00  3.00000000E+01    4.946658E-16  2.234551E-15   -7.559383E-03  4.765465E-03
  9.90000000E+03  0.00000000E+00  3.00000000E+01    1.334457E-15  2.094352E-15   -8.158914E-03  4.785391E-03
  1.00000000E+04  0.00000000E+00  3.00000000E+01   -3.483145E-16  1.144943E-15   -8.795255E-03  4.781802E-03
  1.05000000E+04  0.00000000E+00  3.00000000E+01   -3.317747E-15 -6.329714E-16   -1.293956E-02  4.208469E-03
 
 -1.05000000E+04  0.00000000E+00  3.00000000E+01    1.435689E-14 -1.752165E-13    1.413372E-02  6.459483E-03
 -1.00000000E+04  0.00000000E+00  3.00000000E+01    5.681005E-14 -1.075834E-13    1.306450E-02  5.513615E-03
 -9.90000000E+03  0.00000000E+00  3.00000000E+01    2.970372E-14 -2.614664E-13    1.287375E-02  5.352924E-03
 -9.80000000E+03  0.00000000E+00  3.00000000E+01    2.160290E-14 -8.313215E-14    1.268377E-02  5.195945E-03
 -9.70000000E+03  0.00000000E+00  3.00000000E+01    1.070845E-14  5.835049E-14    1.249653E-02  5.043759E-03
 -9.60000000E+03  0.00000000E+00  3.00000000E+01    2.040981E-14  2.686484E-14    1.231267E-02  4.896843E-03
 -9.50000000E+03  0.00000000E+00  3.00000000E+01    1.584823E-14 -4.363009E-14    1.213196E-02  4.754702E-03
 -9.40000000E+03  0.00000000E+00  3.00000000E+01    3.443314E-14  4.558880E-14    1.195448E-02  4.617428E-03
 -9.30000000E+03  0.00000000E+00  3.00000000E+01    9.382862E-15 -7.042047E-15    1.177986E-02  4.484449E-03
 -9.20000000E+03  0.00000000E+00  3.00000000E+01    1.007461E-14 -3.041367E-14    1.160810E-02  4.355822E-03
 -9.10000000E+03  0.00000000E+00  3.00000000E+01   -1.074257E-14 -4.890229E-14    1.143887E-02  4.231046E-03
 -9.00000000E+03  0.00000000E+00  3.00000000E+01   -9.761887E-15 -1.779839E-14    1.127218E-02  4.110197E-03
 -8.90000000E+03  0.00000000E+00  3.00000000E+01   -1.126023E-14  5.624217E-14    1.110774E-02  3.992829E-03
 -8.80000000E+03  0.00000000E+00  3.00000000E+01   -7.821926E-15  1.626994E-14    1.094556E-02  3.879022E-03
 -8.70000000E+03  0.00000000E+00  3.00000000E+01   -2.114731E-14 -1.498026E-14    1.078538E-02  3.768391E-03
 -8.60000000E+03  0.00000000E+00  3.00000000E+01   -1.685078E-15 -8.247983E-14    1.062726E-02  3.661029E-03
 -8.50000000E+03  0.00000000E+00  3.00000000E+01    7.066006E-15 -4.391605E-14    1.047095E-02  3.556587E-03
 -8.40000000E+03  0.00000000E+00  3.00000000E+01    1.063908E-14 -7.703301E-14    1.031648E-02  3.455155E-03
 -8.30000000E+03  0.00000000E+00  3.00000000E+01    1.144092E-14 -2.363431E-14    1.016366E-02  3.356425E-03
 -8.20000000E+03  0.00000000E+00  3.00000000E+01    9.212372E-15  3.585670E-14    1.001252E-02  3.260497E-03
 -8.10000000E+03  0.00000000E+00  3.00000000E+01    2.342815E-14  8.440215E-14    9.862886E-03  3.167081E-03
 -8.00000000E+03  0.00000000E+00  3.00000000E+01    2.047572E-14 -8.452404E-16    9.714790E-03  3.076274E-03
 -7.90000000E+03  0.00000000E+00  3.00000000E+01    5.314762E-15 -3.543176E-14    9.568070E-03  2.987817E-03
 -7.80000000E+03  0.00000000E+00  3.00000000E+01    1.073624E-14 -6.190508E-14    9.422774E-03  2.901808E-03
 -7.70000000E+03  0.00000000E+00  3.00000000E+01    4.590584E-14 -9.290366E-14    9.278745E-03  2.818004E-03
 -7.60000000E+03  0.00000000E+00  3.00000000E+01    1.372344E-14 -1.231456E-13    9.136022E-03  2.736497E-03
 -7.50000000E+03  0.00000000E+00  3.00000000E+01    1.377529E-14  1.408046E-13    8.994473E-03  2.657066E-03
 -7.40000000E+03  0.00000000E+00  3.00000000E+01   -9.229667E-15 -5.832748E-14    8.854144E-03  2.579807E-03
 -7.30000000E+03  0.00000000E+00  3.00000000E+01   -6.771185E-15 -6.555251E-15    8.714903E-03  2.504507E-03
 -7.20000000E+03  0.00000000E+00  3.00000000E+01   -7.116403E-15  1.148931E-14    8.576790E-03  2.431256E-03
 -7.10000000E+03  0.00000000E+00  3.00000000E+01   -9.290791E-15  1.325224E-14    8.439691E-03  2.359860E-03
 -7.00000000E+03  0.00000000E+00  3.00000000E+01   -1.744842E-14  1.518209E-14    8.303652E-03  2.290409E-03
 -6.90000000E+03  0.00000000E+00  3.00000000E+01   -1.024438E-14  6.314871E-14    8.168562E-03  2.222716E-03
 -6.80000000E+03  0.00000000E+00  3.00000000E+01   -3.923778E-15  1.193009E-14    8.034456E-03  2.156866E-03
 -6.70000000E+03  0.00000000E+00  3.00000000E+01   -3.383262E-16  4.597398E-15    7.901239E-03  2.092685E-03
 -6.60000000E+03  0.00000000E+00  3.00000000E+01    1.185759E-14 -4.310681E-14    7.768953E-03  2.030259E-03
 -6.50000000E+03  0.00000000E+00  3.00000000E+01    3.065255E-14 -8.833785E-14    7.637503E-03  1.969420E-03
 -6.40000000E+03  0.00000000E+00  3.00000000E+01    1.484399E-14 -7.287218E-15    7.506920E-03  1.910248E-03
 -6.30000000E+03  0.00000000E+00  3.00000000E+01    7.907076E-15  7.683821E-14    7.377124E-03  1.852587E-03
 -6.20000000E+03  0.00000000E+00  3.00000000E+01    9.995313E-15  2.365611E-15    7.248153E-03  1.796516E-03
 -6.10000000E+03  0.00000000E+00  3.00000000E+01    3.232827E-14 -3.444479E-14    7.119924E-03  1.741884E-03
 -6.00000000E+03  0.00000000E+00  3.00000000E+01    1.901789E-14 -4.075590E-14    6.992466E-03  1.688764E-03
 -5.90000000E+03  0.00000000E+00  3.00000000E+01    8.458501E-15  4.556311E-14    6.865708E-03  1.637016E-03
 -5.80000000E+03  0.00000000E+00  3.00000000E+01    2.291255E-14 -6.927807E-15    6.739685E-03  1.586712E-03
 -5.70000000E+03  0.00000000E+00  3.00000000E+01    2.738096E-14 -1.335835E-14    6.614323E-03  1.537714E-03
 -5.60000000E+03  0.00000000E+00  3.00000000E+01    1.715737E-14 -7.256242E-14    6.489649E-03  1.490091E-03
 -5.50000000E+03  0.00000000E+00  3.00000000E+01    1.183370E-14 -4.043653E-14    6.365599E-03  1.443713E-03
 -5.40000000E+03  0.00000000E+00  3.00000000E+01    7.056233E-15 -1.811106E-14    6.242206E-03  1.398647E-03
 -5.30000000E+03  0.00000000E+00  3.00000000E+01    9.386182E-15 -2.737070E-14    6.119403E-03  1.354768E-03
 -5.20000000E+03  0.00000000E+00  3.00000000E+01   -1.804795E-14 -2.282822E-14    5.997212E-03  1.312136E-03
 -5.10000000E+03  0.00000000E+00  3.00000000E+01    1.055056E-15 -8.360714E-14    5.875578E-03  1.270634E-03
 -5.00000000E+03  0.00000000E+00  3.00000000E+01    7.201349E-15 -3.157656E-14    5.754529E-03  1.230323E-03
 -4.90000000E+03  0.00000000E+00  3.00000000E+01    2.233474E-14  7.604655E-15    5.634004E-03  1.191086E-03
 -4.80000000E+03  0.00000000E+00  3.00000000E+01   -2.061361E-14  1.986216E-14    5.514024E-03  1.152978E-03
 -4.70000000E+03  0.00000000E+00  3.00000000E+01    9.122757E-15 -9.082395E-15    5.394537E-03  1.115892E-03
 -4.60000000E+03  0.00000000E+00  3.00000000E+01    3.260946E-15 -2.149243E-15    5.275569E-03  1.079882E-03
 -4.50000000E+03  0.00000000E+00  3.00000000E+01   -6.640325E-15 -9.022027E-15    5.157063E-03  1.044840E-03
 -4.40000000E+03  0.00000000E+00  3.00000000E+01    4.646479E-15 -1.130154E-14    5.039035E-03  1.010816E-03
 -4.30000000E+03  0.00000000E+00  3.00000000E+01    1.602002E-14 -2.218985E-14    4.921440E-03  9.777103E-04
 -4.20000000E+03  0.00000000E+00  3.00000000E+01   -5.498547E-15 -1.797660E-14    4.804298E-03  9.455692E-04
 -4.10000000E+03  0.00000000E+00  3.00000000E+01    9.549943E-15 -3.807435E-14    4.687559E-03  9.142960E-04
 -4.00000000E+03  0.00000000E+00  3.00000000E+01   -1.046707E-14  7.029429E-15    4.571234E-03  8.839314E-04
 -3.90000000E+03  0.00000000E+00  3.00000000E+01   -4.786328E-17 -7.279818E-17    4.455282E-03  8.543851E-04
 -3.80000000E+03  0.00000000E+00  3.00000000E+01    1.547063E-14 -5.429260E-14    4.339719E-03  8.256956E-04
 -3.70000000E+03  0.00000000E+00  3.00000000E+01    2.980083E-14 -3.561793E-14    4.224500E-03  7.977749E-04
 -3.60000000E+03  0.00000000E+00  3.00000000E+01    2.904176E-14 -5.608368E-14    4.109632E-03  7.706560E-04
 -3.50000000E+03  0.00000000E+00  3.00000000E+01    2.627721E-14 -9.246702E-14    3.995077E-03  7.442563E-04
 -3.40000000E+03  0.00000000E+00  3.00000000E+01    2.500289E-14 -1.084785E-14    3.880849E-03  7.186069E-04
 -3.30000000E+03  0.00000000E+00  3.00000000E+01    4.316279E-14 -1.502300E-14    3.766906E-03  6.936272E-04
 -3.20000000E+03  0.00000000E+00  3.00000000E+01   -8.717527E-16 -1.791317E-14    3.653250E-03  6.693423E-04
 -3.10000000E+03  0.00000000E+00  3.00000000E+01   -2.052475E-15 -1.787985E-14    3.539850E-03  6.456772E-04
 -3.00000000E+03  0.00000000E+00  3.00000000E+01    5.980816E-15 -2.692269E-14    3.426714E-03  6.226542E-04
 -2.90000000E+03  0.00000000E+00  3.00000000E+01    6.424284E-15  2.724361E-14    3.313806E-03  6.002004E-04
 -2.80000000E+03  0.00000000E+00  3.00000000E+01   -4.530833E-16 -4.072966E-14    3.201124E-03  5.783318E-04
 -2.70000000E+03  0.00000000E+00  3.00000000E+01   -4.259008E-14 -3.011302E-14    3.088642E-03  5.569804E-04
 -2.60000000E+03  0.00000000E+00  3.00000000E+01   -1.003513E-14 -1.600595E-14    2.976364E-03  5.361590E-04
 -2.50000000E+03  0.00000000E+00  3.00000000E+01    2.375042E-15 -9.061889E-15    2.864258E-03  5.158009E-04
 -2.40000000E+03  0.00000000E+00  3.00000000E+01   -2.967631E-15 -2.730073E-14    2.752321E-03  4.959122E-04
 -2.30000000E+03  0.00000000E+00  3.00000000E+01    5.077563E-16 -3.403837E-14    2.640530E-03  4.764308E-04
 -2.20000000E+03  0.00000000E+00  3.00000000E+01   -6.910023E-15  6.837956E-15    2.528885E-03  4.573573E-04
 -2.10000000E+03  0.00000000E+00  3.00000000E+01    3.448167E-14 -3.796004E-14    2.417360E-03  4.386309E-04
 -2.00000000E+03  0.00000000E+00  3.00000000E+01    2.062148E-14 -1.781457E-14    2.305946E-03  4.202432E-04
 -1.90000000E+03  0.00000000E+00  3.00000000E+01    1.160370E-16 -1.118969E-14    2.194622E-03  4.021364E-04
 -1.80000000E+03  0.00000000E+00  3.00000000E+01    6.747639E-15  2.380631E-15    2.083383E-03  3.842938E-04
 -1.70000000E+03  0.00000000E+00  3.00000000E+01    4.535944E-15  6.399635E-17    1.972201E-03  3.666565E-04
 -1.60000000E+03  0.00000000E+00  3.00000000E+01    3.766621E-15 -2.710728E-14    1.861053E-03  3.491930E-04
 -1.50000000E+03  0.00000000E+00  3.00000000E+01    1.135939E-14 -4.367557E-15    1.749915E-03  3.318437E-04
 -1.40000000E+03  0.00000000E+00  3.00000000E+01    6.816720E-15 -4.410355E-15    1.638754E-03  3.145582E-04
 -1.30000000E+03  0.00000000E+00  3.00000000E+01    2.252863E-15  4.907119E-17    1.527526E-03  2.972690E-04
 -1.20000000E+03  0.00000000E+00  3.00000000E+01    1.384484E-14 -1.786074E-14    1.416160E-03  2.798937E-04
 -1.10000000E+03  0.00000000E+00  3.00000000E+01    2.511417E-14 -1.770784E-14    1.304595E-03  2.623520E-04
 -1.00000000E+03  0.00000000E+00  3.00000000E+01    1.122385E-14  4.718826E-15    1.192708E-03  2.445136E-04
 -9.00000000E+02  0.00000000E+00  3.00000000E+01    1.162575E-14 -2.243118E-14    1.080390E-03  2.262703E-04
 -8.00000000E+02  0.00000000E+00  3.00000000E+01    5.558320E-15  4.631919E-15    9.674129E-04  2.074100E-04
 -7.00000000E+02  0.00000000E+00  3.00000000E+01    1.159168E-14 -2.018847E-14    8.536019E-04  1.877752E-04
 -6.00000000E+02  0.00000000E+00  3.00000000E+01    2.051816E-14 -1.101430E-14    7.385603E-04  1.670129E-04
 -5.00000000E+02  0.00000000E+00  3.00000000E+01    2.311760E-14 -3.360166E-14    6.219825E-04  1.448664E-04
 -4.00000000E+02  0.00000000E+00  3.00000000E+01    2.171008E-14 -1.552191E-14    5.031876E-04  1.207536E-04
 -3.00000000E+02  0.00000000E+00  3.00000000E+01   -1.832639E-15 -2.944135E-14    3.817881E-04  9.435787E-05
 -2.00000000E+02  0.00000000E+00  3.00000000E+01   -4.633673E-14 -2.930490E-15    2.571248E-04  6.513198E-05
 -1.00000000E+02  0.00000000E+00  3.00000000E+01    4.773502E-14 -1.514633E-14    1.295600E-04  3.341597E-05
  0.00000000E+00  0.00000000E+00  3.00000000E+01   -4.850661E-14 -9.751861E-15   -1.430837E-10 -1.220312E-10
  1.00000000E+02  0.00000000E+00  3.00000000E+01    3.016488E-14 -5.160853E-14   -1.295602E-04 -3.341620E-05
  2.00000000E+02  0.00000000E+00  3.00000000E+01    1.573447E-14  7.015041E-15   -2.571250E-04 -6.513217E-05
  3.00000000E+02  0.00000000E+00  3.00000000E+01   -2.720217E-14  4.127879E-15   -3.817883E-04 -9.435800E-05
  4.00000000E+02  0.00000000E+00  3.00000000E+01    9.390097E-15 -2.250024E-14   -5.031877E-04 -1.207536E-04
  5.00000000E+02  0.00000000E+00  3.00000000E+01    1.401633E-14 -2.922165E-14   -6.219826E-04 -1.448664E-04
  6.00000000E+02  0.00000000E+00  3.00000000E+01   -3.008421E-15 -2.495549E-14   -7.385603E-04 -1.670129E-04
  7.00000000E+02  0.00000000E+00  3.00000000E+01   -8.422464E-18  2.236624E-15   -8.536018E-04 -1.877752E-04
  8.00000000E+02  0.00000000E+00  3.00000000E+01   -1.225747E-14 -1.151801E-14   -9.674129E-04 -2.074100E-04
  9.00000000E+02  0.00000000E+00  3.00000000E+01    4.651777E-15 -6.753497E-15   -1.080390E-03 -2.262702E-04
  1.00000000E+03  0.00000000E+00  3.00000000E+01   -7.065575E-15  2.022510E-14   -1.192708E-03 -2.445136E-04
  1.10000000E+03  0.00000000E+00  3.00000000E+01   -2.755178E-14  2.672941E-14   -1.304595E-03 -2.623520E-04
  1.20000000E+03  0.00000000E+00  3.00000000E+01   -1.037135E-14  1.340819E-14   -1.416160E-03 -2.798937E-04
  1.30000000E+03  0.00000000E+00  3.00000000E+01   -2.059119E-14  1.778510E-14   -1.527526E-03 -2.972690E-04
  1.40000000E+03  0.00000000E+00  3.00000000E+01    1.715855E-14 -8.828630E-15   -1.638754E-03 -3.145581E-04
  1.50000000E+03  0.00000000E+00  3.00000000E+01    2.259035E-14  4.830470E-15   -1.749915E-03 -3.318436E-04
  1.60000000E+03  0.00000000E+00  3.00000000E+01    2.878628E-14 -3.131540E-14   -1.861053E-03 -3.491930E-04
  1.70000000E+03  0.00000000E+00  3.00000000E+01    2.967104E-14 -1.542491E-14   -1.972200E-03 -3.666565E-04
  1.80000000E+03  0.00000000E+00  3.00000000E+01    4.343386E-15  1.362665E-14   -2.083383E-03 -3.842938E-04
  1.90000000E+03  0.00000000E+00  3.00000000E+01    2.325531E-15 -2.311055E-15   -2.194622E-03 -4.021364E-04
  2.00000000E+03  0.00000000E+00  3.00000000E+01    5.573095E-15  9.014158E-15   -2.305946E-03 -4.202432E-04
  2.10000000E+03  0.00000000E+00  3.00000000E+01    1.227356E-14 -6.109062E-14   -2.417360E-03 -4.386308E-04
  2.20000000E+03  0.00000000E+00  3.00000000E+01    2.211272E-14 -4.050383E-14   -2.528885E-03 -4.573572E-04
  2.30000000E+03  0.00000000E+00  3.00000000E+01    2.314360E-14 -3.140921E-14   -2.640530E-03 -4.764308E-04
  2.40000000E+03  0.00000000E+00  3.00000000E+01    2.260461E-14  2.598362E-15   -2.752321E-03 -4.959122E-04
  2.50000000E+03  0.00000000E+00  3.00000000E+01   -6.864202E-15  4.436956E-15   -2.864258E-03 -5.158009E-04
  2.60000000E+03  0.00000000E+00  3.00000000E+01    7.925594E-15  3.426670E-17   -2.976364E-03 -5.361589E-04
  2.70000000E+03  0.00000000E+00  3.00000000E+01    2.596394E-15 -3.169940E-14   -3.088642E-03 -5.569804E-04
  2.80000000E+03  0.00000000E+00  3.00000000E+01   -1.267859E-14  8.907637E-15   -3.201124E-03 -5.783318E-04
  2.90000000E+03  0.00000000E+00  3.00000000E+01   -4.293143E-15 -2.036633E-14   -3.313806E-03 -6.002004E-04
  3.00000000E+03  0.00000000E+00  3.00000000E+01    7.179477E-15 -2.711768E-14   -3.426714E-03 -6.226542E-04
  3.10000000E+03  0.00000000E+00  3.00000000E+01    1.948945E-14 -9.488201E-14   -3.539850E-03 -6.456772E-04
  3.20000000E+03  0.00000000E+00  3.00000000E+01    8.819424E-15  1.363407E-14   -3.653250E-03 -6.693423E-04
  3.30000000E+03  0.00000000E+00  3.00000000E+01   -2.057846E-14  8.681342E-15   -3.766906E-03 -6.936272E-04
  3.40000000E+03  0.00000000E+00  3.00000000E+01   -4.347839E-15 -1.609764E-14   -3.880849E-03 -7.186069E-04
  3.50000000E+03  0.00000000E+00  3.00000000E+01   -1.306017E-14 -3.214602E-14   -3.995077E-03 -7.442563E-04
  3.60000000E+03  0.00000000E+00  3.00000000E+01   -9.568219E-15 -2.994970E-14   -4.109632E-03 -7.706560E-04
  3.70000000E+03  0.00000000E+00  3.00000000E+01   -1.842885E-14  2.902812E-14   -4.224500E-03 -7.977749E-04
  3.80000000E+03  0.00000000E+00  3.00000000E+01   -3.262469E-14 -9.602229E-15   -4.339719E-03 -8.256956E-04
  3.90000000E+03  0.00000000E+00  3.00000000E+01   -2.689473E-14 -1.423283E-14   -4.455282E-03 -8.543851E-04
  4.00000000E+03  0.00000000E+00  3.00000000E+01   -1.342594E-14 -7.319688E-15   -4.571234E-03 -8.839314E-04
  4.10000000E+03  0.00000000E+00  3.00000000E+01    6.757192E-15 -2.242553E-15   -4.687559E-03 -9.142960E-04
  4.20000000E+03  0.00000000E+00  3.00000000E+01    7.012642E-15 -1.374022E-14   -4.804298E-03 -9.455692E-04
  4.30000000E+03  0.00000000E+00  3.00000000E+01    5.547305E-15 -5.887792E-14   -4.921440E-03 -9.777103E-04
  4.40000000E+03  0.00000000E+00  3.00000000E+01   -6.637072E-15  4.376746E-15   -5.039035E-03 -1.010816E-03
  4.50000000E+03  0.00000000E+00  3.00000000E+01    7.695256E-15 -4.974855E-14   -5.157063E-03 -1.044840E-03
  4.60000000E+03  0.00000000E+00  3.00000000E+01    3.125059E-14 -3.403725E-14   -5.275569E-03 -1.079882E-03
  4.70000000E+03  0.00000000E+00  3.00000000E+01    2.522595E-14 -1.580503E-14   -5.394537E-03 -1.115892E-03
  4.80000000E+03  0.00000000E+00  3.00000000E+01    2.607966E-14 -1.982016E-15   -5.514024E-03 -1.152978E-03
  4.90000000E+03  0.00000000E+00  3.00000000E+01    8.919415E-15  6.802695E-15   -5.634004E-03 -1.191086E-03
  5.00000000E+03  0.00000000E+00  3.00000000E+01    1.903115E-14  8.873068E-15   -5.754529E-03 -1.230323E-03
  5.10000000E+03  0.00000000E+00  3.00000000E+01    2.442087E-14  1.890898E-14   -5.875578E-03 -1.270634E-03
  5.20000000E+03  0.00000000E+00  3.00000000E+01    1.173080E-14 -4.228429E-14   -5.997212E-03 -1.312136E-03
  5.30000000E+03  0.00000000E+00  3.00000000E+01   -2.053337E-15 -2.238462E-14   -6.119403E-03 -1.354768E-03
  5.40000000E+03  0.00000000E+00  3.00000000E+01   -1.944543E-14 -9.060861E-17   -6.242206E-03 -1.398647E-03
  5.50000000E+03  0.00000000E+00  3.00000000E+01    1.687998E-14 -6.820568E-14   -6.365599E-03 -1.443713E-03
  5.60000000E+03  0.00000000E+00  3.00000000E+01   -1.735201E-14  1.118736E-13   -6.489649E-03 -1.490091E-03
  5.70000000E+03  0.00000000E+00  3.00000000E+01   -4.181924E-15 -2.298937E-14   -6.614323E-03 -1.537714E-03
  5.80000000E+03  0.00000000E+00  3.00000000E+01    7.932440E-15 -6.690835E-15   -6.739685E-03 -1.586712E-03
  5.90000000E+03  0.00000000E+00  3.00000000E+01    9.263963E-15 -2.017387E-14   -6.865708E-03 -1.637016E-03
  6.00000000E+03  0.00000000E+00  3.00000000E+01   -3.473098E-15 -8.339979E-15   -6.992466E-03 -1.688764E-03
  6.10000000E+03  0.00000000E+00  3.00000000E+01   -1.434733E-14  3.047629E-14   -7.119924E-03 -1.741884E-03
  6.20000000E+03  0.00000000E+00  3.00000000E+01   -1.240429E-14 -3.466005E-14   -7.248153E-03 -1.796516E-03
  6.30000000E+03  0.00000000E+00  3.00000000E+01   -2.282840E-14  1.182440E-14   -7.377124E-03 -1.852587E-03
  6.40000000E+03  0.00000000E+00  3.00000000E+01    7.193258E-15  6.968462E-14   -7.506920E-03 -1.910248E-03
  6.50000000E+03  0.00000000E+00  3.00000000E+01    3.085562E-15 -2.837956E-14   -7.637503E-03 -1.969420E-03
  6.60000000E+03  0.00000000E+00  3.00000000E+01   -4.223915E-15  1.031077E-14   -7.768953E-03 -2.030259E-03
  6.70000000E+03  0.00000000E+00  3.00000000E+01   -1.918196E-14  6.759631E-14   -7.901239E-03 -2.092685E-03
  6.80000000E+03  0.00000000E+00  3.00000000E+01    1.265102E-14 -1.823244E-14   -8.034456E-03 -2.156866E-03
  6.90000000E+03  0.00000000E+00  3.00000000E+01   -1.092057E-14 -1.445899E-14   -8.168562E-03 -2.222716E-03
  7.00000000E+03  0.00000000E+00  3.00000000E+01    3.511483E-15 -1.547839E-14   -8.303652E-03 -2.290409E-03
  7.10000000E+03  0.00000000E+00  3.00000000E+01    1.647716E-14 -6.003291E-14   -8.439691E-03 -2.359860E-03
  7.20000000E+03  0.00000000E+00  3.00000000E+01    1.424141E-14  1.065850E-14   -8.576790E-03 -2.431256E-03
  7.30000000E+03  0.00000000E+00  3.00000000E+01    9.288946E-15 -3.525239E-14   -8.714903E-03 -2.504507E-03
  7.40000000E+03  0.00000000E+00  3.00000000E+01   -3.096612E-15 -1.002737E-15   -8.854144E-03 -2.579807E-03
  7.50000000E+03  0.00000000E+00  3.00000000E+01   -5.427464E-15 -9.760369E-14   -8.994473E-03 -2.657066E-03
  7.60000000E+03  0.00000000E+00  3.00000000E+01    3.088364E-15 -1.023150E-14   -9.136022E-03 -2.736497E-03
  7.70000000E+03  0.00000000E+00  3.00000000E+01    2.414577E-14 -1.063123E-13   -9.278745E-03 -2.818004E-03
  7.80000000E+03  0.00000000E+00  3.00000000E+01    8.349509E-15  1.634541E-14   -9.422774E-03 -2.901808E-03
  7.90000000E+03  0.00000000E+00  3.00000000E+01   -6.316331E-15 -6.744214E-14   -9.568070E-03 -2.987817E-03
  8.00000000E+03  0.00000000E+00  3.00000000E+01   -1.816611E-15  7.554892E-14   -9.714790E-03 -3.076274E-03
  8.10000000E+03  0.00000000E+00  3.00000000E+01   -2.322584E-15 -4.582609E-14   -9.862886E-03 -3.167081E-03
  8.20000000E+03  0.00000000E+00  3.00000000E+01    3.165845E-16  1.929802E-14   -1.001252E-02 -3.260497E-03
  8.30000000E+03  0.00000000E+00  3.00000000E+01    1.587432E-15 -2.147815E-14   -1.016366E-02 -3.356425E-03
  8.40000000E+03  0.00000000E+00  3.00000000E+01    9.791406E-15 -5.386470E-14   -1.031648E-02 -3.455155E-03
  8.50000000E+03  0.00000000E+00  3.00000000E+01    5.408313E-16  1.113430E-13   -1.047095E-02 -3.556587E-03
  8.60000000E+03  0.00000000E+00  3.00000000E+01   -2.783089E-16  6.922686E-15   -1.062726E-02 -3.661029E-03
  8.70000000E+03  0.00000000E+00  3.00000000E+01    1.307268E-14 -3.656922E-15   -1.078538E-02 -3.768391E-03
  8.80000000E+03  0.00000000E+00  3.00000000E+01   -1.727098E-14 -1.759892E-14   -1.094556E-02 -3.879022E-03
  8.90000000E+03  0.00000000E+00  3.00000000E+01   -2.041680E-14  1.547117E-14   -1.110774E-02 -3.992829E-03
  9.00000000E+03  0.00000000E+00  3.00000000E+01   -1.137419E-14 -6.068956E-14   -1.127218E-02 -4.110197E-03
  9.10000000E+03  0.00000000E+00  3.00000000E+01   -9.230132E-15 -1.329208E-13   -1.143887E-02 -4.231046E-03
  9.20000000E+03  0.00000000E+00  3.00000000E+01   -7.772470E-15 -1.622166E-14   -1.160810E-02 -4.355822E-03
  9.30000000E+03  0.00000000E+00  3.00000000E+01   -9.987601E-15  8.798496E-14   -1.177986E-02 -4.484449E-03
  9.40000000E+03  0.00000000E+00  3.00000000E+01   -6.731759E-15  1.332923E-14   -1.195448E-02 -4.617428E-03
  9.50000000E+03  0.00000000E+00  3.00000000E+01   -1.154570E-14  1.458293E-13   -1.213196E-02 -4.754702E-03
  9.60000000E+03  0.00000000E+00  3.00000000E+01    1.251218E-15 -2.335557E-15   -1.231267E-02 -4.896843E-03
  9.70000000E+03  0.00000000E+00  3.00000000E+01    9.016165E-15 -1.324005E-14   -1.249653E-02 -5.043759E-03
  9.80000000E+03  0.00000000E+00  3.00000000E+01   -2.814787E-14 -9.739617E-14   -1.268377E-02 -5.195945E-03
  9.90000000E+03  0.00000000E+00  3.00000000E+01   -1.783747E-14 -1.252358E-13   -1.287375E-02 -5.352924E-03
  1.00000000E+04  0.00000000E+00  3.00000000E+01   -8.866652E-15  1.642995E-14   -1.306450E-02 -5.513615E-03
  1.05000000E+04  0.00000000E+00  3.00000000E+01    2.481032E-14  2.462044E-14   -1.413372E-02 -6.459483E-03
 
