 -1.05000000E+04  0.00000000E+00  3.00000000E+01    3.187425E-04  1.183450E-03   -2.435086E-18 -3.309302E-18    9.104902E-06  1.397191E-05
 -1.00000000E+04  0.00000000E+00  3.00000000E+01    3.192019E-04  1.195415E-03    4.340735E-18 -1.666329E-18    8.523699E-06  8.987617E-06
 -9.90000000E+03  0.00000000E+00  3.00000000E+01    3.193462E-04  1.197374E-03   -6.825618E-18 -3.171929E-19    8.335419E-06  8.241072E-06
 -9.80000000E+03  0.00000000E+00  3.00000000E+01    3.195075E-04  1.199231E-03   -4.429455E-18 -3.872993E-18    8.130174E-06  7.542845E-06
 -9.70000000E+03  0.00000000E+00  3.00000000E+01    3.196854E-04  1.200985E-03    2.410338E-18  2.539859E-19    7.913011E-06  6.894282E-06
 -9.60000000E+03  0.00000000E+00  3.00000000E+01    3.198778E-04  1.202649E-03   -3.392916E-18  1.884843E-20    7.686159E-06  6.298303E-06
 -9.50000000E+03  0.00000000E+00  3.00000000E+01    3.200848E-04  1.204226E-03   -5.649875E-18 -8.852555E-18    7.452922E-06  5.748298E-06
 -9.40000000E+03  0.00000000E+00  3.00000000E+01    3.203045E-04  1.205727E-03   -1.804272E-18 -3.385835E-18    7.215169E-06  5.244897E-06
 -9.30000000E+03  0.00000000E+00  3.00000000E+01    3.205367E-04  1.207152E-03   -3.738751E-18  1.165193E-18    6.975183E-06  4.781522E-06
 -9.20000000E+03  0.00000000E+00  3.00000000E+01    3.207794E-04  1.208511E-03    2.176656E-18 -1.163528E-18    6.734600E-06  4.358384E-06
 -9.10000000E+03  0.00000000E+00  3.00000000E+01    3.210324E-04  1.209803E-03   -5.096547E-18  1.051869E-18    6.494939E-06  3.969688E-06
 -9.00000000E+03  0.00000000E+00  3.00000000E+01    3.212938E-04  1.211038E-03    6.216780E-18 -3.229985E-18    6.257650E-06  3.615544E-06
 -8.90000000E+03  0.00000000E+00  3.00000000E+01    3.215631E-04  1.212213E-03    1.887827E-19 -4.764311E-18    6.023621E-06  3.290869E-06
 -8.80000000E+03  0.00000000E+00  3.00000000E+01    3.218387E-04  1.213337E-03   -6.225841E-18 -1.040690E-18    5.794098E-06  2.995664E-06
 -8.70000000E+03  0.00000000E+00  3.00000000E+01    3.221200E-04  1.214408E-03   -2.546712E-18 -8.558535E-19    5.569494E-06  2.725552E-06
 -8.60000000E+03  0.00000000E+00  3.00000000E+01    3.224056E-04  1.215432E-03   -3.061988E-18 -8.372125E-19    5.350884E-06  2.480485E-06
 -8.50000000E+03  0.00000000E+00  3.00000000E+01    3.226949E-04  1.216409E-03    1.213379E-17  4.942188E-19    5.138294E-06  2.256672E-06
 -8.40000000E+03  0.00000000E+00  3.00000000E+01    3.229866E-04  1.217344E-03   -8.186017E-18 -5.473934E-18    4.932622E-06  2.054001E-06
 -8.30000000E+03  0.00000000E+00  3.00000000E+01    3.232801E-04  1.218236E-03    6.268385E-18  5.310427E-18    4.733622E-06  1.869238E-06
 -8.20000000E+03  0.00000000E+00  3.00000000E+01    3.235745E-04  1.219091E-03   -5.253241E-18 -1.612177E-18    4.542060E-06  1.702258E-06
 -8.10000000E+03  0.00000000E+00  3.00000000E+01    3.238690E-04  1.219907E-03    5.031380E-18 -2.384911E-18    4.357472E-06  1.550291E-06
 -8.00000000E+03  0.00000000E+00  3.00000000E+01    3.241631E-04  1.220688E-03    1.268288E-17  1.638471E-18    4.180488E-06  1.413185E-06
 -7.90000000E+03  0.00000000E+00  3.00000000E+01    3.244559E-04  1.221434E-03    6.461031E-19 -9.829022E-18    4.010520E-06  1.288606E-06
 -7.80000000E+03  0.00000000E+00  3.00000000E+01    3.247470E-04  1.222149E-03   -1.613821E-19 -1.234938E-18    3.848094E-06  1.176411E-06
 -7.70000000E+03  0.00000000E+00  3.00000000E+01    3.250358E-04  1.222833E-03   -6.191169E-18 -2.509202E-18    3.692531E-06  1.074627E-06
 -7.60000000E+03  0.00000000E+00  3.00000000E+01    3.253219E-04  1.223488E-03    9.242258E-18 -1.390712E-18    3.544255E-06  9.831080E-07
 -7.50000000E+03  0.00000000E+00  3.00000000E+01    3.256047E-04  1.224114E-03    9.269613E-18  7.181547E-18    3.402554E-06  9.002134E-07
 -7.40000000E+03  0.00000000E+00  3.00000000E+01    3.258841E-04  1.224715E-03   -2.971118E-18 -1.663085E-18    3.267786E-06  8.258198E-07
 -7.30000000E+03  0.00000000E+00  3.00000000E+01    3.261594E-04  1.225290E-03   -1.114154E-18  2.729739E-18    3.139218E-06  7.585544E-07
 -7.20000000E+03  0.00000000E+00  3.00000000E+01    3.264307E-04  1.225842E-03   -2.790431E-18 -5.305125E-19    3.017136E-06  6.983067E-07
 -7.10000000E+03  0.00000000E+00  3.00000000E+01    3.266973E-04  1.226370E-03    4.180941E-18  2.710218E-19    2.900830E-06  6.439484E-07
 -7.00000000E+03  0.00000000E+00  3.00000000E+01    3.269594E-04  1.226877E-03   -1.246973E-17 -5.950994E-18    2.790540E-06  5.953940E-07
 -6.90000000E+03  0.00000000E+00  3.00000000E+01    3.272165E-04  1.227362E-03   -4.611572E-18 -4.802850E-18    2.685578E-06  5.517110E-07
 -6.80000000E+03  0.00000000E+00  3.00000000E+01    3.274687E-04  1.227828E-03   -2.716426E-18  9.832415E-19    2.586137E-06  5.128312E-07
 -6.70000000E+03  0.00000000E+00  3.00000000E+01    3.277156E-04  1.228275E-03    9.044728E-19  2.000955E-18    2.491572E-06  4.779948E-07
 -6.60000000E+03  0.00000000E+00  3.00000000E+01    3.279574E-04  1.228704E-03   -5.090890E-19  2.390741E-18    2.402052E-06  4.471604E-07
 -6.50000000E+03  0.00000000E+00  3.00000000E+01    3.281936E-04  1.229116E-03   -6.137372E-18 -1.296991E-18    2.316968E-06  4.197031E-07
 -6.40000000E+03  0.00000000E+00  3.00000000E+01    3.284246E-04  1.229511E-03   -2.424566E-18  4.725260E-19    2.236458E-06  3.955997E-07
 -6.30000000E+03  0.00000000E+00  3.00000000E+01    3.286498E-04  1.229891E-03   -2.013641E-18 -1.774109E-18    2.159964E-06  3.743446E-07
 -6.20000000E+03  0.00000000E+00  3.00000000E+01    3.288698E-04  1.230255E-03   -3.642087E-18  2.812778E-18    2.087608E-06  3.559378E-07
 -6.10000000E+03  0.00000000E+00  3.00000000E+01    3.290840E-04  1.230605E-03    4.956242E-18  8.432049E-18    2.018874E-06  3.399645E-07
 -6.00000000E+03  0.00000000E+00  3.00000000E+01    3.292928E-04  1.230942E-03   -1.794588E-18  5.225895E-18    1.953860E-06  3.264411E-07
 -5.90000000E+03  0.00000000E+00  3.00000000E+01    3.294959E-04  1.231264E-03    4.042548E-18 -1.002091E-18    1.892100E-06  3.150311E-07
 -5.80000000E+03  0.00000000E+00  3.00000000E+01    3.296937E-04  1.231575E-03   -4.096119E-19  8.622336E-18    1.833679E-06  3.057706E-07
 -5.70000000E+03  0.00000000E+00  3.00000000E+01    3.298857E-04  1.231872E-03   -9.371466E-18  2.026331E-18    1.778170E-06  2.983803E-07
 -5.60000000E+03  0.00000000E+00  3.00000000E+01    3.300724E-04  1.232159E-03    2.880712E-19  4.586772E-18    1.725637E-06  2.929106E-07
 -5.50000000E+03  0.00000000E+00  3.00000000E+01    3.302535E-04  1.232433E-03    4.291118E-19  2.188471E-18    1.675696E-06  2.891311E-07
 -5.40000000E+03  0.00000000E+00  3.00000000E+01    3.304293E-04  1.232696E-03    4.153616E-18  6.159228E-18    1.628399E-06  2.871058E-07
 -5.30000000E+03  0.00000000E+00  3.00000000E+01    3.305996E-04  1.232948E-03    1.911343E-18 -2.632961E-18    1.583395E-06  2.866387E-07
 -5.20000000E+03  0.00000000E+00  3.00000000E+01    3.307648E-04  1.233190E-03    3.839745E-18  2.040447E-18    1.540714E-06  2.878035E-07
 -5.10000000E+03  0.00000000E+00  3.00000000E+01    3.309245E-04  1.233421E-03    2.691260E-18  4.584393E-18    1.500040E-06  2.904310E-07
 -5.00000000E+03  0.00000000E+00  3.00000000E+01    3.310792E-04  1.233642E-03    3.152140E-18  1.412693E-17    1.461392E-06  2.946030E-07
 -4.90000000E+03  0.00000000E+00  3.00000000E+01    3.312286E-04  1.233853E-03   -1.552304E-18  4.635792E-18    1.424476E-06  3.001674E-07
 -4.80000000E+03  0.00000000E+00  3.00000000E+01    3.313732E-04  1.234055E-03    5.552306E-18  1.049819E-17    1.389291E-06  3.072087E-07
 -4.70000000E+03  0.00000000E+00  3.00000000E+01    3.315126E-04  1.234246E-03   -4.118743E-18  3.427981E-18    1.355572E-06  3.155865E-07
 -4.60000000E+03  0.00000000E+00  3.00000000E+01    3.316473E-04  1.234428E-03    6.110894E-18  9.055514E-18    1.323300E-06  3.253842E-07
 -4.50000000E+03  0.00000000E+00  3.00000000E+01    3.317771E-04  1.234600E-03    3.973515E-18  8.098698E-18    1.292234E-06  3.364664E-07
 -4.40000000E+03  0.00000000E+00  3.00000000E+01    3.319025E-04  1.234763E-03    3.375243E-18  4.370955E-18    1.262330E-06  3.489102E-07
 -4.30000000E+03  0.00000000E+00  3.00000000E+01    3.320231E-04  1.234916E-03    2.255577E-17  1.362244E-17    1.233373E-06  3.625807E-07
 -4.20000000E+03  0.00000000E+00  3.00000000E+01    3.321396E-04  1.235060E-03    1.962595E-17  1.169985E-17    1.205304E-06  3.775427E-07
 -4.10000000E+03  0.00000000E+00  3.00000000E+01    3.322517E-04  1.235194E-03    8.754251E-20  6.870267E-18    1.177927E-06  3.936576E-07
 -4.00000000E+03  0.00000000E+00  3.00000000E+01    3.323598E-04  1.235318E-03   -1.146400E-18  6.813558E-18    1.151161E-06  4.109724E-07
 -3.90000000E+03  0.00000000E+00  3.00000000E+01    3.324640E-04  1.235432E-03    3.447742E-18  4.110309E-18    1.124839E-06  4.293417E-07
 -3.80000000E+03  0.00000000E+00  3.00000000E+01    3.325646E-04  1.235536E-03   -2.950592E-18  4.021333E-18    1.098865E-06  4.487869E-07
 -3.70000000E+03  0.00000000E+00  3.00000000E+01    3.326616E-04  1.235630E-03    4.764598E-18  1.343257E-17    1.073097E-06  4.691550E-07
 -3.60000000E+03  0.00000000E+00  3.00000000E+01    3.327555E-04  1.235714E-03    7.039226E-18  7.209380E-18    1.047426E-06  4.904361E-07
 -3.50000000E+03  0.00000000E+00  3.00000000E+01    3.328463E-04  1.235787E-03    3.237978E-18  7.537038E-18    1.021739E-06  5.124683E-07
 -3.40000000E+03  0.00000000E+00  3.00000000E+01    3.329345E-04  1.235850E-03   -1.359479E-17  7.642740E-20    9.959285E-07  5.352021E-07
 -3.30000000E+03  0.00000000E+00  3.00000000E+01    3.330202E-04  1.235902E-03   -9.573335E-18  3.523842E-18    9.699095E-07  5.584694E-07
 -3.20000000E+03  0.00000000E+00  3.00000000E+01    3.331039E-04  1.235943E-03    4.515992E-18  8.071139E-18    9.435757E-07  5.821773E-07
 -3.10000000E+03  0.00000000E+00  3.00000000E+01    3.331857E-04  1.235973E-03    1.392424E-17  6.867811E-18    9.168823E-07  6.061525E-07
 -3.00000000E+03  0.00000000E+00  3.00000000E+01    3.332663E-04  1.235991E-03    1.576844E-18  6.886309E-18    8.897392E-07  6.302524E-07
 -2.90000000E+03  0.00000000E+00  3.00000000E+01    3.333458E-04  1.235997E-03   -2.514455E-18  7.865002E-18    8.621389E-07  6.543047E-07
 -2.80000000E+03  0.00000000E+00  3.00000000E+01    3.334246E-04  1.235992E-03   -1.340834E-17  2.515308E-18    8.340163E-07  6.781164E-07
 -2.70000000E+03  0.00000000E+00  3.00000000E+01    3.335032E-04  1.235975E-03    1.212226E-17 -1.073500E-18    8.054071E-07  7.015205E-07
 -2.60000000E+03  0.00000000E+00  3.00000000E+01    3.335820E-04  1.235946E-03   -8.682987E-20 -1.958009E-19    7.762885E-07  7.242710E-07
 -2.50000000E+03  0.00000000E+00  3.00000000E+01    3.336614E-04  1.235904E-03   -3.573568E-18  4.100022E-18    7.467347E-07  7.462154E-07
 -2.40000000E+03  0.00000000E+00  3.00000000E+01    3.337417E-04  1.235850E-03   -4.049539E-18  8.761865E-19    7.167725E-07  7.670585E-07
 -2.30000000E+03  0.00000000E+00  3.00000000E+01    3.338234E-04  1.235783E-03   -7.195671E-18 -1.264208E-18    6.865153E-07  7.866679E-07
 -2.20000000E+03  0.00000000E+00  3.00000000E+01    3.339068E-04  1.235704E-03   -3.652502E-18  2.567060E-18    6.560515E-07  8.047008E-07
 -2.10000000E+03  0.00000000E+00  3.00000000E+01    3.339923E-04  1.235612E-03    2.446713E-18  4.363494E-18    6.255194E-07  8.210542E-07
 -2.00000000E+03  0.00000000E+00  3.00000000E+01    3.340799E-04  1.235507E-03    9.002519E-18  5.084067E-18    5.950655E-07  8.353424E-07
 -1.90000000E+03  0.00000000E+00  3.00000000E+01    3.341701E-04  1.235390E-03    4.098402E-18  1.798412E-18    5.648394E-07  8.474952E-07
 -1.80000000E+03  0.00000000E+00  3.00000000E+01    3.342628E-04  1.235261E-03   -1.216827E-18  1.150513E-18    5.350374E-07  8.570847E-07
 -1.70000000E+03  0.00000000E+00  3.00000000E+01    3.343581E-04  1.235120E-03   -2.181483E-18  5.360315E-18    5.057874E-07  8.640741E-07
 -1.60000000E+03  0.00000000E+00  3.00000000E+01    3.344556E-04  1.234967E-03   -4.680248E-18  1.181398E-18    4.772971E-07  8.679866E-07
 -1.50000000E+03  0.00000000E+00  3.00000000E+01    3.345552E-04  1.234804E-03   -3.553148E-18  3.919596E-18    4.496352E-07  8.688090E-07
 -1.40000000E+03  0.00000000E+00  3.00000000E+01    3.346562E-04  1.234630E-03    7.085822E-18  7.806773E-18    4.229628E-07  8.659940E-07
 -1.30000000E+03  0.00000000E+00  3.00000000E+01    3.347580E-04  1.234446E-03   -4.614103E-19  2.870960E-18    3.972296E-07  8.595257E-07
 -1.20000000E+03  0.00000000E+00  3.00000000E+01    3.348595E-04  1.234255E-03   -1.336526E-18  6.733274E-18    3.724538E-07  8.487302E-07
 -1.10000000E+03  0.00000000E+00  3.00000000E+01    3.349596E-04  1.234057E-03    3.303610E-18  7.524414E-19    3.484118E-07  8.335356E-07
 -1.00000000E+03  0.00000000E+00  3.00000000E+01    3.350570E-04  1.233853E-03   -1.479019E-17 -3.891743E-18    3.248743E-07  8.130248E-07
 -9.00000000E+02  0.00000000E+00  3.00000000E+01    3.351501E-04  1.233647E-03   -7.069857E-18  5.085783E-19    3.014125E-07  7.869469E-07
 -8.00000000E+02  0.00000000E+00  3.00000000E+01    3.352377E-04  1.233439E-03    1.891504E-18 -5.105146E-18    2.774784E-07  7.538612E-07
 -7.00000000E+02  0.00000000E+00  3.00000000E+01    3.353176E-04  1.233234E-03    2.165845E-18  1.535334E-18    2.525032E-07  7.130566E-07
 -6.00000000E+02  0.00000000E+00  3.00000000E+01    3.353890E-04  1.233033E-03    3.029415E-18  2.784475E-18    2.256826E-07  6.619426E-07
 -5.00000000E+02  0.00000000E+00  3.00000000E+01    3.354499E-04  1.232842E-03   -1.115093E-18 -1.043856E-17    1.964937E-07  5.988056E-07
 -4.00000000E+02  0.00000000E+00  3.00000000E+01    3.355002E-04  1.232664E-03    6.767061E-19 -1.545491E-18    1.640832E-07  5.190551E-07
 -3.00000000E+02  0.00000000E+00  3.00000000E+01    3.355384E-04  1.232509E-03    9.782739E-18 -4.253817E-18    1.282209E-07  4.203123E-07
 -2.00000000E+02  0.00000000E+00  3.00000000E+01    3.355653E-04  1.232384E-03   -3.952230E-18 -4.082220E-19    8.840591E-08  2.982923E-07
 -1.00000000E+02  0.00000000E+00  3.00000000E+01    3.355806E-04  1.232303E-03    7.007408E-18  4.075847E-18    4.529853E-08  1.560098E-07
  0.00000000E+00  0.00000000E+00  3.00000000E+01    3.355858E-04  1.232273E-03    2.237514E-18  1.226255E-18   -5.236324E-13 -7.468665E-13
  1.00000000E+02  0.00000000E+00  3.00000000E+01    3.355806E-04  1.232303E-03    9.773430E-19 -3.092672E-18   -4.529953E-08 -1.560112E-07
  2.00000000E+02  0.00000000E+00  3.00000000E+01    3.355653E-04  1.232384E-03    1.145233E-18  6.513991E-19   -8.840677E-08 -2.982934E-07
  3.00000000E+02  0.00000000E+00  3.00000000E+01    3.355384E-04  1.232509E-03    5.488743E-18  1.500136E-19   -1.282215E-07 -4.203131E-07
  4.00000000E+02  0.00000000E+00  3.00000000E+01    3.355002E-04  1.232664E-03    9.162347E-18  4.163203E-18   -1.640837E-07 -5.190555E-07
  5.00000000E+02  0.00000000E+00  3.00000000E+01    3.354499E-04  1.232842E-03   -6.846067E-18 -3.400974E-18   -1.964940E-07 -5.988057E-07
  6.00000000E+02  0.00000000E+00  3.00000000E+01    3.353890E-04  1.233033E-03    7.691389E-18 -2.677821E-18   -2.256826E-07 -6.619425E-07
  7.00000000E+02  0.00000000E+00  3.00000000E+01    3.353176E-04  1.233234E-03   -2.317060E-18  2.762508E-18   -2.525031E-07 -7.130563E-07
  8.00000000E+02  0.00000000E+00  3.00000000E+01    3.352377E-04  1.233439E-03   -1.383310E-18 -3.203610E-18   -2.774783E-07 -7.538608E-07
  9.00000000E+02  0.00000000E+00  3.00000000E+01    3.351501E-04  1.233647E-03    3.572758E-18  3.298420E-19   -3.014123E-07 -7.869465E-07
  1.00000000E+03  0.00000000E+00  3.00000000E+01    3.350570E-04  1.233853E-03   -1.048185E-17 -7.671054E-18   -3.248741E-07 -8.130243E-07
  1.10000000E+03  0.00000000E+00  3.00000000E+01    3.349596E-04  1.234057E-03    9.065056E-18 -2.284664E-18   -3.484115E-07 -8.335351E-07
  1.20000000E+03  0.00000000E+00  3.00000000E+01    3.348595E-04  1.234255E-03   -4.133161E-18 -2.498249E-18   -3.724535E-07 -8.487299E-07
  1.30000000E+03  0.00000000E+00  3.00000000E+01    3.347580E-04  1.234446E-03   -9.769404E-19 -1.407454E-17   -3.972294E-07 -8.595254E-07
  1.40000000E+03  0.00000000E+00  3.00000000E+01    3.346562E-04  1.234630E-03    7.413872E-19 -5.182596E-18   -4.229626E-07 -8.659937E-07
  1.50000000E+03  0.00000000E+00  3.00000000E+01    3.345552E-04  1.234804E-03   -1.194353E-17 -3.340483E-18   -4.496350E-07 -8.688088E-07
  1.60000000E+03  0.00000000E+00  3.00000000E+01    3.344556E-04  1.234967E-03   -8.195162E-18 -2.510362E-18   -4.772969E-07 -8.679864E-07
  1.70000000E+03  0.00000000E+00  3.00000000E+01    3.343581E-04  1.235120E-03    6.487463E-18 -4.817233E-19   -5.057872E-07 -8.640739E-07
  1.80000000E+03  0.00000000E+00  3.00000000E+01    3.342628E-04  1.235261E-03   -2.733895E-18 -2.707748E-19   -5.350372E-07 -8.570845E-07
  1.90000000E+03  0.00000000E+00  3.00000000E+01    3.341701E-04  1.235390E-03   -4.528707E-18  6.908109E-19   -5.648393E-07 -8.474951E-07
  2.00000000E+03  0.00000000E+00  3.00000000E+01    3.340799E-04  1.235507E-03    5.614340E-19 -1.643651E-18   -5.950654E-07 -8.353423E-07
  2.10000000E+03  0.00000000E+00  3.00000000E+01    3.339923E-04  1.235612E-03    7.566010E-19  1.425642E-18   -6.255193E-07 -8.210541E-07
  2.20000000E+03  0.00000000E+00  3.00000000E+01    3.339068E-04  1.235704E-03    6.775881E-18  1.802992E-18   -6.560514E-07 -8.047007E-07
  2.30000000E+03  0.00000000E+00  3.00000000E+01    3.338234E-04  1.235783E-03    4.549583E-18  1.967314E-18   -6.865152E-07 -7.866678E-07
  2.40000000E+03  0.00000000E+00  3.00000000E+01    3.337417E-04  1.235850E-03   -9.934397E-19 -1.706035E-18   -7.167724E-07 -7.670584E-07
  2.50000000E+03  0.00000000E+00  3.00000000E+01    3.336614E-04  1.235904E-03    1.352508E-17  1.385786E-19   -7.467346E-07 -7.462154E-07
  2.60000000E+03  0.00000000E+00  3.00000000E+01    3.335820E-04  1.235946E-03    3.539416E-18  7.445440E-18   -7.762884E-07 -7.242710E-07
  2.70000000E+03  0.00000000E+00  3.00000000E+01    3.335032E-04  1.235975E-03    1.627160E-17  8.431588E-18   -8.054070E-07 -7.015204E-07
  2.80000000E+03  0.00000000E+00  3.00000000E+01    3.334246E-04  1.235992E-03    1.437031E-17  1.540163E-18   -8.340162E-07 -6.781164E-07
  2.90000000E+03  0.00000000E+00  3.00000000E+01    3.333458E-04  1.235997E-03    4.463542E-18 -1.482813E-18   -8.621389E-07 -6.543047E-07
  3.00000000E+03  0.00000000E+00  3.00000000E+01    3.332663E-04  1.235991E-03    1.466012E-17 -2.018976E-18   -8.897391E-07 -6.302524E-07
  3.10000000E+03  0.00000000E+00  3.00000000E+01    3.331857E-04  1.235973E-03   -6.347306E-18 -2.180562E-18   -9.168822E-07 -6.061525E-07
  3.20000000E+03  0.00000000E+00  3.00000000E+01    3.331039E-04  1.235943E-03    6.628172E-18 -5.840303E-19   -9.435757E-07 -5.821773E-07
  3.30000000E+03  0.00000000E+00  3.00000000E+01    3.330202E-04  1.235902E-03   -4.252969E-18 -1.995759E-18   -9.699094E-07 -5.584694E-07
  3.40000000E+03  0.00000000E+00  3.00000000E+01    3.329345E-04  1.235850E-03    2.263845E-18 -9.771977E-18   -9.959285E-07 -5.352021E-07
  3.50000000E+03  0.00000000E+00  3.00000000E+01    3.328463E-04  1.235787E-03    1.969242E-18 -7.668379E-18   -1.021739E-06 -5.124683E-07
  3.60000000E+03  0.00000000E+00  3.00000000E+01    3.327555E-04  1.235714E-03    6.404840E-18 -1.086152E-18   -1.047426E-06 -4.904361E-07
  3.70000000E+03  0.00000000E+00  3.00000000E+01    3.326616E-04  1.235630E-03   -2.734441E-18 -3.465110E-18   -1.073097E-06 -4.691550E-07
  3.80000000E+03  0.00000000E+00  3.00000000E+01    3.325646E-04  1.235536E-03    4.582784E-18  1.814305E-18   -1.098865E-06 -4.487869E-07
  3.90000000E+03  0.00000000E+00  3.00000000E+01    3.324640E-04  1.235432E-03    5.270830E-18  6.259546E-18   -1.124839E-06 -4.293417E-07
  4.00000000E+03  0.00000000E+00  3.00000000E+01    3.323598E-04  1.235318E-03    3.566821E-18 -1.436428E-18   -1.151161E-06 -4.109724E-07
  4.10000000E+03  0.00000000E+00  3.00000000E+01    3.322517E-04  1.235194E-03   -2.612636E-18 -3.296667E-18   -1.177927E-06 -3.936576E-07
  4.20000000E+03  0.00000000E+00  3.00000000E+01    3.321396E-04  1.235060E-03   -1.426767E-18 -3.308805E-18   -1.205304E-06 -3.775427E-07
  4.30000000E+03  0.00000000E+00  3.00000000E+01    3.320231E-04  1.234916E-03    3.812358E-18  2.088977E-18   -1.233373E-06 -3.625807E-07
  4.40000000E+03  0.00000000E+00  3.00000000E+01    3.319025E-04  1.234763E-03    1.082566E-18  4.802608E-18   -1.262330E-06 -3.489102E-07
  4.50000000E+03  0.00000000E+00  3.00000000E+01    3.317771E-04  1.234600E-03   -4.321117E-18 -6.362272E-18   -1.292234E-06 -3.364664E-07
  4.60000000E+03  0.00000000E+00  3.00000000E+01    3.316473E-04  1.234428E-03    6.767481E-18  7.530119E-20   -1.323300E-06 -3.253842E-07
  4.70000000E+03  0.00000000E+00  3.00000000E+01    3.315126E-04  1.234246E-03    1.650278E-18 -2.694748E-18   -1.355572E-06 -3.155865E-07
  4.80000000E+03  0.00000000E+00  3.00000000E+01    3.313732E-04  1.234055E-03   -1.426831E-17 -8.778523E-18   -1.389291E-06 -3.072087E-07
  4.90000000E+03  0.00000000E+00  3.00000000E+01    3.312286E-04  1.233853E-03    2.689770E-18 -2.434013E-18   -1.424476E-06 -3.001674E-07
  5.00000000E+03  0.00000000E+00  3.00000000E+01    3.310792E-04  1.233642E-03   -9.010955E-18 -8.451220E-18   -1.461392E-06 -2.946030E-07
  5.10000000E+03  0.00000000E+00  3.00000000E+01    3.309245E-04  1.233421E-03   -1.658573E-18 -7.818949E-18   -1.500040E-06 -2.904310E-07
  5.20000000E+03  0.00000000E+00  3.00000000E+01    3.307648E-04  1.233190E-03    1.006135E-18 -6.329183E-18   -1.540714E-06 -2.878035E-07
  5.30000000E+03  0.00000000E+00  3.00000000E+01    3.305996E-04  1.232948E-03   -3.328856E-18  4.273514E-18   -1.583395E-06 -2.866387E-07
  5.40000000E+03  0.00000000E+00  3.00000000E+01    3.304293E-04  1.232696E-03    7.867841E-19 -5.648840E-20   -1.628399E-06 -2.871058E-07
  5.50000000E+03  0.00000000E+00  3.00000000E+01    3.302535E-04  1.232433E-03    1.400070E-17 -4.804067E-18   -1.675696E-06 -2.891311E-07
  5.60000000E+03  0.00000000E+00  3.00000000E+01    3.300724E-04  1.232159E-03    6.816913E-18  2.843721E-18   -1.725637E-06 -2.929106E-07
  5.70000000E+03  0.00000000E+00  3.00000000E+01    3.298857E-04  1.231872E-03    6.580024E-18 -1.177443E-18   -1.778170E-06 -2.983803E-07
  5.80000000E+03  0.00000000E+00  3.00000000E+01    3.296937E-04  1.231575E-03   -2.471345E-20 -1.973073E-18   -1.833679E-06 -3.057706E-07
  5.90000000E+03  0.00000000E+00  3.00000000E+01    3.294959E-04  1.231264E-03   -8.442281E-19  9.449601E-19   -1.892100E-06 -3.150311E-07
  6.00000000E+03  0.00000000E+00  3.00000000E+01    3.292928E-04  1.230942E-03    1.197283E-18 -3.971613E-18   -1.953860E-06 -3.264411E-07
  6.10000000E+03  0.00000000E+00  3.00000000E+01    3.290840E-04  1.230605E-03    8.564843E-18  4.917007E-18   -2.018874E-06 -3.399645E-07
  6.20000000E+03  0.00000000E+00  3.00000000E+01    3.288698E-04  1.230255E-03    3.819276E-18  2.098289E-18   -2.087608E-06 -3.559378E-07
  6.30000000E+03  0.00000000E+00  3.00000000E+01    3.286498E-04  1.229891E-03    4.519204E-19  5.781134E-19   -2.159964E-06 -3.743446E-07
  6.40000000E+03  0.00000000E+00  3.00000000E+01    3.284246E-04  1.229511E-03   -1.820751E-18  2.601860E-18   -2.236458E-06 -3.955997E-07
  6.50000000E+03  0.00000000E+00  3.00000000E+01    3.281936E-04  1.229116E-03    1.587420E-17 -1.581444E-18   -2.316968E-06 -4.197031E-07
  6.60000000E+03  0.00000000E+00  3.00000000E+01    3.279574E-04  1.228704E-03    6.527616E-18  9.030494E-18   -2.402052E-06 -4.471604E-07
  6.70000000E+03  0.00000000E+00  3.00000000E+01    3.277156E-04  1.228275E-03    1.102383E-17  8.834077E-18   -2.491572E-06 -4.779948E-07
  6.80000000E+03  0.00000000E+00  3.00000000E+01    3.274687E-04  1.227828E-03   -1.519096E-18 -3.349492E-18   -2.586137E-06 -5.128312E-07
  6.90000000E+03  0.00000000E+00  3.00000000E+01    3.272165E-04  1.227362E-03   -1.845764E-18 -1.053331E-18   -2.685578E-06 -5.517110E-07
  7.00000000E+03  0.00000000E+00  3.00000000E+01    3.269594E-04  1.226877E-03   -9.829445E-18  6.858143E-19   -2.790540E-06 -5.953940E-07
  7.10000000E+03  0.00000000E+00  3.00000000E+01    3.266973E-04  1.226370E-03   -4.727915E-18 -1.420465E-18   -2.900830E-06 -6.439484E-07
  7.20000000E+03  0.00000000E+00  3.00000000E+01    3.264307E-04  1.225842E-03   -3.673334E-18  1.864129E-18   -3.017136E-06 -6.983067E-07
  7.30000000E+03  0.00000000E+00  3.00000000E+01    3.261594E-04  1.225290E-03    7.256757E-18  5.900283E-18   -3.139218E-06 -7.585544E-07
  7.40000000E+03  0.00000000E+00  3.00000000E+01    3.258841E-04  1.224715E-03   -5.454235E-18  1.509176E-18   -3.267786E-06 -8.258198E-07
  7.50000000E+03  0.00000000E+00  3.00000000E+01    3.256047E-04  1.224114E-03   -8.549789E-18  2.562767E-18   -3.402554E-06 -9.002134E-07
  7.60000000E+03  0.00000000E+00  3.00000000E+01    3.253219E-04  1.223488E-03   -1.152378E-17  1.943179E-18   -3.544255E-06 -9.831080E-07
  7.70000000E+03  0.00000000E+00  3.00000000E+01    3.250358E-04  1.222833E-03   -1.278247E-17 -6.514845E-18   -3.692531E-06 -1.074627E-06
  7.80000000E+03  0.00000000E+00  3.00000000E+01    3.247470E-04  1.222149E-03   -1.142008E-17 -5.176320E-18   -3.848094E-06 -1.176411E-06
  7.90000000E+03  0.00000000E+00  3.00000000E+01    3.244559E-04  1.221434E-03   -3.896543E-18 -5.879606E-18   -4.010520E-06 -1.288606E-06
  8.00000000E+03  0.00000000E+00  3.00000000E+01    3.241631E-04  1.220688E-03   -6.252040E-19 -7.170399E-18   -4.180488E-06 -1.413185E-06
  8.10000000E+03  0.00000000E+00  3.00000000E+01    3.238690E-04  1.219907E-03   -6.100691E-18 -2.919326E-18   -4.357472E-06 -1.550291E-06
  8.20000000E+03  0.00000000E+00  3.00000000E+01    3.235745E-04  1.219091E-03    8.238365E-21  1.195896E-18   -4.542060E-06 -1.702258E-06
  8.30000000E+03  0.00000000E+00  3.00000000E+01    3.232801E-04  1.218236E-03   -9.719976E-18 -1.255181E-18   -4.733622E-06 -1.869238E-06
  8.40000000E+03  0.00000000E+00  3.00000000E+01    3.229866E-04  1.217344E-03    1.096615E-18 -3.623235E-18   -4.932622E-06 -2.054001E-06
  8.50000000E+03  0.00000000E+00  3.00000000E+01    3.226949E-04  1.216409E-03    9.237888E-18 -4.054600E-18   -5.138294E-06 -2.256672E-06
  8.60000000E+03  0.00000000E+00  3.00000000E+01    3.224056E-04  1.215432E-03   -4.739430E-18 -5.053454E-18   -5.350884E-06 -2.480485E-06
  8.70000000E+03  0.00000000E+00  3.00000000E+01    3.221200E-04  1.214408E-03    2.555183E-18 -6.681945E-18   -5.569494E-06 -2.725552E-06
  8.80000000E+03  0.00000000E+00  3.00000000E+01    3.218387E-04  1.213337E-03   -1.213264E-18 -1.657152E-18   -5.794098E-06 -2.995664E-06
  8.90000000E+03  0.00000000E+00  3.00000000E+01    3.215631E-04  1.212213E-03   -3.424397E-18 -5.094789E-18   -6.023621E-06 -3.290869E-06
  9.00000000E+03  0.00000000E+00  3.00000000E+01    3.212938E-04  1.211038E-03   -6.749909E-19 -1.487581E-18   -6.257650E-06 -3.615544E-06
  9.10000000E+03  0.00000000E+00  3.00000000E+01    3.210324E-04  1.209803E-03   -4.012666E-18 -8.783935E-18   -6.494939E-06 -3.969688E-06
  9.20000000E+03  0.00000000E+00  3.00000000E+01    3.207794E-04  1.208511E-03   -1.184746E-18 -3.832419E-18   -6.734600E-06 -4.358384E-06
  9.30000000E+03  0.00000000E+00  3.00000000E+01    3.205367E-04  1.207152E-03   -4.209834E-18 -3.237812E-18   -6.975183E-06 -4.781522E-06
  9.40000000E+03  0.00000000E+00  3.00000000E+01    3.203045E-04  1.205727E-03   -4.258924E-18 -1.429013E-18   -7.215169E-06 -5.244897E-06
  9.50000000E+03  0.00000000E+00  3.00000000E+01    3.200848E-04  1.204226E-03    7.254118E-18 -1.857578E-18   -7.452922E-06 -5.748298E-06
  9.60000000E+03  0.00000000E+00  3.00000000E+01    3.198778E-04  1.202649E-03   -7.775341E-18 -2.309719E-18   -7.686159E-06 -6.298303E-06
  9.70000000E+03  0.00000000E+00  3.00000000E+01    3.196854E-04  1.200985E-03    1.524882E-17  6.111443E-18   -7.913011E-06 -6.894282E-06
  9.80000000E+03  0.00000000E+00  3.00000000E+01    3.195075E-04  1.199231E-03    1.737003E-18  3.721545E-18   -8.130174E-06 -7.542845E-06
  9.90000000E+03  0.00000000E+00  3.00000000E+01    3.193462E-04  1.197374E-03    1.262429E-17  4.961851E-18   -8.335419E-06 -8.241072E-06
  1.00000000E+04  0.00000000E+00  3.00000000E+01    3.192019E-04  1.195415E-03    3.432574E-18  3.702579E-18   -8.523699E-06 -8.987617E-06
  1.05000000E+04  0.00000000E+00  3.00000000E+01    3.187425E-04  1.183450E-03   -7.280489E-18 -3.899449E-18   -9.104902E-06 -1.397191E-05
