 -1.05000000E+04  0.00000000E+00  3.00000000E+01   -9.769963E-15  1.402958E-16   -5.797420E-04 -4.921596E-02   -8.770762E-15 -6.661338E-16
 -1.00000000E+04  0.00000000E+00  3.00000000E+01    8.881784E-15  1.319691E-15   -5.967666E-04 -4.919815E-02   -5.218048E-15 -2.664535E-15
 -9.90000000E+03  0.00000000E+00  3.00000000E+01   -7.993606E-15  1.152182E-15   -6.002608E-04 -4.919449E-02   -1.298961E-14 -1.332268E-15
 -9.80000000E+03  0.00000000E+00  3.00000000E+01    0.000000E+00  1.046906E-15   -6.036958E-04 -4.919088E-02   -4.107825E-15 -9.992007E-16
 -9.70000000E+03  0.00000000E+00  3.00000000E+01    1.776357E-15 -1.542278E-16   -6.070849E-04 -4.918733E-02    2.886580E-15 -5.551115E-16
 -9.60000000E+03  0.00000000E+00  3.00000000E+01   -7.105427E-15  2.547875E-17   -6.104190E-04 -4.918382E-02    1.221245E-15 -1.054712E-15
 -9.50000000E+03  0.00000000E+00  3.00000000E+01   -5.329071E-15  6.825053E-17   -6.136983E-04 -4.918036E-02   -2.220446E-15 -7.771561E-16
 -9.40000000E+03  0.00000000E+00  3.00000000E+01    0.000000E+00  4.987330E-17   -6.169156E-04 -4.917697E-02    2.220446E-15 -1.720846E-15
 -9.30000000E+03  0.00000000E+00  3.00000000E+01    1.776357E-15  4.217004E-16   -6.200747E-04 -4.917363E-02   -3.330669E-16 -4.440892E-16
 -9.20000000E+03  0.00000000E+00  3.00000000E+01    5.329071E-15  7.854503E-16   -6.231702E-04 -4.917034E-02   -1.443290E-15 -4.440892E-16
 -9.10000000E+03  0.00000000E+00  3.00000000E+01   -3.552714E-15  9.912860E-16   -6.262072E-04 -4.916712E-02   -2.442491E-15  5.551115E-16
 -9.00000000E+03  0.00000000E+00  3.00000000E+01   -1.154632E-14  3.686287E-17   -6.291814E-04 -4.916395E-02   -9.992007E-16  4.440892E-16
 -8.90000000E+03  0.00000000E+00  3.00000000E+01   -1.953993E-14  3.688456E-16   -6.320983E-04 -4.916084E-02    2.553513E-15  4.440892E-16
 -8.80000000E+03  0.00000000E+00  3.00000000E+01   -1.243450E-14  6.507381E-16   -6.349540E-04 -4.915778E-02    6.661338E-16  3.330669E-16
 -8.70000000E+03  0.00000000E+00  3.00000000E+01   -1.509903E-14  6.540992E-16   -6.377542E-04 -4.915478E-02   -8.881784E-16  9.992007E-16
 -8.60000000E+03  0.00000000E+00  3.00000000E+01   -5.329071E-15 -4.818194E-16   -6.404954E-04 -4.915184E-02   -4.107825E-15  1.110223E-16
 -8.50000000E+03  0.00000000E+00  3.00000000E+01   -5.329071E-15  4.705437E-16   -6.431830E-04 -4.914894E-02   -2.220446E-15 -3.330669E-16
 -8.40000000E+03  0.00000000E+00  3.00000000E+01   -8.881784E-15  4.078769E-16   -6.458138E-04 -4.914610E-02   -3.885781E-15 -4.996004E-16
 -8.30000000E+03  0.00000000E+00  3.00000000E+01   -4.884981E-15  8.072969E-16   -6.483930E-04 -4.914331E-02   -1.221245E-15 -5.551115E-16
 -8.20000000E+03  0.00000000E+00  3.00000000E+01   -8.881784E-15  5.392822E-16   -6.509174E-04 -4.914057E-02    1.665335E-15 -4.996004E-16
 -8.10000000E+03  0.00000000E+00  3.00000000E+01   -2.664535E-15 -6.538823E-16   -6.533922E-04 -4.913787E-02    4.107825E-15 -1.221245E-15
 -8.00000000E+03  0.00000000E+00  3.00000000E+01    5.329071E-15 -1.036497E-15   -6.558142E-04 -4.913523E-02    0.000000E+00 -9.992007E-16
 -7.90000000E+03  0.00000000E+00  3.00000000E+01    7.993606E-15 -8.487135E-16   -6.581883E-04 -4.913263E-02   -1.665335E-15 -2.220446E-16
 -7.80000000E+03  0.00000000E+00  3.00000000E+01   -6.217249E-15  5.332106E-16   -6.605114E-04 -4.913009E-02   -3.108624E-15 -4.996004E-16
 -7.70000000E+03  0.00000000E+00  3.00000000E+01   -7.549517E-15 -5.931670E-16   -6.627884E-04 -4.912758E-02   -4.662937E-15 -2.220446E-15
 -7.60000000E+03  0.00000000E+00  3.00000000E+01   -5.329071E-15 -4.124305E-16   -6.650161E-04 -4.912513E-02   -6.106227E-15 -6.106227E-16
 -7.50000000E+03  0.00000000E+00  3.00000000E+01   -2.664535E-15  6.093216E-17   -6.671992E-04 -4.912271E-02    6.883383E-15 -7.771561E-16
 -7.40000000E+03  0.00000000E+00  3.00000000E+01   -2.664535E-15  1.589007E-15   -6.693346E-04 -4.912035E-02   -2.886580E-15  4.996004E-16
 -7.30000000E+03  0.00000000E+00  3.00000000E+01   -1.776357E-15  6.049848E-17   -6.714266E-04 -4.911802E-02   -3.330669E-16  3.330669E-16
 -7.20000000E+03  0.00000000E+00  3.00000000E+01   -1.776357E-15 -5.134781E-16   -6.734725E-04 -4.911574E-02    5.551115E-16  3.330669E-16
 -7.10000000E+03  0.00000000E+00  3.00000000E+01    8.881784E-16 -6.349088E-16   -6.754763E-04 -4.911350E-02    6.661338E-16  4.440892E-16
 -7.00000000E+03  0.00000000E+00  3.00000000E+01    1.776357E-15 -2.171440E-15   -6.774351E-04 -4.911130E-02    7.771561E-16  8.326673E-16
 -6.90000000E+03  0.00000000E+00  3.00000000E+01   -4.440892E-16 -1.850516E-15   -6.793529E-04 -4.910915E-02    3.108624E-15  4.440892E-16
 -6.80000000E+03  0.00000000E+00  3.00000000E+01   -4.440892E-15 -1.051242E-15   -6.812270E-04 -4.910704E-02    5.551115E-16  1.665335E-16
 -6.70000000E+03  0.00000000E+00  3.00000000E+01   -8.881784E-16 -1.469961E-15   -6.830610E-04 -4.910496E-02    2.220446E-16  0.000000E+00
 -6.60000000E+03  0.00000000E+00  3.00000000E+01    1.776357E-15 -7.719519E-16   -6.848523E-04 -4.910293E-02   -2.109424E-15 -5.551115E-16
 -6.50000000E+03  0.00000000E+00  3.00000000E+01    3.552714E-15 -7.686993E-16   -6.866044E-04 -4.910094E-02   -4.329870E-15 -1.443290E-15
 -6.40000000E+03  0.00000000E+00  3.00000000E+01    4.440892E-15 -8.417746E-16   -6.883145E-04 -4.909899E-02   -3.330669E-16 -7.216450E-16
 -6.30000000E+03  0.00000000E+00  3.00000000E+01    8.881784E-16 -6.104058E-16   -6.899862E-04 -4.909707E-02    3.774758E-15 -4.440892E-16
 -6.20000000E+03  0.00000000E+00  3.00000000E+01    0.000000E+00 -9.992007E-16   -6.916166E-04 -4.909520E-02    1.110223E-16 -4.996004E-16
 -6.10000000E+03  0.00000000E+00  3.00000000E+01    6.661338E-15 -3.777360E-16   -6.932092E-04 -4.909337E-02   -1.665335E-15 -1.554312E-15
 -6.00000000E+03  0.00000000E+00  3.00000000E+01    2.664535E-15  1.805413E-15   -6.947611E-04 -4.909157E-02   -1.998401E-15 -8.881784E-16
 -5.90000000E+03  0.00000000E+00  3.00000000E+01   -1.332268E-15  7.344386E-16   -6.962756E-04 -4.908981E-02    2.220446E-15 -4.440892E-16
 -5.80000000E+03  0.00000000E+00  3.00000000E+01    3.552714E-15  5.993470E-16   -6.977497E-04 -4.908810E-02   -3.330669E-16 -1.110223E-15
 -5.70000000E+03  0.00000000E+00  3.00000000E+01    1.332268E-15  5.702903E-17   -6.991867E-04 -4.908642E-02   -6.661338E-16 -1.332268E-15
 -5.60000000E+03  0.00000000E+00  3.00000000E+01    3.552714E-15  1.368263E-15   -7.005837E-04 -4.908478E-02   -3.552714E-15 -7.771561E-16
 -5.50000000E+03  0.00000000E+00  3.00000000E+01   -8.881784E-16 -2.164068E-16   -7.019437E-04 -4.908318E-02   -1.998401E-15 -5.551115E-16
 -5.40000000E+03  0.00000000E+00  3.00000000E+01    8.881784E-16 -1.144917E-16   -7.032636E-04 -4.908162E-02   -8.881784E-16 -3.330669E-16
 -5.30000000E+03  0.00000000E+00  3.00000000E+01    2.664535E-15 -1.030859E-15   -7.045466E-04 -4.908010E-02   -1.332268E-15 -4.440892E-16
 -5.20000000E+03  0.00000000E+00  3.00000000E+01   -8.881784E-16 -2.090342E-15   -7.057895E-04 -4.907861E-02   -1.110223E-15  8.881784E-16
 -5.10000000E+03  0.00000000E+00  3.00000000E+01   -8.881784E-16 -1.055579E-15   -7.069952E-04 -4.907717E-02   -4.107825E-15  0.000000E+00
 -5.00000000E+03  0.00000000E+00  3.00000000E+01    0.000000E+00 -3.504141E-16   -7.081605E-04 -4.907577E-02   -1.554312E-15 -3.330669E-16
 -4.90000000E+03  0.00000000E+00  3.00000000E+01   -4.440892E-15 -6.169110E-16   -7.092883E-04 -4.907440E-02    3.330669E-16 -1.110223E-15
 -4.80000000E+03  0.00000000E+00  3.00000000E+01    1.776357E-15 -5.637851E-17   -7.103752E-04 -4.907308E-02    9.992007E-16  9.992007E-16
 -4.70000000E+03  0.00000000E+00  3.00000000E+01    1.332268E-15 -8.095738E-16   -7.114240E-04 -4.907179E-02   -4.440892E-16 -4.440892E-16
 -4.60000000E+03  0.00000000E+00  3.00000000E+01   -8.881784E-16 -1.343760E-15   -7.124312E-04 -4.907055E-02   -1.110223E-16 -1.665335E-16
 -4.50000000E+03  0.00000000E+00  3.00000000E+01   -1.110223E-15  3.789287E-16   -7.133997E-04 -4.906935E-02   -4.440892E-16  3.330669E-16
 -4.40000000E+03  0.00000000E+00  3.00000000E+01    4.440892E-16 -5.104424E-16   -7.143257E-04 -4.906819E-02   -5.551115E-16 -2.220446E-16
 -4.30000000E+03  0.00000000E+00  3.00000000E+01   -2.220446E-15 -9.753483E-16   -7.152120E-04 -4.906708E-02   -1.110223E-15 -7.771561E-16
 -4.20000000E+03  0.00000000E+00  3.00000000E+01   -2.220446E-15 -6.262352E-16   -7.160547E-04 -4.906601E-02   -8.881784E-16  2.775558E-16
 -4.10000000E+03  0.00000000E+00  3.00000000E+01   -2.664535E-15 -8.088148E-17   -7.168565E-04 -4.906498E-02   -1.887379E-15 -4.440892E-16
 -4.00000000E+03  0.00000000E+00  3.00000000E+01   -4.440892E-15 -1.090707E-15   -7.176134E-04 -4.906399E-02    3.330669E-16  4.996004E-16
 -3.90000000E+03  0.00000000E+00  3.00000000E+01    6.661338E-16 -6.665675E-16   -7.183281E-04 -4.906305E-02    0.000000E+00  0.000000E+00
 -3.80000000E+03  0.00000000E+00  3.00000000E+01    2.220446E-15 -8.046949E-16   -7.189963E-04 -4.906216E-02   -2.664535E-15 -7.216450E-16
 -3.70000000E+03  0.00000000E+00  3.00000000E+01   -1.998401E-15 -1.244881E-15   -7.196208E-04 -4.906132E-02   -1.776357E-15 -1.443290E-15
 -3.60000000E+03  0.00000000E+00  3.00000000E+01   -8.881784E-16 -6.524729E-16   -7.201970E-04 -4.906052E-02   -2.775558E-15 -1.387779E-15
 -3.50000000E+03  0.00000000E+00  3.00000000E+01    8.881784E-16  1.512462E-16   -7.207276E-04 -4.905978E-02   -4.551914E-15 -1.221245E-15
 -3.40000000E+03  0.00000000E+00  3.00000000E+01   -1.332268E-15 -3.846749E-16   -7.212079E-04 -4.905908E-02   -5.551115E-16 -1.221245E-15
 -3.30000000E+03  0.00000000E+00  3.00000000E+01   -2.442491E-15 -2.844947E-16   -7.216407E-04 -4.905844E-02   -7.771561E-16 -2.109424E-15
 -3.20000000E+03  0.00000000E+00  3.00000000E+01   -2.664535E-15  4.364998E-16   -7.220209E-04 -4.905785E-02   -8.881784E-16  5.551115E-17
 -3.10000000E+03  0.00000000E+00  3.00000000E+01   -3.552714E-15 -8.142358E-17   -7.223514E-04 -4.905731E-02   -8.881784E-16  1.110223E-16
 -3.00000000E+03  0.00000000E+00  3.00000000E+01   -2.220446E-15 -6.503045E-16   -7.226269E-04 -4.905683E-02   -1.332268E-15 -2.775558E-16
 -2.90000000E+03  0.00000000E+00  3.00000000E+01    2.220446E-16  4.964562E-16   -7.228504E-04 -4.905640E-02    1.332268E-15 -3.330669E-16
 -2.80000000E+03  0.00000000E+00  3.00000000E+01    0.000000E+00  1.198477E-15   -7.230162E-04 -4.905604E-02   -1.998401E-15  5.551115E-17
 -2.70000000E+03  0.00000000E+00  3.00000000E+01    8.881784E-16 -6.909620E-16   -7.231275E-04 -4.905573E-02   -1.443290E-15  2.109424E-15
 -2.60000000E+03  0.00000000E+00  3.00000000E+01    0.000000E+00 -1.428978E-15   -7.231783E-04 -4.905548E-02   -7.771561E-16  4.996004E-16
 -2.50000000E+03  0.00000000E+00  3.00000000E+01    6.661338E-16 -4.925530E-16   -7.231721E-04 -4.905530E-02   -4.440892E-16 -1.110223E-16
 -2.40000000E+03  0.00000000E+00  3.00000000E+01    1.776357E-15  1.212138E-16   -7.231025E-04 -4.905518E-02   -1.332268E-15  1.665335E-16
 -2.30000000E+03  0.00000000E+00  3.00000000E+01    1.776357E-15 -2.071910E-16   -7.229733E-04 -4.905513E-02   -1.665335E-15  0.000000E+00
 -2.20000000E+03  0.00000000E+00  3.00000000E+01   -2.886580E-15  1.412715E-16   -7.227781E-04 -4.905515E-02    3.330669E-16  3.330669E-16
 -2.10000000E+03  0.00000000E+00  3.00000000E+01   -2.220446E-16 -4.788921E-16   -7.225210E-04 -4.905523E-02   -1.887379E-15 -1.665335E-15
 -2.00000000E+03  0.00000000E+00  3.00000000E+01    2.220446E-16 -2.449213E-16   -7.221958E-04 -4.905539E-02   -8.881784E-16 -9.992007E-16
 -1.90000000E+03  0.00000000E+00  3.00000000E+01   -2.886580E-15 -5.576052E-16   -7.218070E-04 -4.905561E-02   -5.551115E-16  0.000000E+00
 -1.80000000E+03  0.00000000E+00  3.00000000E+01   -4.440892E-16 -8.033938E-17   -7.213490E-04 -4.905591E-02    1.110223E-16 -3.330669E-16
 -1.70000000E+03  0.00000000E+00  3.00000000E+01    1.110223E-16  2.420481E-16   -7.208274E-04 -4.905628E-02    0.000000E+00 -2.220446E-16
 -1.60000000E+03  0.00000000E+00  3.00000000E+01    0.000000E+00 -6.872758E-16   -7.202378E-04 -4.905673E-02   -1.332268E-15 -1.665335E-16
 -1.50000000E+03  0.00000000E+00  3.00000000E+01    1.110223E-16 -5.891555E-16   -7.195872E-04 -4.905725E-02   -2.220446E-16 -5.551115E-16
 -1.40000000E+03  0.00000000E+00  3.00000000E+01   -6.661338E-16 -9.851061E-16   -7.188737E-04 -4.905783E-02   -2.220446E-16 -3.330669E-16
 -1.30000000E+03  0.00000000E+00  3.00000000E+01   -5.551115E-16 -1.964032E-16   -7.181064E-04 -4.905849E-02    0.000000E+00 -1.110223E-16
 -1.20000000E+03  0.00000000E+00  3.00000000E+01   -1.332268E-15  4.550397E-16   -7.172876E-04 -4.905920E-02   -8.881784E-16 -6.661338E-16
 -1.10000000E+03  0.00000000E+00  3.00000000E+01   -1.332268E-15 -1.136135E-15   -7.164294E-04 -4.905996E-02   -8.881784E-16 -1.221245E-15
 -1.00000000E+03  0.00000000E+00  3.00000000E+01   -1.332268E-15 -6.358846E-16   -7.155401E-04 -4.906077E-02    2.220446E-16 -5.551115E-16
 -9.00000000E+02  0.00000000E+00  3.00000000E+01   -1.387779E-15 -4.163336E-16   -7.146356E-04 -4.906160E-02   -1.110223E-15 -5.551115E-16
 -8.00000000E+02  0.00000000E+00  3.00000000E+01   -1.554312E-15 -1.263854E-15   -7.137322E-04 -4.906245E-02    2.220446E-16 -2.775558E-16
 -7.00000000E+02  0.00000000E+00  3.00000000E+01   -6.661338E-16 -7.634410E-16   -7.128491E-04 -4.906328E-02   -9.992007E-16 -5.551115E-16
 -6.00000000E+02  0.00000000E+00  3.00000000E+01   -2.220446E-16 -4.077684E-16   -7.120114E-04 -4.906408E-02   -5.551115E-16 -9.992007E-16
 -5.00000000E+02  0.00000000E+00  3.00000000E+01   -3.053113E-16  2.947946E-16   -7.112395E-04 -4.906483E-02   -1.665335E-15 -1.110223E-15
 -4.00000000E+02  0.00000000E+00  3.00000000E+01   -4.996004E-16 -9.247160E-16   -7.105652E-04 -4.906548E-02   -7.771561E-16 -1.054712E-15
 -3.00000000E+02  0.00000000E+00  3.00000000E+01    6.938894E-17  5.026903E-16   -7.100050E-04 -4.906603E-02   -1.443290E-15  1.110223E-16
 -2.00000000E+02  0.00000000E+00  3.00000000E+01   -1.387779E-16  1.199019E-15   -7.095916E-04 -4.906644E-02   -1.110223E-16  2.275957E-15
 -1.00000000E+02  0.00000000E+00  3.00000000E+01   -8.604228E-16  1.262147E-16   -7.093307E-04 -4.906669E-02   -7.771561E-16 -2.331468E-15
  0.00000000E+00  0.00000000E+00  3.00000000E+01   -2.319618E-15 -9.882554E-16   -7.092470E-04 -4.906678E-02   -4.440892E-16  2.386980E-15
  1.00000000E+02  0.00000000E+00  3.00000000E+01   -1.401657E-15 -1.130498E-15   -7.093307E-04 -4.906669E-02   -2.553513E-15 -1.443290E-15
  2.00000000E+02  0.00000000E+00  3.00000000E+01    2.775558E-17  5.533768E-16   -7.095916E-04 -4.906644E-02    3.330669E-16 -7.771561E-16
  3.00000000E+02  0.00000000E+00  3.00000000E+01   -7.771561E-16 -1.106510E-15   -7.100050E-04 -4.906603E-02    2.220446E-16  1.332268E-15
  4.00000000E+02  0.00000000E+00  3.00000000E+01   -1.110223E-15 -1.030372E-15   -7.105652E-04 -4.906548E-02   -1.110223E-15 -4.440892E-16
  5.00000000E+02  0.00000000E+00  3.00000000E+01   -9.436896E-16 -1.052977E-15   -7.112395E-04 -4.906483E-02   -1.443290E-15 -6.661338E-16
  6.00000000E+02  0.00000000E+00  3.00000000E+01   -1.665335E-15 -1.193273E-15   -7.120114E-04 -4.906408E-02   -1.221245E-15  1.665335E-16
  7.00000000E+02  0.00000000E+00  3.00000000E+01   -1.720846E-15 -1.005164E-15   -7.128491E-04 -4.906328E-02    1.110223E-16  0.000000E+00
  8.00000000E+02  0.00000000E+00  3.00000000E+01   -1.443290E-15 -7.452806E-16   -7.137322E-04 -4.906245E-02   -5.551115E-16  6.106227E-16
  9.00000000E+02  0.00000000E+00  3.00000000E+01   -1.665335E-15 -9.033030E-16   -7.146356E-04 -4.906160E-02   -3.330669E-16 -2.220446E-16
  1.00000000E+03  0.00000000E+00  3.00000000E+01   -1.665335E-15 -4.100453E-16   -7.155401E-04 -4.906077E-02    9.992007E-16  3.330669E-16
  1.10000000E+03  0.00000000E+00  3.00000000E+01   -8.326673E-16  3.757845E-16   -7.164294E-04 -4.905996E-02    1.332268E-15  1.332268E-15
  1.20000000E+03  0.00000000E+00  3.00000000E+01   -6.661338E-16 -1.563420E-16   -7.172876E-04 -4.905920E-02    6.661338E-16  4.996004E-16
  1.30000000E+03  0.00000000E+00  3.00000000E+01   -7.771561E-16 -1.026848E-15   -7.181064E-04 -4.905849E-02    8.881784E-16  9.992007E-16
  1.40000000E+03  0.00000000E+00  3.00000000E+01   -1.110223E-15 -1.463348E-15   -7.188737E-04 -4.905783E-02   -4.440892E-16 -8.326673E-16
  1.50000000E+03  0.00000000E+00  3.00000000E+01   -8.881784E-16 -6.733980E-16   -7.195872E-04 -4.905725E-02    2.220446E-16 -1.110223E-15
  1.60000000E+03  0.00000000E+00  3.00000000E+01   -1.554312E-15 -6.902031E-16   -7.202378E-04 -4.905673E-02   -1.554312E-15 -1.387779E-15
  1.70000000E+03  0.00000000E+00  3.00000000E+01   -5.551115E-16 -4.759105E-16   -7.208274E-04 -4.905628E-02   -7.771561E-16 -1.443290E-15
  1.80000000E+03  0.00000000E+00  3.00000000E+01   -4.440892E-16 -3.278627E-16   -7.213490E-04 -4.905591E-02    6.661338E-16 -2.220446E-16
  1.90000000E+03  0.00000000E+00  3.00000000E+01   -1.887379E-15 -2.874762E-16   -7.218070E-04 -4.905561E-02   -1.110223E-16 -1.110223E-16
  2.00000000E+03  0.00000000E+00  3.00000000E+01   -2.664535E-15 -5.311506E-16   -7.221958E-04 -4.905539E-02    4.440892E-16 -2.775558E-16
  2.10000000E+03  0.00000000E+00  3.00000000E+01   -3.441691E-15 -5.468716E-16   -7.225210E-04 -4.905523E-02   -2.997602E-15 -5.551115E-16
  2.20000000E+03  0.00000000E+00  3.00000000E+01   -1.776357E-15  2.255141E-17   -7.227781E-04 -4.905515E-02   -1.998401E-15 -1.054712E-15
  2.30000000E+03  0.00000000E+00  3.00000000E+01   -1.332268E-15 -6.613633E-16   -7.229733E-04 -4.905513E-02   -1.554312E-15 -1.110223E-15
  2.40000000E+03  0.00000000E+00  3.00000000E+01    0.000000E+00 -1.923375E-16   -7.231025E-04 -4.905518E-02    1.110223E-16 -1.110223E-15
  2.50000000E+03  0.00000000E+00  3.00000000E+01    2.220446E-16  1.170938E-16   -7.231721E-04 -4.905530E-02    2.220446E-16  3.330669E-16
  2.60000000E+03  0.00000000E+00  3.00000000E+01   -1.332268E-15  1.591609E-16   -7.231783E-04 -4.905548E-02    0.000000E+00 -3.885781E-16
  2.70000000E+03  0.00000000E+00  3.00000000E+01   -4.440892E-16  2.209496E-15   -7.231275E-04 -4.905573E-02   -1.554312E-15 -1.110223E-16
  2.80000000E+03  0.00000000E+00  3.00000000E+01    8.881784E-16  1.369781E-15   -7.230162E-04 -4.905604E-02    4.440892E-16  6.106227E-16
  2.90000000E+03  0.00000000E+00  3.00000000E+01    1.110223E-15  7.897329E-16   -7.228504E-04 -4.905640E-02   -9.992007E-16  2.220446E-16
  3.00000000E+03  0.00000000E+00  3.00000000E+01   -8.881784E-16  2.957704E-16   -7.226269E-04 -4.905683E-02   -1.332268E-15 -3.330669E-16
  3.10000000E+03  0.00000000E+00  3.00000000E+01   -1.554312E-15  4.577502E-16   -7.223514E-04 -4.905731E-02   -4.662937E-15 -8.881784E-16
  3.20000000E+03  0.00000000E+00  3.00000000E+01   -8.881784E-16  5.960944E-16   -7.220209E-04 -4.905785E-02    6.661338E-16 -4.440892E-16
  3.30000000E+03  0.00000000E+00  3.00000000E+01   -6.661338E-16  1.206175E-15   -7.216407E-04 -4.905844E-02    4.440892E-16  9.992007E-16
  3.40000000E+03  0.00000000E+00  3.00000000E+01   -2.220446E-15  1.149688E-15   -7.212079E-04 -4.905908E-02   -7.771561E-16  2.220446E-16
  3.50000000E+03  0.00000000E+00  3.00000000E+01   -3.330669E-15  6.071532E-17   -7.207276E-04 -4.905978E-02   -1.554312E-15  6.661338E-16
  3.60000000E+03  0.00000000E+00  3.00000000E+01   -4.884981E-15 -1.178745E-15   -7.201970E-04 -4.906052E-02   -1.443290E-15  4.996004E-16
  3.70000000E+03  0.00000000E+00  3.00000000E+01   -1.554312E-15 -8.720238E-16   -7.196208E-04 -4.906132E-02    1.443290E-15  8.881784E-16
  3.80000000E+03  0.00000000E+00  3.00000000E+01   -8.881784E-16 -3.567025E-16   -7.189963E-04 -4.906216E-02   -4.440892E-16  1.609823E-15
  3.90000000E+03  0.00000000E+00  3.00000000E+01   -2.886580E-15 -8.998878E-18   -7.183281E-04 -4.906305E-02   -6.661338E-16  1.332268E-15
  4.00000000E+03  0.00000000E+00  3.00000000E+01   -3.552714E-15  2.164068E-16   -7.176134E-04 -4.906399E-02   -3.330669E-16  6.661338E-16
  4.10000000E+03  0.00000000E+00  3.00000000E+01   -6.661338E-16  7.982981E-16   -7.168565E-04 -4.906498E-02   -1.110223E-16 -3.330669E-16
  4.20000000E+03  0.00000000E+00  3.00000000E+01   -2.664535E-15  2.795073E-16   -7.160547E-04 -4.906601E-02   -6.661338E-16 -3.330669E-16
  4.30000000E+03  0.00000000E+00  3.00000000E+01   -1.554312E-15 -1.323919E-15   -7.152120E-04 -4.906708E-02   -2.886580E-15 -2.220446E-16
  4.40000000E+03  0.00000000E+00  3.00000000E+01   -8.881784E-16 -1.910364E-15   -7.143257E-04 -4.906819E-02    2.220446E-16  3.330669E-16
  4.50000000E+03  0.00000000E+00  3.00000000E+01   -1.110223E-15 -1.528725E-15   -7.133997E-04 -4.906935E-02   -2.442491E-15 -3.330669E-16
  4.60000000E+03  0.00000000E+00  3.00000000E+01   -5.329071E-15 -8.868774E-16   -7.124312E-04 -4.907055E-02   -1.665335E-15 -1.498801E-15
  4.70000000E+03  0.00000000E+00  3.00000000E+01   -3.108624E-15 -3.567025E-16   -7.114240E-04 -4.907179E-02   -7.771561E-16 -1.221245E-15
  4.80000000E+03  0.00000000E+00  3.00000000E+01   -8.881784E-16 -1.125402E-16   -7.103752E-04 -4.907308E-02   -1.110223E-16 -1.276756E-15
  4.90000000E+03  0.00000000E+00  3.00000000E+01   -8.881784E-16  4.627375E-16   -7.092883E-04 -4.907440E-02    3.330669E-16 -4.440892E-16
  5.00000000E+03  0.00000000E+00  3.00000000E+01   -3.552714E-15  1.356987E-15   -7.081605E-04 -4.907577E-02    4.440892E-16 -9.436896E-16
  5.10000000E+03  0.00000000E+00  3.00000000E+01    3.996803E-15  7.303186E-16   -7.069952E-04 -4.907717E-02    8.881784E-16 -1.221245E-15
  5.20000000E+03  0.00000000E+00  3.00000000E+01    4.440892E-15  5.663872E-16   -7.057895E-04 -4.907861E-02   -2.109424E-15 -5.551115E-16
  5.30000000E+03  0.00000000E+00  3.00000000E+01    2.220446E-15  4.115631E-16   -7.045466E-04 -4.908010E-02   -1.110223E-15  1.110223E-16
  5.40000000E+03  0.00000000E+00  3.00000000E+01    1.776357E-15  1.330099E-15   -7.032636E-04 -4.908162E-02    0.000000E+00  9.436896E-16
  5.50000000E+03  0.00000000E+00  3.00000000E+01   -4.440892E-15  4.588344E-16   -7.019437E-04 -4.908318E-02   -3.330669E-15 -7.771561E-16
  5.60000000E+03  0.00000000E+00  3.00000000E+01   -7.105427E-15  1.043870E-15   -7.005837E-04 -4.908478E-02    5.551115E-15  7.771561E-16
  5.70000000E+03  0.00000000E+00  3.00000000E+01   -2.220446E-15  4.111295E-16   -6.991867E-04 -4.908642E-02   -1.110223E-15  2.220446E-16
  5.80000000E+03  0.00000000E+00  3.00000000E+01    0.000000E+00  5.724587E-16   -6.977497E-04 -4.908810E-02   -3.330669E-16 -3.885781E-16
  5.90000000E+03  0.00000000E+00  3.00000000E+01    4.440892E-16  3.848918E-16   -6.962756E-04 -4.908981E-02   -9.992007E-16 -4.440892E-16
  6.00000000E+03  0.00000000E+00  3.00000000E+01    5.329071E-15  1.088539E-16   -6.947611E-04 -4.909157E-02   -4.440892E-16  1.665335E-16
  6.10000000E+03  0.00000000E+00  3.00000000E+01    8.881784E-15  2.285498E-16   -6.932092E-04 -4.909337E-02    1.443290E-15  6.661338E-16
  6.20000000E+03  0.00000000E+00  3.00000000E+01    1.154632E-14  2.203099E-16   -6.916166E-04 -4.909520E-02   -1.776357E-15  6.106227E-16
  6.30000000E+03  0.00000000E+00  3.00000000E+01    5.329071E-15 -1.009392E-15   -6.899862E-04 -4.909707E-02    5.551115E-16  1.110223E-15
  6.40000000E+03  0.00000000E+00  3.00000000E+01   -3.552714E-15 -7.702172E-16   -6.883145E-04 -4.909899E-02    3.441691E-15 -3.885781E-16
  6.50000000E+03  0.00000000E+00  3.00000000E+01   -8.437695E-15 -5.733261E-16   -6.866044E-04 -4.910094E-02   -1.332268E-15 -1.110223E-16
  6.60000000E+03  0.00000000E+00  3.00000000E+01   -6.217249E-15 -1.168336E-15   -6.848523E-04 -4.910293E-02    5.551115E-16  2.220446E-16
  6.70000000E+03  0.00000000E+00  3.00000000E+01    4.440892E-16  8.415577E-16   -6.830610E-04 -4.910496E-02    3.330669E-15  8.881784E-16
  6.80000000E+03  0.00000000E+00  3.00000000E+01   -1.776357E-15  6.995272E-16   -6.812270E-04 -4.910704E-02   -8.881784E-16 -6.106227E-16
  6.90000000E+03  0.00000000E+00  3.00000000E+01   -4.440892E-15  1.079865E-16   -6.793529E-04 -4.910915E-02   -6.661338E-16  5.551115E-16
  7.00000000E+03  0.00000000E+00  3.00000000E+01    1.776357E-15  5.984796E-17   -6.774351E-04 -4.911130E-02   -7.771561E-16 -1.665335E-16
  7.10000000E+03  0.00000000E+00  3.00000000E+01    4.440892E-15 -2.398255E-16   -6.754763E-04 -4.911350E-02   -2.997602E-15 -7.771561E-16
  7.20000000E+03  0.00000000E+00  3.00000000E+01    7.993606E-15 -5.182486E-16   -6.734725E-04 -4.911574E-02    4.440892E-16 -7.216450E-16
  7.30000000E+03  0.00000000E+00  3.00000000E+01    4.440892E-15  4.380177E-17   -6.714266E-04 -4.911802E-02   -1.776357E-15 -4.440892E-16
  7.40000000E+03  0.00000000E+00  3.00000000E+01   -5.329071E-15 -8.673617E-19   -6.693346E-04 -4.912035E-02    0.000000E+00  1.665335E-16
  7.50000000E+03  0.00000000E+00  3.00000000E+01   -1.776357E-15  3.764350E-16   -6.671992E-04 -4.912271E-02   -4.773959E-15  3.330669E-16
  7.60000000E+03  0.00000000E+00  3.00000000E+01   -7.105427E-15 -1.581200E-15   -6.650161E-04 -4.912513E-02   -4.440892E-16 -1.110223E-16
  7.70000000E+03  0.00000000E+00  3.00000000E+01   -2.220446E-15  7.752046E-17   -6.627884E-04 -4.912758E-02   -5.218048E-15 -1.110223E-15
  7.80000000E+03  0.00000000E+00  3.00000000E+01    2.664535E-15  1.628905E-15   -6.605114E-04 -4.913009E-02    7.771561E-16 -4.440892E-16
  7.90000000E+03  0.00000000E+00  3.00000000E+01    2.664535E-15  1.431797E-15   -6.581883E-04 -4.913263E-02   -3.330669E-15  3.330669E-16
  8.00000000E+03  0.00000000E+00  3.00000000E+01   -6.217249E-15  3.426079E-16   -6.558142E-04 -4.913523E-02    3.774758E-15  5.551115E-17
  8.10000000E+03  0.00000000E+00  3.00000000E+01    8.437695E-15  6.411972E-16   -6.533922E-04 -4.913787E-02   -2.331468E-15  1.110223E-16
  8.20000000E+03  0.00000000E+00  3.00000000E+01    6.217249E-15  7.112366E-16   -6.509174E-04 -4.914057E-02    8.881784E-16 -5.551115E-17
  8.30000000E+03  0.00000000E+00  3.00000000E+01    1.598721E-14 -6.614717E-16   -6.483930E-04 -4.914331E-02   -1.221245E-15 -1.110223E-16
  8.40000000E+03  0.00000000E+00  3.00000000E+01    8.881784E-16 -5.236696E-16   -6.458138E-04 -4.914610E-02   -2.664535E-15 -4.440892E-16
  8.50000000E+03  0.00000000E+00  3.00000000E+01    3.108624E-15  1.691355E-16   -6.431830E-04 -4.914894E-02    5.440093E-15 -1.110223E-16
  8.60000000E+03  0.00000000E+00  3.00000000E+01    8.881784E-16  5.640020E-16   -6.404954E-04 -4.915184E-02    3.330669E-16  0.000000E+00
  8.70000000E+03  0.00000000E+00  3.00000000E+01    3.552714E-15  1.158362E-15   -6.377542E-04 -4.915478E-02   -2.220446E-16 -6.661338E-16
  8.80000000E+03  0.00000000E+00  3.00000000E+01    3.552714E-15  1.254313E-15   -6.349540E-04 -4.915778E-02   -8.881784E-16  8.326673E-16
  8.90000000E+03  0.00000000E+00  3.00000000E+01   -4.440892E-16 -3.150692E-16   -6.320983E-04 -4.916084E-02    7.771561E-16  9.992007E-16
  9.00000000E+03  0.00000000E+00  3.00000000E+01    1.154632E-14 -4.599186E-16   -6.291814E-04 -4.916395E-02   -3.108624E-15  5.551115E-16
  9.10000000E+03  0.00000000E+00  3.00000000E+01    2.131628E-14  2.426444E-16   -6.262072E-04 -4.916712E-02   -6.772360E-15  4.440892E-16
  9.20000000E+03  0.00000000E+00  3.00000000E+01    8.881784E-15  1.768551E-15   -6.231702E-04 -4.917034E-02   -8.881784E-16  3.330669E-16
  9.30000000E+03  0.00000000E+00  3.00000000E+01    0.000000E+00 -6.383715E-16   -6.200747E-04 -4.917363E-02    4.329870E-15  4.440892E-16
  9.40000000E+03  0.00000000E+00  3.00000000E+01    8.881784E-15  3.561604E-16   -6.169156E-04 -4.917697E-02    5.551115E-16  2.775558E-16
  9.50000000E+03  0.00000000E+00  3.00000000E+01    6.217249E-15  3.854610E-16   -6.136983E-04 -4.918036E-02    7.105427E-15  4.440892E-16
  9.60000000E+03  0.00000000E+00  3.00000000E+01    8.881784E-15  6.022743E-16   -6.104190E-04 -4.918382E-02   -2.220446E-16 -1.110223E-16
  9.70000000E+03  0.00000000E+00  3.00000000E+01    8.881784E-16  3.333922E-16   -6.070849E-04 -4.918733E-02   -6.661338E-16 -4.440892E-16
  9.80000000E+03  0.00000000E+00  3.00000000E+01    0.000000E+00  9.974660E-18   -6.036958E-04 -4.919088E-02   -4.773959E-15  1.443290E-15
  9.90000000E+03  0.00000000E+00  3.00000000E+01   -1.154632E-14  1.187310E-15   -6.002608E-04 -4.919449E-02   -5.995204E-15  9.992007E-16
  1.00000000E+04  0.00000000E+00  3.00000000E+01   -5.329071E-15  8.964184E-16   -5.967666E-04 -4.919815E-02    8.881784E-16  4.440892E-16
  1.05000000E+04  0.00000000E+00  3.00000000E+01   -1.776357E-15 -1.851817E-16   -5.797420E-04 -4.921596E-02    1.221245E-15 -1.221245E-15
