 -1.05000000E+04  0.00000000E+00  3.00000000E+01    3.035766E-18 -3.903128E-18   -3.659159E-04 -1.095290E-03    4.336809E-19 -3.686287E-18
 -1.00000000E+04  0.00000000E+00  3.00000000E+01   -1.040834E-17 -2.168404E-19   -3.655771E-04 -1.093563E-03   -2.168404E-18  4.336809E-19
 -9.90000000E+03  0.00000000E+00  3.00000000E+01   -1.344411E-17 -1.734723E-18   -3.655269E-04 -1.093200E-03    2.168404E-18 -1.951564E-18
 -9.80000000E+03  0.00000000E+00  3.00000000E+01   -7.806256E-18 -3.903128E-18   -3.654771E-04 -1.092846E-03    8.673617E-19 -1.734723E-18
 -9.70000000E+03  0.00000000E+00  3.00000000E+01   -1.084202E-17 -3.035766E-18   -3.654262E-04 -1.092501E-03    0.000000E+00  1.084202E-18
 -9.60000000E+03  0.00000000E+00  3.00000000E+01   -6.938894E-18 -1.517883E-18   -3.653735E-04 -1.092166E-03   -2.168404E-18  2.168404E-19
 -9.50000000E+03  0.00000000E+00  3.00000000E+01   -7.806256E-18 -2.168404E-19   -3.653188E-04 -1.091840E-03    3.903128E-18  2.385245E-18
 -9.40000000E+03  0.00000000E+00  3.00000000E+01   -3.469447E-18 -1.734723E-18   -3.652619E-04 -1.091526E-03    1.734723E-18  4.336809E-19
 -9.30000000E+03  0.00000000E+00  3.00000000E+01    4.336809E-19 -3.361027E-18   -3.652030E-04 -1.091222E-03   -8.673617E-18 -8.673617E-19
 -9.20000000E+03  0.00000000E+00  3.00000000E+01   -3.469447E-18 -2.168404E-19   -3.651420E-04 -1.090929E-03   -9.107298E-18 -4.119968E-18
 -9.10000000E+03  0.00000000E+00  3.00000000E+01   -2.602085E-18  1.192622E-18   -3.650792E-04 -1.090646E-03   -6.505213E-18 -1.084202E-18
 -9.00000000E+03  0.00000000E+00  3.00000000E+01   -2.602085E-18  2.818926E-18   -3.650147E-04 -1.090375E-03   -3.035766E-18 -8.673617E-19
 -8.90000000E+03  0.00000000E+00  3.00000000E+01   -1.734723E-18  2.168404E-19   -3.649488E-04 -1.090113E-03   -3.035766E-18 -2.385245E-18
 -8.80000000E+03  0.00000000E+00  3.00000000E+01   -2.602085E-18 -4.336809E-19   -3.648817E-04 -1.089861E-03   -4.770490E-18 -5.421011E-18
 -8.70000000E+03  0.00000000E+00  3.00000000E+01   -4.770490E-18 -4.770490E-18   -3.648135E-04 -1.089618E-03   -6.938894E-18 -5.204170E-18
 -8.60000000E+03  0.00000000E+00  3.00000000E+01   -1.734723E-18 -3.686287E-18   -3.647446E-04 -1.089385E-03   -3.903128E-18 -3.035766E-18
 -8.50000000E+03  0.00000000E+00  3.00000000E+01   -1.301043E-18 -4.553649E-18   -3.646750E-04 -1.089160E-03    3.903128E-18 -3.903128E-18
 -8.40000000E+03  0.00000000E+00  3.00000000E+01    3.469447E-18 -6.505213E-18   -3.646050E-04 -1.088945E-03   -1.734723E-18  2.168404E-19
 -8.30000000E+03  0.00000000E+00  3.00000000E+01   -2.168404E-18 -7.697835E-18   -3.645348E-04 -1.088737E-03   -3.903128E-18 -2.385245E-18
 -8.20000000E+03  0.00000000E+00  3.00000000E+01   -7.806256E-18 -1.951564E-18   -3.644645E-04 -1.088537E-03   -5.204170E-18 -1.517883E-18
 -8.10000000E+03  0.00000000E+00  3.00000000E+01    3.903128E-18  1.301043E-18   -3.643942E-04 -1.088345E-03   -9.974660E-18  6.505213E-19
 -8.00000000E+03  0.00000000E+00  3.00000000E+01    4.336809E-19 -4.336809E-19   -3.643241E-04 -1.088161E-03   -6.071532E-18  1.734723E-18
 -7.90000000E+03  0.00000000E+00  3.00000000E+01   -1.084202E-18 -4.770490E-18   -3.642543E-04 -1.087983E-03   -2.168404E-18 -1.951564E-18
 -7.80000000E+03  0.00000000E+00  3.00000000E+01   -4.336809E-18 -7.372575E-18   -3.641849E-04 -1.087813E-03   -3.035766E-18 -2.385245E-18
 -7.70000000E+03  0.00000000E+00  3.00000000E+01   -1.301043E-18 -4.987330E-18   -3.641161E-04 -1.087649E-03   -6.938894E-18 -2.602085E-18
 -7.60000000E+03  0.00000000E+00  3.00000000E+01   -3.903128E-18 -3.903128E-18   -3.640478E-04 -1.087491E-03   -2.168404E-18 -8.673617E-19
 -7.50000000E+03  0.00000000E+00  3.00000000E+01   -8.673617E-19 -7.589415E-18   -3.639802E-04 -1.087340E-03    0.000000E+00 -1.734723E-18
 -7.40000000E+03  0.00000000E+00  3.00000000E+01    8.673617E-19 -7.806256E-18   -3.639133E-04 -1.087195E-03   -4.770490E-18 -1.951564E-18
 -7.30000000E+03  0.00000000E+00  3.00000000E+01   -3.035766E-18 -5.963112E-18   -3.638473E-04 -1.087055E-03   -4.336809E-19 -2.818926E-18
 -7.20000000E+03  0.00000000E+00  3.00000000E+01   -1.301043E-18 -4.987330E-18   -3.637821E-04 -1.086922E-03    8.673617E-19  0.000000E+00
 -7.10000000E+03  0.00000000E+00  3.00000000E+01   -5.637851E-18 -4.770490E-18   -3.637178E-04 -1.086793E-03    3.469447E-18  4.119968E-18
 -7.00000000E+03  0.00000000E+00  3.00000000E+01   -1.214306E-17 -6.288373E-18   -3.636544E-04 -1.086671E-03    1.734723E-18  1.084202E-18
 -6.90000000E+03  0.00000000E+00  3.00000000E+01   -1.192622E-17 -3.252607E-18   -3.635920E-04 -1.086553E-03    6.938894E-18  6.505213E-19
 -6.80000000E+03  0.00000000E+00  3.00000000E+01   -5.637851E-18 -2.818926E-18   -3.635306E-04 -1.086441E-03    4.336809E-19  3.903128E-18
 -6.70000000E+03  0.00000000E+00  3.00000000E+01   -5.204170E-18 -2.385245E-18   -3.634702E-04 -1.086333E-03    2.602085E-18  1.517883E-18
 -6.60000000E+03  0.00000000E+00  3.00000000E+01   -4.336809E-18 -3.686287E-18   -3.634108E-04 -1.086231E-03    6.938894E-18  1.517883E-18
 -6.50000000E+03  0.00000000E+00  3.00000000E+01   -2.602085E-18 -7.426785E-18   -3.633525E-04 -1.086133E-03   -8.673617E-19 -6.505213E-19
 -6.40000000E+03  0.00000000E+00  3.00000000E+01   -2.602085E-18 -5.854692E-18   -3.632952E-04 -1.086040E-03   -4.336809E-19 -1.517883E-18
 -6.30000000E+03  0.00000000E+00  3.00000000E+01   -2.168404E-18 -2.710505E-18   -3.632389E-04 -1.085952E-03   -8.673617E-19  2.168404E-19
 -6.20000000E+03  0.00000000E+00  3.00000000E+01   -4.336809E-19 -3.144186E-18   -3.631837E-04 -1.085868E-03    0.000000E+00  1.734723E-18
 -6.10000000E+03  0.00000000E+00  3.00000000E+01    2.168404E-18 -3.957338E-18   -3.631295E-04 -1.085789E-03    5.204170E-18  1.517883E-18
 -6.00000000E+03  0.00000000E+00  3.00000000E+01    3.469447E-18  4.336809E-19   -3.630764E-04 -1.085715E-03    5.204170E-18  5.854692E-18
 -5.90000000E+03  0.00000000E+00  3.00000000E+01   -8.673617E-19 -7.589415E-19   -3.630241E-04 -1.085645E-03    6.071532E-18  2.168404E-19
 -5.80000000E+03  0.00000000E+00  3.00000000E+01    4.336809E-19 -3.577867E-18   -3.629729E-04 -1.085580E-03    1.734723E-18 -1.301043E-18
 -5.70000000E+03  0.00000000E+00  3.00000000E+01    4.336809E-18 -1.409463E-18   -3.629226E-04 -1.085520E-03    5.637851E-18  1.517883E-18
 -5.60000000E+03  0.00000000E+00  3.00000000E+01   -4.336809E-18 -1.084202E-18   -3.628733E-04 -1.085464E-03    2.168404E-18 -4.336809E-19
 -5.50000000E+03  0.00000000E+00  3.00000000E+01    2.168404E-19  1.084202E-18   -3.628247E-04 -1.085413E-03    8.673617E-19  6.505213E-19
 -5.40000000E+03  0.00000000E+00  3.00000000E+01    4.770490E-18  1.084202E-18   -3.627770E-04 -1.085367E-03   -5.204170E-18 -4.336809E-19
 -5.30000000E+03  0.00000000E+00  3.00000000E+01    1.951564E-18  1.517883E-18   -3.627301E-04 -1.085325E-03    2.168404E-18 -8.673617E-19
 -5.20000000E+03  0.00000000E+00  3.00000000E+01   -1.301043E-18  5.421011E-19   -3.626838E-04 -1.085289E-03   -3.035766E-18 -3.903128E-18
 -5.10000000E+03  0.00000000E+00  3.00000000E+01   -6.722053E-18 -3.848918E-18   -3.626382E-04 -1.085257E-03    3.469447E-18 -1.084202E-18
 -5.00000000E+03  0.00000000E+00  3.00000000E+01   -5.204170E-18 -4.445229E-18   -3.625931E-04 -1.085230E-03   -6.938894E-18 -1.517883E-18
 -4.90000000E+03  0.00000000E+00  3.00000000E+01   -1.951564E-18 -2.602085E-18   -3.625485E-04 -1.085209E-03   -1.301043E-17 -3.903128E-18
 -4.80000000E+03  0.00000000E+00  3.00000000E+01   -5.637851E-18 -2.385245E-18   -3.625044E-04 -1.085193E-03   -4.336809E-18 -1.301043E-18
 -4.70000000E+03  0.00000000E+00  3.00000000E+01   -3.686287E-18 -2.168404E-18   -3.624604E-04 -1.085183E-03   -2.602085E-18 -3.035766E-18
 -4.60000000E+03  0.00000000E+00  3.00000000E+01    8.673617E-19 -3.144186E-18   -3.624167E-04 -1.085178E-03   -3.035766E-18 -1.301043E-18
 -4.50000000E+03  0.00000000E+00  3.00000000E+01   -3.035766E-18 -3.632077E-18   -3.623731E-04 -1.085179E-03    2.168404E-18  1.084202E-18
 -4.40000000E+03  0.00000000E+00  3.00000000E+01    2.602085E-18 -3.144186E-18   -3.623293E-04 -1.085186E-03    4.336809E-19 -1.084202E-18
 -4.30000000E+03  0.00000000E+00  3.00000000E+01    8.673617E-19 -2.547875E-18   -3.622854E-04 -1.085199E-03   -1.734723E-18 -2.385245E-18
 -4.20000000E+03  0.00000000E+00  3.00000000E+01   -4.770490E-18 -4.336809E-18   -3.622411E-04 -1.085219E-03   -1.301043E-18  6.505213E-19
 -4.10000000E+03  0.00000000E+00  3.00000000E+01   -5.854692E-18 -4.824700E-18   -3.621964E-04 -1.085245E-03   -4.336809E-19  1.084202E-18
 -4.00000000E+03  0.00000000E+00  3.00000000E+01   -8.673617E-18 -3.035766E-18   -3.621509E-04 -1.085278E-03    3.903128E-18  3.686287E-18
 -3.90000000E+03  0.00000000E+00  3.00000000E+01   -8.565197E-18 -3.469447E-18   -3.621046E-04 -1.085318E-03    4.336809E-19  2.385245E-18
 -3.80000000E+03  0.00000000E+00  3.00000000E+01   -8.890458E-18 -4.878910E-18   -3.620571E-04 -1.085366E-03   -3.035766E-18  4.336809E-19
 -3.70000000E+03  0.00000000E+00  3.00000000E+01   -6.288373E-18 -5.800482E-18   -3.620085E-04 -1.085421E-03   -4.336809E-18 -1.084202E-18
 -3.60000000E+03  0.00000000E+00  3.00000000E+01   -8.456777E-18 -6.288373E-18   -3.619583E-04 -1.085483E-03   -4.336809E-18  1.084202E-18
 -3.50000000E+03  0.00000000E+00  3.00000000E+01   -2.818926E-18 -4.553649E-18   -3.619064E-04 -1.085554E-03    2.168404E-18 -2.168404E-18
 -3.40000000E+03  0.00000000E+00  3.00000000E+01   -5.637851E-18 -8.131516E-18   -3.618525E-04 -1.085633E-03    2.168404E-18 -1.084202E-18
 -3.30000000E+03  0.00000000E+00  3.00000000E+01   -5.095750E-18 -3.794708E-18   -3.617964E-04 -1.085720E-03   -2.168404E-18 -4.336809E-19
 -3.20000000E+03  0.00000000E+00  3.00000000E+01   -1.040834E-17 -7.155734E-18   -3.617377E-04 -1.085817E-03    3.903128E-18 -1.084202E-18
 -3.10000000E+03  0.00000000E+00  3.00000000E+01   -3.361027E-18 -6.071532E-18   -3.616763E-04 -1.085922E-03    2.168404E-18  1.517883E-18
 -3.00000000E+03  0.00000000E+00  3.00000000E+01   -5.421011E-18 -6.884684E-18   -3.616117E-04 -1.086036E-03    2.602085E-18  8.673617E-19
 -2.90000000E+03  0.00000000E+00  3.00000000E+01   -5.421011E-18 -4.987330E-18   -3.615439E-04 -1.086160E-03    8.673617E-19  8.673617E-19
 -2.80000000E+03  0.00000000E+00  3.00000000E+01   -1.734723E-18 -6.830474E-18   -3.614723E-04 -1.086293E-03   -7.372575E-18 -1.517883E-18
 -2.70000000E+03  0.00000000E+00  3.00000000E+01   -4.228388E-18 -5.908902E-18   -3.613969E-04 -1.086436E-03   -1.301043E-18 -1.951564E-18
 -2.60000000E+03  0.00000000E+00  3.00000000E+01   -1.734723E-18 -7.752046E-18   -3.613171E-04 -1.086589E-03   -5.204170E-18 -2.602085E-18
 -2.50000000E+03  0.00000000E+00  3.00000000E+01   -3.361027E-18 -7.697835E-18   -3.612329E-04 -1.086751E-03    6.505213E-18  8.673617E-19
 -2.40000000E+03  0.00000000E+00  3.00000000E+01   -3.686287E-18 -6.776264E-18   -3.611438E-04 -1.086925E-03   -1.734723E-18  2.168404E-19
 -2.30000000E+03  0.00000000E+00  3.00000000E+01   -2.710505E-18 -7.860466E-18   -3.610499E-04 -1.087108E-03    2.168404E-18  2.385245E-18
 -2.20000000E+03  0.00000000E+00  3.00000000E+01   -2.818926E-18 -4.824700E-18   -3.609506E-04 -1.087301E-03    1.734723E-18 -1.951564E-18
 -2.10000000E+03  0.00000000E+00  3.00000000E+01   -4.770490E-18 -6.993104E-18   -3.608461E-04 -1.087504E-03    3.903128E-18 -2.385245E-18
 -2.00000000E+03  0.00000000E+00  3.00000000E+01   -2.818926E-18 -8.131516E-18   -3.607360E-04 -1.087718E-03   -5.637851E-18 -1.734723E-18
 -1.90000000E+03  0.00000000E+00  3.00000000E+01   -8.673617E-18 -8.023096E-18   -3.606206E-04 -1.087941E-03   -5.204170E-18 -2.168404E-18
 -1.80000000E+03  0.00000000E+00  3.00000000E+01   -5.312591E-18 -5.204170E-18   -3.604997E-04 -1.088173E-03   -2.168404E-18 -1.734723E-18
 -1.70000000E+03  0.00000000E+00  3.00000000E+01   -4.607859E-18 -5.908902E-18   -3.603740E-04 -1.088414E-03   -8.673617E-19  4.336809E-19
 -1.60000000E+03  0.00000000E+00  3.00000000E+01   -1.517883E-18 -3.740497E-18   -3.602433E-04 -1.088664E-03    3.035766E-18  1.517883E-18
 -1.50000000E+03  0.00000000E+00  3.00000000E+01    1.626303E-19 -5.271933E-18   -3.601086E-04 -1.088921E-03   -1.734723E-18  1.517883E-18
 -1.40000000E+03  0.00000000E+00  3.00000000E+01   -2.493665E-18 -5.881797E-18   -3.599703E-04 -1.089185E-03   -3.035766E-18 -6.505213E-19
 -1.30000000E+03  0.00000000E+00  3.00000000E+01   -2.818926E-18 -7.711388E-18   -3.598297E-04 -1.089453E-03   -2.602085E-18  1.951564E-18
 -1.20000000E+03  0.00000000E+00  3.00000000E+01   -1.127570E-17 -9.351244E-18   -3.596877E-04 -1.089724E-03   -5.204170E-18  2.168404E-19
 -1.10000000E+03  0.00000000E+00  3.00000000E+01   -4.716279E-18 -7.616520E-18   -3.595460E-04 -1.089996E-03    8.673617E-19  6.505213E-19
 -1.00000000E+03  0.00000000E+00  3.00000000E+01   -5.637851E-18 -7.291260E-18   -3.594063E-04 -1.090267E-03   -5.204170E-18 -1.734723E-18
 -9.00000000E+02  0.00000000E+00  3.00000000E+01   -2.764716E-18 -5.434563E-18   -3.592702E-04 -1.090532E-03   -1.734723E-18  2.168404E-19
 -8.00000000E+02  0.00000000E+00  3.00000000E+01   -2.276825E-18 -4.797595E-18   -3.591404E-04 -1.090788E-03   -4.336809E-18  8.673617E-19
 -7.00000000E+02  0.00000000E+00  3.00000000E+01   -1.517883E-18 -3.937009E-18   -3.590183E-04 -1.091032E-03   -5.204170E-18 -8.673617E-19
 -6.00000000E+02  0.00000000E+00  3.00000000E+01   -1.301043E-18 -4.336809E-18   -3.589071E-04 -1.091257E-03   -9.107298E-18 -2.168404E-18
 -5.00000000E+02  0.00000000E+00  3.00000000E+01   -2.032879E-18 -4.702727E-18   -3.588081E-04 -1.091460E-03   -7.806256E-18 -1.301043E-18
 -4.00000000E+02  0.00000000E+00  3.00000000E+01    1.924459E-18 -5.190618E-18   -3.587244E-04 -1.091634E-03    1.301043E-18 -1.734723E-18
 -3.00000000E+02  0.00000000E+00  3.00000000E+01   -4.512992E-18 -6.118966E-18   -3.586566E-04 -1.091776E-03    8.673617E-18  2.818926E-18
 -2.00000000E+02  0.00000000E+00  3.00000000E+01    1.517883E-18 -3.279712E-18   -3.586077E-04 -1.091880E-03    0.000000E+00  3.469447E-18
 -1.00000000E+02  0.00000000E+00  3.00000000E+01   -1.605974E-18 -4.424053E-18   -3.585773E-04 -1.091945E-03   -5.204170E-18  1.734723E-18
  0.00000000E+00  0.00000000E+00  3.00000000E+01    9.974472E-21 -5.979428E-18   -3.585676E-04 -1.091966E-03    9.974660E-18 -2.602085E-18
  1.00000000E+02  0.00000000E+00  3.00000000E+01    5.017823E-18 -3.969196E-18   -3.585773E-04 -1.091945E-03   -5.637851E-18 -4.119968E-18
  2.00000000E+02  0.00000000E+00  3.00000000E+01    2.493665E-18 -2.737610E-18   -3.586077E-04 -1.091880E-03    6.938894E-18 -1.517883E-18
  3.00000000E+02  0.00000000E+00  3.00000000E+01    1.504331E-18 -8.846412E-18   -3.586566E-04 -1.091776E-03   -9.540979E-18 -5.421011E-18
  4.00000000E+02  0.00000000E+00  3.00000000E+01    2.873136E-18 -1.032703E-17   -3.587244E-04 -1.091634E-03   -4.336809E-18 -3.252607E-18
  5.00000000E+02  0.00000000E+00  3.00000000E+01    1.870249E-18 -7.840137E-18   -3.588081E-04 -1.091460E-03    1.301043E-18 -4.336809E-19
  6.00000000E+02  0.00000000E+00  3.00000000E+01    3.848918E-18 -8.267042E-18   -3.589071E-04 -1.091257E-03   -2.602085E-18  1.517883E-18
  7.00000000E+02  0.00000000E+00  3.00000000E+01    2.547875E-18 -7.148958E-18   -3.590183E-04 -1.091032E-03    3.469447E-18  2.168404E-18
  8.00000000E+02  0.00000000E+00  3.00000000E+01   -5.963112E-19 -9.947555E-18   -3.591404E-04 -1.090788E-03   -3.035766E-18 -2.602085E-18
  9.00000000E+02  0.00000000E+00  3.00000000E+01   -2.547875E-18 -8.063754E-18   -3.592702E-04 -1.090532E-03   -3.469447E-18 -3.252607E-18
  1.00000000E+03  0.00000000E+00  3.00000000E+01   -8.673617E-19 -8.050201E-18   -3.594063E-04 -1.090267E-03   -8.673617E-18 -4.770490E-18
  1.10000000E+03  0.00000000E+00  3.00000000E+01    4.336809E-19 -7.223497E-18   -3.595460E-04 -1.089996E-03   -4.336809E-19 -2.385245E-18
  1.20000000E+03  0.00000000E+00  3.00000000E+01   -4.336809E-18 -8.592302E-18   -3.596877E-04 -1.089724E-03   -3.469447E-18 -2.385245E-18
  1.30000000E+03  0.00000000E+00  3.00000000E+01    5.095750E-18 -6.898236E-18   -3.598297E-04 -1.089453E-03   -5.637851E-18 -3.903128E-18
  1.40000000E+03  0.00000000E+00  3.00000000E+01   -8.673617E-19 -9.486769E-18   -3.599703E-04 -1.089185E-03   -2.168404E-18 -3.469447E-18
  1.50000000E+03  0.00000000E+00  3.00000000E+01    3.794708E-18 -5.881797E-18   -3.601086E-04 -1.088921E-03   -3.903128E-18 -1.734723E-18
  1.60000000E+03  0.00000000E+00  3.00000000E+01   -1.084202E-18 -5.041540E-18   -3.602433E-04 -1.088664E-03   -7.372575E-18 -4.553649E-18
  1.70000000E+03  0.00000000E+00  3.00000000E+01    1.572093E-18 -5.773377E-18   -3.603740E-04 -1.088414E-03   -3.903128E-18 -4.119968E-18
  1.80000000E+03  0.00000000E+00  3.00000000E+01    2.493665E-18 -6.938894E-18   -3.604997E-04 -1.088173E-03   -1.301043E-18 -4.336809E-19
  1.90000000E+03  0.00000000E+00  3.00000000E+01    4.336809E-19 -6.342583E-18   -3.606206E-04 -1.087941E-03   -3.035766E-18 -4.336809E-19
  2.00000000E+03  0.00000000E+00  3.00000000E+01    6.505213E-19 -5.421011E-18   -3.607360E-04 -1.087718E-03    3.903128E-18  1.517883E-18
  2.10000000E+03  0.00000000E+00  3.00000000E+01    2.602085E-18 -7.562310E-18   -3.608461E-04 -1.087504E-03    6.938894E-18  1.301043E-18
  2.20000000E+03  0.00000000E+00  3.00000000E+01   -1.517883E-18 -6.667843E-18   -3.609506E-04 -1.087301E-03    2.168404E-18  2.168404E-19
  2.30000000E+03  0.00000000E+00  3.00000000E+01    1.192622E-18 -5.339696E-18   -3.610499E-04 -1.087108E-03    4.770490E-18  1.734723E-18
  2.40000000E+03  0.00000000E+00  3.00000000E+01    6.505213E-19 -4.770490E-18   -3.611438E-04 -1.086925E-03    8.673617E-19  1.951564E-18
  2.50000000E+03  0.00000000E+00  3.00000000E+01   -7.264155E-18 -5.014435E-18   -3.612329E-04 -1.086751E-03   -8.673617E-19  8.673617E-19
  2.60000000E+03  0.00000000E+00  3.00000000E+01   -2.818926E-18 -3.740497E-18   -3.613171E-04 -1.086589E-03   -2.168404E-18  6.505213E-19
  2.70000000E+03  0.00000000E+00  3.00000000E+01    3.794708E-18 -6.505213E-19   -3.613969E-04 -1.086436E-03    0.000000E+00  1.517883E-18
  2.80000000E+03  0.00000000E+00  3.00000000E+01    3.252607E-18 -2.168404E-19   -3.614723E-04 -1.086293E-03   -2.168404E-18 -1.301043E-18
  2.90000000E+03  0.00000000E+00  3.00000000E+01    5.529431E-18  1.165517E-18   -3.615439E-04 -1.086160E-03   -1.734723E-18  6.505213E-19
  3.00000000E+03  0.00000000E+00  3.00000000E+01    4.336809E-18  1.355253E-18   -3.616117E-04 -1.086036E-03   -3.035766E-18 -1.517883E-18
  3.10000000E+03  0.00000000E+00  3.00000000E+01    3.252607E-19 -8.131516E-19   -3.616763E-04 -1.085922E-03   -3.469447E-18  2.168404E-19
  3.20000000E+03  0.00000000E+00  3.00000000E+01    1.951564E-18 -2.385245E-18   -3.617377E-04 -1.085817E-03    4.336809E-19  0.000000E+00
  3.30000000E+03  0.00000000E+00  3.00000000E+01    1.301043E-18 -7.589415E-19   -3.617964E-04 -1.085720E-03    4.770490E-18  2.168404E-19
  3.40000000E+03  0.00000000E+00  3.00000000E+01    1.951564E-18 -1.626303E-18   -3.618525E-04 -1.085633E-03   -4.336809E-19 -8.673617E-19
  3.50000000E+03  0.00000000E+00  3.00000000E+01    4.987330E-18 -8.673617E-19   -3.619064E-04 -1.085554E-03    8.673617E-19 -4.553649E-18
  3.60000000E+03  0.00000000E+00  3.00000000E+01    5.204170E-18 -1.517883E-18   -3.619583E-04 -1.085483E-03   -4.336809E-19 -1.734723E-18
  3.70000000E+03  0.00000000E+00  3.00000000E+01    6.505213E-19 -6.505213E-19   -3.620085E-04 -1.085421E-03   -1.734723E-18 -8.673617E-19
  3.80000000E+03  0.00000000E+00  3.00000000E+01   -2.385245E-18 -2.927346E-18   -3.620571E-04 -1.085366E-03   -6.071532E-18 -2.818926E-18
  3.90000000E+03  0.00000000E+00  3.00000000E+01   -2.818926E-18 -2.656295E-18   -3.621046E-04 -1.085318E-03    4.336809E-19  0.000000E+00
  4.00000000E+03  0.00000000E+00  3.00000000E+01   -1.734723E-18 -4.770490E-18   -3.621509E-04 -1.085278E-03    8.673617E-19  8.673617E-19
  4.10000000E+03  0.00000000E+00  3.00000000E+01    1.951564E-18 -6.234162E-18   -3.621964E-04 -1.085245E-03    3.469447E-18  4.336809E-19
  4.20000000E+03  0.00000000E+00  3.00000000E+01    1.734723E-18 -4.553649E-18   -3.622411E-04 -1.085219E-03   -4.336809E-19  6.505213E-19
  4.30000000E+03  0.00000000E+00  3.00000000E+01    5.421011E-18 -4.607859E-18   -3.622854E-04 -1.085199E-03    4.336809E-18  6.505213E-19
  4.40000000E+03  0.00000000E+00  3.00000000E+01    2.602085E-18 -4.987330E-18   -3.623293E-04 -1.085186E-03   -4.336809E-19  4.336809E-19
  4.50000000E+03  0.00000000E+00  3.00000000E+01    4.119968E-18 -5.529431E-18   -3.623731E-04 -1.085179E-03    0.000000E+00  4.336809E-19
  4.60000000E+03  0.00000000E+00  3.00000000E+01    1.301043E-18 -5.204170E-18   -3.624167E-04 -1.085178E-03   -8.673617E-19 -8.673617E-19
  4.70000000E+03  0.00000000E+00  3.00000000E+01    3.686287E-18 -4.987330E-18   -3.624604E-04 -1.085183E-03    3.903128E-18  1.084202E-18
  4.80000000E+03  0.00000000E+00  3.00000000E+01    6.505213E-18 -4.662069E-18   -3.625044E-04 -1.085193E-03   -6.071532E-18 -3.469447E-18
  4.90000000E+03  0.00000000E+00  3.00000000E+01    1.517883E-18 -3.903128E-18   -3.625485E-04 -1.085209E-03   -2.602085E-18 -1.084202E-18
  5.00000000E+03  0.00000000E+00  3.00000000E+01    5.637851E-18 -2.927346E-18   -3.625931E-04 -1.085230E-03    5.204170E-18 -2.168404E-18
  5.10000000E+03  0.00000000E+00  3.00000000E+01    8.673617E-19 -1.517883E-18   -3.626382E-04 -1.085257E-03    7.806256E-18  3.252607E-18
  5.20000000E+03  0.00000000E+00  3.00000000E+01    4.336809E-18 -1.843144E-18   -3.626838E-04 -1.085289E-03    8.673617E-19  2.385245E-18
  5.30000000E+03  0.00000000E+00  3.00000000E+01    4.553649E-18 -4.878910E-19   -3.627301E-04 -1.085325E-03    9.107298E-18  2.602085E-18
  5.40000000E+03  0.00000000E+00  3.00000000E+01    3.469447E-18 -1.951564E-18   -3.627770E-04 -1.085367E-03    8.673617E-19  1.517883E-18
  5.50000000E+03  0.00000000E+00  3.00000000E+01    4.336809E-18 -7.047314E-19   -3.628247E-04 -1.085413E-03   -2.602085E-18  6.505213E-19
  5.60000000E+03  0.00000000E+00  3.00000000E+01    6.071532E-18  1.517883E-18   -3.628733E-04 -1.085464E-03    2.602085E-18  6.505213E-19
  5.70000000E+03  0.00000000E+00  3.00000000E+01    5.637851E-18  5.421011E-19   -3.629226E-04 -1.085520E-03    1.734723E-18  3.469447E-18
  5.80000000E+03  0.00000000E+00  3.00000000E+01    8.673617E-19 -2.493665E-18   -3.629729E-04 -1.085580E-03   -2.602085E-18  4.336809E-19
  5.90000000E+03  0.00000000E+00  3.00000000E+01   -1.734723E-18 -2.005774E-18   -3.630241E-04 -1.085645E-03   -3.903128E-18 -8.673617E-19
  6.00000000E+03  0.00000000E+00  3.00000000E+01   -3.035766E-18 -3.035766E-18   -3.630764E-04 -1.085715E-03   -3.469447E-18  4.336809E-19
  6.10000000E+03  0.00000000E+00  3.00000000E+01   -3.035766E-18 -3.957338E-18   -3.631295E-04 -1.085789E-03    8.673617E-19  1.084202E-18
  6.20000000E+03  0.00000000E+00  3.00000000E+01    0.000000E+00 -4.011548E-18   -3.631837E-04 -1.085868E-03    1.734723E-18  1.084202E-18
  6.30000000E+03  0.00000000E+00  3.00000000E+01   -3.252607E-18 -1.084202E-19   -3.632389E-04 -1.085952E-03    0.000000E+00 -8.673617E-19
  6.40000000E+03  0.00000000E+00  3.00000000E+01   -9.540979E-18 -1.409463E-18   -3.632952E-04 -1.086040E-03    4.336809E-18  6.505213E-19
  6.50000000E+03  0.00000000E+00  3.00000000E+01   -6.505213E-19 -1.734723E-18   -3.633525E-04 -1.086133E-03   -4.336809E-19  0.000000E+00
  6.60000000E+03  0.00000000E+00  3.00000000E+01    4.336809E-18  6.505213E-19   -3.634108E-04 -1.086231E-03    8.673617E-19 -4.336809E-19
  6.70000000E+03  0.00000000E+00  3.00000000E+01    3.252607E-18 -2.059984E-18   -3.634702E-04 -1.086333E-03    6.938894E-18 -6.505213E-19
  6.80000000E+03  0.00000000E+00  3.00000000E+01    0.000000E+00 -3.035766E-18   -3.635306E-04 -1.086441E-03    2.602085E-18  1.517883E-18
  6.90000000E+03  0.00000000E+00  3.00000000E+01    1.301043E-18 -1.734723E-18   -3.635920E-04 -1.086553E-03   -2.602085E-18 -6.505213E-19
  7.00000000E+03  0.00000000E+00  3.00000000E+01   -4.336809E-18 -8.673617E-19   -3.636544E-04 -1.086671E-03    8.673617E-19  1.084202E-18
  7.10000000E+03  0.00000000E+00  3.00000000E+01   -4.553649E-18 -1.084202E-19   -3.637178E-04 -1.086793E-03    3.035766E-18 -8.673617E-19
  7.20000000E+03  0.00000000E+00  3.00000000E+01   -2.168404E-18 -1.951564E-18   -3.637821E-04 -1.086922E-03   -4.770490E-18  1.734723E-18
  7.30000000E+03  0.00000000E+00  3.00000000E+01   -6.071532E-18 -3.577867E-18   -3.638473E-04 -1.087055E-03   -1.734723E-18 -1.734723E-18
  7.40000000E+03  0.00000000E+00  3.00000000E+01   -1.084202E-17 -1.734723E-18   -3.639133E-04 -1.087195E-03   -6.938894E-18 -1.084202E-18
  7.50000000E+03  0.00000000E+00  3.00000000E+01   -1.019150E-17  1.626303E-18   -3.639802E-04 -1.087340E-03   -6.071532E-18 -1.084202E-18
  7.60000000E+03  0.00000000E+00  3.00000000E+01   -3.469447E-18 -6.505213E-19   -3.640478E-04 -1.087491E-03   -3.035766E-18 -1.084202E-18
  7.70000000E+03  0.00000000E+00  3.00000000E+01    1.084202E-18 -2.927346E-18   -3.641161E-04 -1.087649E-03   -5.204170E-18 -2.168404E-19
  7.80000000E+03  0.00000000E+00  3.00000000E+01    5.204170E-18 -8.673617E-19   -3.641849E-04 -1.087813E-03   -3.469447E-18 -1.084202E-18
  7.90000000E+03  0.00000000E+00  3.00000000E+01    3.252607E-18 -3.577867E-18   -3.642543E-04 -1.087983E-03   -2.602085E-18 -3.469447E-18
  8.00000000E+03  0.00000000E+00  3.00000000E+01   -1.734723E-18 -8.673617E-19   -3.643241E-04 -1.088161E-03   -3.903128E-18 -2.602085E-18
  8.10000000E+03  0.00000000E+00  3.00000000E+01    4.336809E-18 -1.951564E-18   -3.643942E-04 -1.088345E-03   -5.204170E-18 -3.252607E-18
  8.20000000E+03  0.00000000E+00  3.00000000E+01    4.336809E-18 -1.084202E-18   -3.644645E-04 -1.088537E-03    4.336809E-19 -2.385245E-18
  8.30000000E+03  0.00000000E+00  3.00000000E+01    8.239937E-18 -2.818926E-18   -3.645348E-04 -1.088737E-03    0.000000E+00 -1.301043E-18
  8.40000000E+03  0.00000000E+00  3.00000000E+01   -1.734723E-18 -2.385245E-18   -3.646050E-04 -1.088945E-03    4.336809E-19 -3.035766E-18
  8.50000000E+03  0.00000000E+00  3.00000000E+01    4.336809E-18 -1.192622E-18   -3.646750E-04 -1.089160E-03   -5.204170E-18 -3.035766E-18
  8.60000000E+03  0.00000000E+00  3.00000000E+01    4.336809E-18 -1.734723E-18   -3.647446E-04 -1.089385E-03    2.602085E-18 -4.336809E-19
  8.70000000E+03  0.00000000E+00  3.00000000E+01    3.469447E-18 -4.445229E-18   -3.648135E-04 -1.089618E-03   -1.734723E-18  4.336809E-19
  8.80000000E+03  0.00000000E+00  3.00000000E+01   -6.938894E-18 -3.252607E-18   -3.648817E-04 -1.089861E-03    8.673617E-19  6.505213E-19
  8.90000000E+03  0.00000000E+00  3.00000000E+01   -3.469447E-18 -3.577867E-18   -3.649488E-04 -1.090113E-03    1.734723E-18 -8.673617E-19
  9.00000000E+03  0.00000000E+00  3.00000000E+01    2.602085E-18 -2.818926E-18   -3.650147E-04 -1.090375E-03    4.770490E-18 -2.168404E-19
  9.10000000E+03  0.00000000E+00  3.00000000E+01   -1.734723E-18 -5.095750E-18   -3.650792E-04 -1.090646E-03    5.204170E-18  0.000000E+00
  9.20000000E+03  0.00000000E+00  3.00000000E+01    3.469447E-18 -9.107298E-18   -3.651420E-04 -1.090929E-03   -1.734723E-18 -2.168404E-18
  9.30000000E+03  0.00000000E+00  3.00000000E+01    6.071532E-18 -5.746272E-18   -3.652030E-04 -1.091222E-03    2.168404E-18  2.168404E-18
  9.40000000E+03  0.00000000E+00  3.00000000E+01    8.673617E-19 -1.517883E-18   -3.652619E-04 -1.091526E-03   -2.168404E-18  6.505213E-19
  9.50000000E+03  0.00000000E+00  3.00000000E+01    1.734723E-18 -2.927346E-18   -3.653188E-04 -1.091840E-03    3.469447E-18  0.000000E+00
  9.60000000E+03  0.00000000E+00  3.00000000E+01    6.071532E-18 -3.035766E-18   -3.653735E-04 -1.092166E-03    4.336809E-19 -1.734723E-18
  9.70000000E+03  0.00000000E+00  3.00000000E+01    5.637851E-18 -1.517883E-18   -3.654262E-04 -1.092501E-03    5.204170E-18  0.000000E+00
  9.80000000E+03  0.00000000E+00  3.00000000E+01    1.214306E-17  2.168404E-19   -3.654771E-04 -1.092846E-03    2.168404E-18 -1.301043E-18
  9.90000000E+03  0.00000000E+00  3.00000000E+01    9.107298E-18 -1.517883E-18   -3.655269E-04 -1.093200E-03    1.734723E-18 -2.168404E-18
  1.00000000E+04  0.00000000E+00  3.00000000E+01    8.673617E-18  4.336809E-19   -3.655771E-04 -1.093563E-03    1.301043E-18  0.000000E+00
  1.05000000E+04  0.00000000E+00  3.00000000E+01    6.938894E-18 -6.505213E-19   -3.659159E-04 -1.095290E-03    4.336809E-19  3.903128E-18
