 -1.05000000E+04  0.00000000E+00  3.00000000E+01    8.237104E-04  5.062276E-02    3.265854E-15  2.753976E-15   -3.153547E-04  7.208085E-04
 -1.00000000E+04  0.00000000E+00  3.00000000E+01    7.178978E-04  5.076530E-02    9.583519E-16  1.025271E-15   -2.705213E-04  6.671816E-04
 -9.90000000E+03  0.00000000E+00  3.00000000E+01    6.999916E-04  5.078947E-02    2.364273E-15  2.409522E-15   -2.628607E-04  6.575980E-04
 -9.80000000E+03  0.00000000E+00  3.00000000E+01    6.828422E-04  5.081259E-02    6.090970E-16  5.900968E-16   -2.553584E-04  6.480433E-04
 -9.70000000E+03  0.00000000E+00  3.00000000E+01    6.664771E-04  5.083463E-02    2.426676E-15 -1.591091E-15   -2.480690E-04  6.386182E-04
 -9.60000000E+03  0.00000000E+00  3.00000000E+01    6.507764E-04  5.085576E-02    1.327222E-15  6.958467E-16   -2.410199E-04  6.293569E-04
 -9.50000000E+03  0.00000000E+00  3.00000000E+01    6.357345E-04  5.087597E-02   -3.310513E-15 -7.597126E-16   -2.341873E-04  6.202477E-04
 -9.40000000E+03  0.00000000E+00  3.00000000E+01    6.212506E-04  5.089539E-02   -2.934026E-15 -2.409809E-15   -2.275791E-04  6.112968E-04
 -9.30000000E+03  0.00000000E+00  3.00000000E+01    6.073236E-04  5.091404E-02   -1.818487E-15  2.616371E-16   -2.211672E-04  6.024837E-04
 -9.20000000E+03  0.00000000E+00  3.00000000E+01    5.938725E-04  5.093201E-02    5.635461E-16 -6.333367E-16   -2.149570E-04  5.938109E-04
 -9.10000000E+03  0.00000000E+00  3.00000000E+01    5.809005E-04  5.094930E-02    2.006851E-15  1.088332E-15   -2.089240E-04  5.852601E-04
 -9.00000000E+03  0.00000000E+00  3.00000000E+01    5.683406E-04  5.096600E-02    2.473961E-15  1.823529E-16   -2.030739E-04  5.768341E-04
 -8.90000000E+03  0.00000000E+00  3.00000000E+01    5.561982E-04  5.098210E-02    2.423571E-15 -2.669011E-17   -1.973847E-04  5.685165E-04
 -8.80000000E+03  0.00000000E+00  3.00000000E+01    5.444174E-04  5.099768E-02   -6.380498E-16 -2.195738E-16   -1.918622E-04  5.603099E-04
 -8.70000000E+03  0.00000000E+00  3.00000000E+01    5.330052E-04  5.101273E-02   -3.028794E-15  2.185701E-17   -1.864872E-04  5.522005E-04
 -8.60000000E+03  0.00000000E+00  3.00000000E+01    5.219138E-04  5.102731E-02   -1.009060E-15 -8.444005E-16   -1.812660E-04  5.441913E-04
 -8.50000000E+03  0.00000000E+00  3.00000000E+01    5.111511E-04  5.104141E-02    9.421103E-16 -1.862547E-15   -1.761810E-04  5.362699E-04
 -8.40000000E+03  0.00000000E+00  3.00000000E+01    5.006760E-04  5.105510E-02   -1.838387E-15 -4.480376E-16   -1.712381E-04  5.284388E-04
 -8.30000000E+03  0.00000000E+00  3.00000000E+01    4.904969E-04  5.106834E-02    6.340312E-16 -4.870982E-16   -1.664218E-04  5.206873E-04
 -8.20000000E+03  0.00000000E+00  3.00000000E+01    4.805779E-04  5.108121E-02    1.083841E-15 -1.045576E-15   -1.617383E-04  5.130186E-04
 -8.10000000E+03  0.00000000E+00  3.00000000E+01    4.709275E-04  5.109368E-02   -4.480144E-16 -2.567709E-15   -1.571731E-04  5.054226E-04
 -8.00000000E+03  0.00000000E+00  3.00000000E+01    4.615143E-04  5.110580E-02   -1.274909E-15 -1.033893E-15   -1.527320E-04  4.979019E-04
 -7.90000000E+03  0.00000000E+00  3.00000000E+01    4.523471E-04  5.111756E-02   -9.386109E-16 -1.232219E-15   -1.484018E-04  4.904480E-04
 -7.80000000E+03  0.00000000E+00  3.00000000E+01    4.433976E-04  5.112900E-02    1.024838E-15  1.488030E-15   -1.441885E-04  4.830637E-04
 -7.70000000E+03  0.00000000E+00  3.00000000E+01    4.346746E-04  5.114011E-02   -1.502574E-15 -1.684429E-15   -1.400798E-04  4.757410E-04
 -7.60000000E+03  0.00000000E+00  3.00000000E+01    4.261528E-04  5.115092E-02    2.313194E-15  1.394073E-15   -1.360810E-04  4.684821E-04
 -7.50000000E+03  0.00000000E+00  3.00000000E+01    4.178413E-04  5.116143E-02   -4.394562E-16  7.084425E-17   -1.321810E-04  4.612803E-04
 -7.40000000E+03  0.00000000E+00  3.00000000E+01    4.097169E-04  5.117165E-02    1.637220E-16 -6.447948E-16   -1.283853E-04  4.541382E-04
 -7.30000000E+03  0.00000000E+00  3.00000000E+01    4.017885E-04  5.118160E-02    4.832757E-16 -9.897326E-17   -1.246831E-04  4.470489E-04
 -7.20000000E+03  0.00000000E+00  3.00000000E+01    3.940352E-04  5.119128E-02   -6.498588E-16 -3.139600E-15   -1.210796E-04  4.400149E-04
 -7.10000000E+03  0.00000000E+00  3.00000000E+01    3.864657E-04  5.120070E-02    1.320216E-15 -3.600452E-15   -1.175648E-04  4.330301E-04
 -7.00000000E+03  0.00000000E+00  3.00000000E+01    3.790610E-04  5.120988E-02   -1.831454E-15 -1.203084E-15   -1.141440E-04  4.260972E-04
 -6.90000000E+03  0.00000000E+00  3.00000000E+01    3.718294E-04  5.121881E-02    9.556237E-16 -2.839170E-15   -1.108076E-04  4.192105E-04
 -6.80000000E+03  0.00000000E+00  3.00000000E+01    3.647535E-04  5.122752E-02   -9.718756E-16 -1.091028E-15   -1.075603E-04  4.123719E-04
 -6.70000000E+03  0.00000000E+00  3.00000000E+01    3.578418E-04  5.123599E-02   -1.455299E-15 -1.948850E-15   -1.043934E-04  4.055766E-04
 -6.60000000E+03  0.00000000E+00  3.00000000E+01    3.510779E-04  5.124425E-02   -3.854246E-17 -1.176632E-15   -1.013116E-04  3.988269E-04
 -6.50000000E+03  0.00000000E+00  3.00000000E+01    3.444702E-04  5.125228E-02    2.327914E-15  2.449155E-15   -9.830640E-05  3.921179E-04
 -6.40000000E+03  0.00000000E+00  3.00000000E+01    3.380034E-04  5.126012E-02    1.118876E-15  1.911420E-15   -9.538219E-05  3.854513E-04
 -6.30000000E+03  0.00000000E+00  3.00000000E+01    3.316860E-04  5.126775E-02    3.488551E-16  3.332763E-15   -9.253108E-05  3.788230E-04
 -6.20000000E+03  0.00000000E+00  3.00000000E+01    3.255036E-04  5.127519E-02    7.858115E-16  1.486023E-15   -8.975740E-05  3.722352E-04
 -6.10000000E+03  0.00000000E+00  3.00000000E+01    3.194646E-04  5.128243E-02   -2.594793E-16 -3.240669E-17   -8.705349E-05  3.656835E-04
 -6.00000000E+03  0.00000000E+00  3.00000000E+01    3.135554E-04  5.128949E-02    1.711730E-15  2.370428E-15   -8.442334E-05  3.591695E-04
 -5.90000000E+03  0.00000000E+00  3.00000000E+01    3.077844E-04  5.129636E-02   -1.634065E-15 -3.220485E-16   -8.185980E-05  3.526897E-04
 -5.80000000E+03  0.00000000E+00  3.00000000E+01    3.021387E-04  5.130306E-02    3.182283E-15  3.329826E-15   -7.936685E-05  3.462459E-04
 -5.70000000E+03  0.00000000E+00  3.00000000E+01    2.966268E-04  5.130958E-02    1.672428E-15  3.102382E-16   -7.693749E-05  3.398342E-04
 -5.60000000E+03  0.00000000E+00  3.00000000E+01    2.912363E-04  5.131593E-02    2.228204E-15  3.457497E-15   -7.457538E-05  3.334563E-04
 -5.50000000E+03  0.00000000E+00  3.00000000E+01    2.859758E-04  5.132211E-02    1.201514E-15  3.146817E-16   -7.227400E-05  3.271088E-04
 -5.40000000E+03  0.00000000E+00  3.00000000E+01    2.808334E-04  5.132813E-02    2.171592E-16 -2.003775E-16   -7.003693E-05  3.207935E-04
 -5.30000000E+03  0.00000000E+00  3.00000000E+01    2.758176E-04  5.133399E-02    7.762484E-16  7.572794E-16   -6.785782E-05  3.145070E-04
 -5.20000000E+03  0.00000000E+00  3.00000000E+01    2.709173E-04  5.133969E-02    2.229843E-16  1.109299E-15   -6.573993E-05  3.082505E-04
 -5.10000000E+03  0.00000000E+00  3.00000000E+01    2.661407E-04  5.134524E-02    3.477392E-16  1.016163E-15   -6.367729E-05  3.020211E-04
 -5.00000000E+03  0.00000000E+00  3.00000000E+01    2.614774E-04  5.135063E-02   -7.245665E-16  2.044031E-15   -6.167316E-05  2.958204E-04
 -4.90000000E+03  0.00000000E+00  3.00000000E+01    2.569354E-04  5.135588E-02    2.223936E-15  6.379784E-16   -5.972167E-05  2.896453E-04
 -4.80000000E+03  0.00000000E+00  3.00000000E+01    2.525048E-04  5.136098E-02    1.549928E-15  2.598977E-15   -5.782577E-05  2.834968E-04
 -4.70000000E+03  0.00000000E+00  3.00000000E+01    2.481938E-04  5.136593E-02    2.925335E-15  1.333600E-16   -5.597996E-05  2.773724E-04
 -4.60000000E+03  0.00000000E+00  3.00000000E+01    2.439926E-04  5.137074E-02    1.002867E-15 -2.222332E-16   -5.418711E-05  2.712733E-04
 -4.50000000E+03  0.00000000E+00  3.00000000E+01    2.399096E-04  5.137541E-02    1.075728E-15  3.954184E-16   -5.244186E-05  2.651969E-04
 -4.40000000E+03  0.00000000E+00  3.00000000E+01    2.359353E-04  5.137994E-02   -4.353907E-16 -1.102522E-15   -5.074678E-05  2.591438E-04
 -4.30000000E+03  0.00000000E+00  3.00000000E+01    2.320783E-04  5.138433E-02    3.331976E-15  4.303059E-15   -4.909683E-05  2.531118E-04
 -4.20000000E+03  0.00000000E+00  3.00000000E+01    2.283291E-04  5.138859E-02    1.258055E-15  2.844251E-15   -4.749450E-05  2.471020E-04
 -4.10000000E+03  0.00000000E+00  3.00000000E+01    2.246964E-04  5.139271E-02   -2.996587E-16  1.721337E-15   -4.593487E-05  2.411118E-04
 -4.00000000E+03  0.00000000E+00  3.00000000E+01    2.211712E-04  5.139670E-02    7.736296E-16  1.333399E-15   -4.442013E-05  2.351418E-04
 -3.90000000E+03  0.00000000E+00  3.00000000E+01    2.177624E-04  5.140056E-02    3.790801E-15  5.338233E-15   -4.294568E-05  2.291900E-04
 -3.80000000E+03  0.00000000E+00  3.00000000E+01    2.144609E-04  5.140429E-02    1.177616E-15  7.007759E-16   -4.151359E-05  2.232573E-04
 -3.70000000E+03  0.00000000E+00  3.00000000E+01    2.112757E-04  5.140788E-02   -2.169355E-15  1.266413E-16   -4.011938E-05  2.173412E-04
 -3.60000000E+03  0.00000000E+00  3.00000000E+01    2.081981E-04  5.141135E-02   -5.327893E-16  4.844715E-16   -3.876485E-05  2.114422E-04
 -3.50000000E+03  0.00000000E+00  3.00000000E+01    2.052372E-04  5.141469E-02    1.255628E-15  1.873971E-15   -3.744577E-05  2.055584E-04
 -3.40000000E+03  0.00000000E+00  3.00000000E+01    2.023844E-04  5.141791E-02    2.221009E-15 -1.171737E-16   -3.616384E-05  1.996906E-04
 -3.30000000E+03  0.00000000E+00  3.00000000E+01    1.996490E-04  5.142100E-02   -6.918680E-16 -7.389599E-16   -3.491494E-05  1.938365E-04
 -3.20000000E+03  0.00000000E+00  3.00000000E+01    1.970224E-04  5.142396E-02    4.199198E-16  2.098722E-16   -3.370046E-05  1.879964E-04
 -3.10000000E+03  0.00000000E+00  3.00000000E+01    1.945143E-04  5.142680E-02   -2.416120E-15 -1.818699E-15   -3.251656E-05  1.821687E-04
 -3.00000000E+03  0.00000000E+00  3.00000000E+01    1.921162E-04  5.142951E-02   -1.616638E-15 -2.843318E-15   -3.136448E-05  1.763538E-04
 -2.90000000E+03  0.00000000E+00  3.00000000E+01    1.898378E-04  5.143210E-02   -5.159409E-15 -2.371041E-15   -3.024048E-05  1.705499E-04
 -2.80000000E+03  0.00000000E+00  3.00000000E+01    1.876707E-04  5.143457E-02    1.097746E-15 -7.355123E-16   -2.914549E-05  1.647569E-04
 -2.70000000E+03  0.00000000E+00  3.00000000E+01    1.856250E-04  5.143690E-02   -6.032905E-16  2.139701E-15   -2.807602E-05  1.589736E-04
 -2.60000000E+03  0.00000000E+00  3.00000000E+01    1.836922E-04  5.143912E-02    1.209488E-15  9.940620E-17   -2.703281E-05  1.532000E-04
 -2.50000000E+03  0.00000000E+00  3.00000000E+01    1.818827E-04  5.144121E-02    1.331130E-15  9.437690E-16   -2.601246E-05  1.474347E-04
 -2.40000000E+03  0.00000000E+00  3.00000000E+01    1.801878E-04  5.144318E-02   -1.947572E-17  5.927702E-16   -2.501537E-05  1.416775E-04
 -2.30000000E+03  0.00000000E+00  3.00000000E+01    1.786183E-04  5.144502E-02    4.314278E-17 -1.930879E-15   -2.403835E-05  1.359272E-04
 -2.20000000E+03  0.00000000E+00  3.00000000E+01    1.771654E-04  5.144674E-02   -3.241806E-16  9.166940E-17   -2.308151E-05  1.301839E-04
 -2.10000000E+03  0.00000000E+00  3.00000000E+01    1.758399E-04  5.144833E-02    8.757165E-16 -9.864719E-16   -2.214176E-05  1.244463E-04
 -2.00000000E+03  0.00000000E+00  3.00000000E+01    1.746330E-04  5.144980E-02   -1.789395E-15 -1.720204E-15   -2.121873E-05  1.187138E-04
 -1.90000000E+03  0.00000000E+00  3.00000000E+01    1.735555E-04  5.145114E-02   -2.615465E-16 -4.092352E-16   -2.030949E-05  1.129856E-04
 -1.80000000E+03  0.00000000E+00  3.00000000E+01    1.725983E-04  5.145235E-02   -6.148438E-16 -6.227504E-16   -1.941323E-05  1.072613E-04
 -1.70000000E+03  0.00000000E+00  3.00000000E+01    1.717720E-04  5.145343E-02   -2.107502E-16 -2.190708E-15   -1.852697E-05  1.015395E-04
 -1.60000000E+03  0.00000000E+00  3.00000000E+01    1.710668E-04  5.145439E-02   -1.813306E-16 -4.472489E-16   -1.764915E-05  9.581909E-05
 -1.50000000E+03  0.00000000E+00  3.00000000E+01    1.704930E-04  5.145521E-02    2.901701E-16 -3.559366E-15   -1.677674E-05  9.009884E-05
 -1.40000000E+03  0.00000000E+00  3.00000000E+01    1.700401E-04  5.145591E-02    6.234488E-16 -1.532222E-16   -1.590722E-05  8.437707E-05
 -1.30000000E+03  0.00000000E+00  3.00000000E+01    1.697168E-04  5.145647E-02    4.027846E-15  1.698506E-15   -1.503717E-05  7.865156E-05
 -1.20000000E+03  0.00000000E+00  3.00000000E+01    1.695115E-04  5.145690E-02    3.756833E-15  5.090466E-16   -1.416241E-05  7.291865E-05
 -1.10000000E+03  0.00000000E+00  3.00000000E+01    1.694309E-04  5.145720E-02   -8.348050E-16 -1.213408E-15   -1.327886E-05  6.717524E-05
 -1.00000000E+03  0.00000000E+00  3.00000000E+01    1.694614E-04  5.145737E-02    2.335845E-15 -4.431669E-16   -1.237991E-05  6.141505E-05
 -9.00000000E+02  0.00000000E+00  3.00000000E+01    1.696061E-04  5.145741E-02   -5.144076E-16 -2.281818E-15   -1.146004E-05  5.563245E-05
 -8.00000000E+02  0.00000000E+00  3.00000000E+01    1.698489E-04  5.145733E-02   -1.229170E-15 -9.976451E-16   -1.050845E-05  4.981571E-05
 -7.00000000E+02  0.00000000E+00  3.00000000E+01    1.701871E-04  5.145713E-02   -2.749419E-15 -9.892324E-16   -9.517103E-06  4.395586E-05
 -6.00000000E+02  0.00000000E+00  3.00000000E+01    1.706005E-04  5.145683E-02    9.307142E-16  1.122560E-15   -8.467956E-06  3.803246E-05
 -5.00000000E+02  0.00000000E+00  3.00000000E+01    1.710758E-04  5.145644E-02   -1.169623E-15 -2.908698E-15   -7.347902E-06  3.202979E-05
 -4.00000000E+02  0.00000000E+00  3.00000000E+01    1.715829E-04  5.145599E-02   -2.142989E-15 -1.753549E-15   -6.127156E-06  2.591273E-05
 -3.00000000E+02  0.00000000E+00  3.00000000E+01    1.720829E-04  5.145551E-02   -1.766072E-15 -1.301089E-15   -4.789533E-06  1.966134E-05
 -2.00000000E+02  0.00000000E+00  3.00000000E+01    1.725227E-04  5.145508E-02   -1.370923E-15 -2.234287E-15   -3.307012E-06  1.324161E-05
 -1.00000000E+02  0.00000000E+00  3.00000000E+01    1.728247E-04  5.145478E-02   -1.805810E-15 -2.229564E-15   -1.697020E-06  6.672255E-06
  0.00000000E+00  0.00000000E+00  3.00000000E+01    1.729394E-04  5.145466E-02   -6.683196E-16 -2.262216E-15    6.254330E-12 -7.383427E-12
  1.00000000E+02  0.00000000E+00  3.00000000E+01    1.728247E-04  5.145478E-02   -1.776040E-15 -1.440288E-15    1.697032E-06 -6.672269E-06
  2.00000000E+02  0.00000000E+00  3.00000000E+01    1.725226E-04  5.145508E-02    5.369211E-17  5.263068E-16    3.307022E-06 -1.324163E-05
  3.00000000E+02  0.00000000E+00  3.00000000E+01    1.720829E-04  5.145551E-02   -1.103773E-15 -4.219785E-16    4.789540E-06 -1.966135E-05
  4.00000000E+02  0.00000000E+00  3.00000000E+01    1.715829E-04  5.145599E-02   -4.160827E-16 -1.575039E-16    6.127160E-06 -2.591274E-05
  5.00000000E+02  0.00000000E+00  3.00000000E+01    1.710758E-04  5.145644E-02   -3.901837E-16 -1.898705E-15    7.347904E-06 -3.202979E-05
  6.00000000E+02  0.00000000E+00  3.00000000E+01    1.706005E-04  5.145683E-02    3.569621E-16  7.622420E-16    8.467955E-06 -3.803246E-05
  7.00000000E+02  0.00000000E+00  3.00000000E+01    1.701871E-04  5.145713E-02   -3.145373E-15  1.072848E-17    9.517101E-06 -4.395585E-05
  8.00000000E+02  0.00000000E+00  3.00000000E+01    1.698489E-04  5.145733E-02   -4.424364E-16  1.968818E-15    1.050845E-05 -4.981571E-05
  9.00000000E+02  0.00000000E+00  3.00000000E+01    1.696061E-04  5.145741E-02   -2.983441E-15  9.287787E-16    1.146004E-05 -5.563244E-05
  1.00000000E+03  0.00000000E+00  3.00000000E+01    1.694614E-04  5.145737E-02   -9.674887E-16 -2.414719E-16    1.237991E-05 -6.141505E-05
  1.10000000E+03  0.00000000E+00  3.00000000E+01    1.694309E-04  5.145720E-02   -1.589789E-15 -1.508553E-16    1.327886E-05 -6.717523E-05
  1.20000000E+03  0.00000000E+00  3.00000000E+01    1.695115E-04  5.145690E-02    1.013112E-15  8.194646E-16    1.416241E-05 -7.291865E-05
  1.30000000E+03  0.00000000E+00  3.00000000E+01    1.697168E-04  5.145647E-02   -6.915184E-16 -2.285043E-16    1.503716E-05 -7.865156E-05
  1.40000000E+03  0.00000000E+00  3.00000000E+01    1.700401E-04  5.145591E-02   -1.920512E-16  8.507405E-16    1.590722E-05 -8.437707E-05
  1.50000000E+03  0.00000000E+00  3.00000000E+01    1.704930E-04  5.145521E-02   -1.070646E-15 -1.263671E-15    1.677674E-05 -9.009884E-05
  1.60000000E+03  0.00000000E+00  3.00000000E+01    1.710668E-04  5.145439E-02    1.158151E-15 -1.580668E-15    1.764915E-05 -9.581909E-05
  1.70000000E+03  0.00000000E+00  3.00000000E+01    1.717720E-04  5.145343E-02    5.010308E-16  2.391001E-15    1.852697E-05 -1.015395E-04
  1.80000000E+03  0.00000000E+00  3.00000000E+01    1.725983E-04  5.145235E-02    1.006370E-15  1.906497E-15    1.941323E-05 -1.072613E-04
  1.90000000E+03  0.00000000E+00  3.00000000E+01    1.735555E-04  5.145114E-02    2.165650E-15  3.727581E-15    2.030949E-05 -1.129856E-04
  2.00000000E+03  0.00000000E+00  3.00000000E+01    1.746330E-04  5.144980E-02    1.968862E-15  9.361154E-16    2.121873E-05 -1.187138E-04
  2.10000000E+03  0.00000000E+00  3.00000000E+01    1.758399E-04  5.144833E-02    1.931959E-15 -4.600175E-16    2.214176E-05 -1.244463E-04
  2.20000000E+03  0.00000000E+00  3.00000000E+01    1.771654E-04  5.144674E-02    1.319771E-15  1.430782E-15    2.308151E-05 -1.301839E-04
  2.30000000E+03  0.00000000E+00  3.00000000E+01    1.786183E-04  5.144502E-02    6.367993E-16  1.992185E-15    2.403834E-05 -1.359272E-04
  2.40000000E+03  0.00000000E+00  3.00000000E+01    1.801878E-04  5.144318E-02   -5.972581E-16 -3.674507E-16    2.501537E-05 -1.416775E-04
  2.50000000E+03  0.00000000E+00  3.00000000E+01    1.818827E-04  5.144121E-02    5.987288E-16  5.599091E-16    2.601246E-05 -1.474347E-04
  2.60000000E+03  0.00000000E+00  3.00000000E+01    1.836922E-04  5.143912E-02   -1.537506E-15 -1.983293E-15    2.703281E-05 -1.532000E-04
  2.70000000E+03  0.00000000E+00  3.00000000E+01    1.856250E-04  5.143690E-02   -9.977678E-18 -9.647876E-16    2.807602E-05 -1.589736E-04
  2.80000000E+03  0.00000000E+00  3.00000000E+01    1.876707E-04  5.143457E-02    3.362495E-16 -1.025438E-15    2.914549E-05 -1.647569E-04
  2.90000000E+03  0.00000000E+00  3.00000000E+01    1.898378E-04  5.143210E-02   -1.900066E-15  6.850318E-16    3.024048E-05 -1.705499E-04
  3.00000000E+03  0.00000000E+00  3.00000000E+01    1.921162E-04  5.142951E-02   -1.059509E-15 -1.863813E-16    3.136448E-05 -1.763538E-04
  3.10000000E+03  0.00000000E+00  3.00000000E+01    1.945143E-04  5.142680E-02   -4.995019E-15 -3.754371E-15    3.251656E-05 -1.821687E-04
  3.20000000E+03  0.00000000E+00  3.00000000E+01    1.970224E-04  5.142396E-02   -1.259596E-15 -2.316874E-15    3.370046E-05 -1.879964E-04
  3.30000000E+03  0.00000000E+00  3.00000000E+01    1.996490E-04  5.142100E-02    1.995775E-15  1.599217E-15    3.491494E-05 -1.938365E-04
  3.40000000E+03  0.00000000E+00  3.00000000E+01    2.023844E-04  5.141791E-02   -1.804930E-15 -1.155562E-15    3.616384E-05 -1.996906E-04
  3.50000000E+03  0.00000000E+00  3.00000000E+01    2.052372E-04  5.141469E-02   -1.412920E-15 -1.149910E-15    3.744577E-05 -2.055584E-04
  3.60000000E+03  0.00000000E+00  3.00000000E+01    2.081981E-04  5.141135E-02   -7.576804E-16 -1.424360E-15    3.876485E-05 -2.114422E-04
  3.70000000E+03  0.00000000E+00  3.00000000E+01    2.112757E-04  5.140788E-02   -1.754304E-15  6.148779E-16    4.011938E-05 -2.173412E-04
  3.80000000E+03  0.00000000E+00  3.00000000E+01    2.144609E-04  5.140429E-02   -3.023323E-15  2.207380E-16    4.151359E-05 -2.232573E-04
  3.90000000E+03  0.00000000E+00  3.00000000E+01    2.177624E-04  5.140056E-02   -4.451114E-16 -2.512022E-15    4.294568E-05 -2.291900E-04
  4.00000000E+03  0.00000000E+00  3.00000000E+01    2.211712E-04  5.139670E-02   -1.847327E-15  2.225814E-16    4.442013E-05 -2.351418E-04
  4.10000000E+03  0.00000000E+00  3.00000000E+01    2.246964E-04  5.139271E-02    2.975575E-15  4.455118E-17    4.593487E-05 -2.411118E-04
  4.20000000E+03  0.00000000E+00  3.00000000E+01    2.283291E-04  5.138859E-02    1.082951E-15  1.579626E-15    4.749450E-05 -2.471020E-04
  4.30000000E+03  0.00000000E+00  3.00000000E+01    2.320783E-04  5.138433E-02   -1.254334E-15 -1.534378E-15    4.909683E-05 -2.531118E-04
  4.40000000E+03  0.00000000E+00  3.00000000E+01    2.359353E-04  5.137994E-02   -1.583336E-17 -6.524159E-16    5.074678E-05 -2.591438E-04
  4.50000000E+03  0.00000000E+00  3.00000000E+01    2.399096E-04  5.137541E-02   -2.017672E-15 -1.276537E-15    5.244186E-05 -2.651969E-04
  4.60000000E+03  0.00000000E+00  3.00000000E+01    2.439926E-04  5.137074E-02   -6.496641E-16 -7.661475E-16    5.418711E-05 -2.712733E-04
  4.70000000E+03  0.00000000E+00  3.00000000E+01    2.481938E-04  5.136593E-02   -2.217061E-15 -3.099065E-15    5.597996E-05 -2.773724E-04
  4.80000000E+03  0.00000000E+00  3.00000000E+01    2.525048E-04  5.136098E-02    1.761219E-15  1.957244E-17    5.782577E-05 -2.834968E-04
  4.90000000E+03  0.00000000E+00  3.00000000E+01    2.569354E-04  5.135588E-02   -9.923575E-16 -1.250325E-15    5.972167E-05 -2.896453E-04
  5.00000000E+03  0.00000000E+00  3.00000000E+01    2.614774E-04  5.135063E-02   -2.082844E-16 -1.986024E-15    6.167316E-05 -2.958204E-04
  5.10000000E+03  0.00000000E+00  3.00000000E+01    2.661407E-04  5.134524E-02    2.411530E-15  1.664064E-15    6.367729E-05 -3.020211E-04
  5.20000000E+03  0.00000000E+00  3.00000000E+01    2.709173E-04  5.133969E-02   -2.009092E-15 -1.579954E-16    6.573993E-05 -3.082505E-04
  5.30000000E+03  0.00000000E+00  3.00000000E+01    2.758176E-04  5.133399E-02   -2.307390E-15 -3.083464E-15    6.785782E-05 -3.145070E-04
  5.40000000E+03  0.00000000E+00  3.00000000E+01    2.808334E-04  5.132813E-02   -7.787168E-16 -9.281624E-16    7.003693E-05 -3.207935E-04
  5.50000000E+03  0.00000000E+00  3.00000000E+01    2.859758E-04  5.132211E-02   -8.295746E-16 -4.177799E-17    7.227400E-05 -3.271088E-04
  5.60000000E+03  0.00000000E+00  3.00000000E+01    2.912363E-04  5.131593E-02   -6.765850E-16  2.261057E-17    7.457538E-05 -3.334563E-04
  5.70000000E+03  0.00000000E+00  3.00000000E+01    2.966268E-04  5.130958E-02   -5.618352E-16 -1.214523E-15    7.693749E-05 -3.398342E-04
  5.80000000E+03  0.00000000E+00  3.00000000E+01    3.021387E-04  5.130306E-02    5.077905E-16 -4.067209E-17    7.936685E-05 -3.462459E-04
  5.90000000E+03  0.00000000E+00  3.00000000E+01    3.077844E-04  5.129636E-02    1.708491E-15  1.539915E-16    8.185980E-05 -3.526897E-04
  6.00000000E+03  0.00000000E+00  3.00000000E+01    3.135554E-04  5.128949E-02   -2.512587E-16  4.804180E-16    8.442334E-05 -3.591695E-04
  6.10000000E+03  0.00000000E+00  3.00000000E+01    3.194646E-04  5.128243E-02    7.636154E-16 -2.185419E-15    8.705349E-05 -3.656835E-04
  6.20000000E+03  0.00000000E+00  3.00000000E+01    3.255036E-04  5.127519E-02    3.454693E-16 -4.475239E-16    8.975740E-05 -3.722352E-04
  6.30000000E+03  0.00000000E+00  3.00000000E+01    3.316860E-04  5.126775E-02    3.173512E-15  1.679948E-15    9.253108E-05 -3.788230E-04
  6.40000000E+03  0.00000000E+00  3.00000000E+01    3.380034E-04  5.126012E-02    1.777328E-15  1.754930E-15    9.538219E-05 -3.854513E-04
  6.50000000E+03  0.00000000E+00  3.00000000E+01    3.444702E-04  5.125228E-02    1.329079E-17  1.039626E-15    9.830640E-05 -3.921179E-04
  6.60000000E+03  0.00000000E+00  3.00000000E+01    3.510779E-04  5.124425E-02   -9.827627E-16 -1.434611E-15    1.013116E-04 -3.988269E-04
  6.70000000E+03  0.00000000E+00  3.00000000E+01    3.578418E-04  5.123599E-02    1.465306E-15  1.673595E-15    1.043934E-04 -4.055766E-04
  6.80000000E+03  0.00000000E+00  3.00000000E+01    3.647535E-04  5.122752E-02   -2.473291E-15 -1.486425E-15    1.075603E-04 -4.123719E-04
  6.90000000E+03  0.00000000E+00  3.00000000E+01    3.718294E-04  5.121881E-02   -2.323233E-16 -5.689051E-16    1.108076E-04 -4.192105E-04
  7.00000000E+03  0.00000000E+00  3.00000000E+01    3.790610E-04  5.120988E-02   -2.387305E-15 -2.010954E-15    1.141440E-04 -4.260972E-04
  7.10000000E+03  0.00000000E+00  3.00000000E+01    3.864657E-04  5.120070E-02    1.374880E-15  1.763296E-15    1.175648E-04 -4.330301E-04
  7.20000000E+03  0.00000000E+00  3.00000000E+01    3.940352E-04  5.119128E-02   -7.005242E-16 -9.257857E-16    1.210796E-04 -4.400149E-04
  7.30000000E+03  0.00000000E+00  3.00000000E+01    4.017885E-04  5.118160E-02    3.491947E-16 -2.425537E-15    1.246831E-04 -4.470489E-04
  7.40000000E+03  0.00000000E+00  3.00000000E+01    4.097169E-04  5.117165E-02   -2.005667E-16  5.965209E-16    1.283853E-04 -4.541382E-04
  7.50000000E+03  0.00000000E+00  3.00000000E+01    4.178413E-04  5.116143E-02   -1.539324E-15 -1.793695E-15    1.321810E-04 -4.612803E-04
  7.60000000E+03  0.00000000E+00  3.00000000E+01    4.261528E-04  5.115092E-02   -5.969274E-16  4.226653E-16    1.360810E-04 -4.684821E-04
  7.70000000E+03  0.00000000E+00  3.00000000E+01    4.346746E-04  5.114011E-02    3.416876E-16 -2.092366E-16    1.400798E-04 -4.757410E-04
  7.80000000E+03  0.00000000E+00  3.00000000E+01    4.433976E-04  5.112900E-02    5.575608E-16  8.351747E-16    1.441885E-04 -4.830637E-04
  7.90000000E+03  0.00000000E+00  3.00000000E+01    4.523471E-04  5.111756E-02    1.829308E-15  2.596383E-15    1.484018E-04 -4.904480E-04
  8.00000000E+03  0.00000000E+00  3.00000000E+01    4.615143E-04  5.110580E-02    1.169871E-15  1.137349E-15    1.527320E-04 -4.979019E-04
  8.10000000E+03  0.00000000E+00  3.00000000E+01    4.709275E-04  5.109368E-02   -1.816440E-15 -5.971063E-16    1.571731E-04 -5.054226E-04
  8.20000000E+03  0.00000000E+00  3.00000000E+01    4.805779E-04  5.108121E-02    6.973374E-16 -4.917031E-16    1.617383E-04 -5.130186E-04
  8.30000000E+03  0.00000000E+00  3.00000000E+01    4.904969E-04  5.106834E-02    2.217461E-15 -6.562505E-16    1.664218E-04 -5.206873E-04
  8.40000000E+03  0.00000000E+00  3.00000000E+01    5.006760E-04  5.105510E-02   -1.617783E-15  3.279538E-16    1.712381E-04 -5.284388E-04
  8.50000000E+03  0.00000000E+00  3.00000000E+01    5.111511E-04  5.104141E-02   -6.242869E-16  1.000770E-15    1.761810E-04 -5.362699E-04
  8.60000000E+03  0.00000000E+00  3.00000000E+01    5.219138E-04  5.102731E-02   -7.386461E-17 -1.299543E-15    1.812660E-04 -5.441913E-04
  8.70000000E+03  0.00000000E+00  3.00000000E+01    5.330052E-04  5.101273E-02    1.556586E-16 -3.376953E-16    1.864872E-04 -5.522005E-04
  8.80000000E+03  0.00000000E+00  3.00000000E+01    5.444174E-04  5.099768E-02    3.807795E-18  1.565126E-16    1.918622E-04 -5.603099E-04
  8.90000000E+03  0.00000000E+00  3.00000000E+01    5.561982E-04  5.098210E-02    8.294452E-16 -3.924889E-16    1.973847E-04 -5.685165E-04
  9.00000000E+03  0.00000000E+00  3.00000000E+01    5.683406E-04  5.096600E-02   -2.226630E-15 -2.394949E-15    2.030739E-04 -5.768341E-04
  9.10000000E+03  0.00000000E+00  3.00000000E+01    5.809005E-04  5.094930E-02   -1.349982E-16 -7.028308E-16    2.089240E-04 -5.852601E-04
  9.20000000E+03  0.00000000E+00  3.00000000E+01    5.938725E-04  5.093201E-02    1.963324E-15 -5.542723E-16    2.149570E-04 -5.938109E-04
  9.30000000E+03  0.00000000E+00  3.00000000E+01    6.073236E-04  5.091404E-02   -1.519786E-15  4.053303E-15    2.211672E-04 -6.024837E-04
  9.40000000E+03  0.00000000E+00  3.00000000E+01    6.212506E-04  5.089539E-02   -1.428720E-15 -1.505124E-15    2.275791E-04 -6.112968E-04
  9.50000000E+03  0.00000000E+00  3.00000000E+01    6.357345E-04  5.087597E-02    1.829499E-15  6.214263E-16    2.341873E-04 -6.202477E-04
  9.60000000E+03  0.00000000E+00  3.00000000E+01    6.507764E-04  5.085576E-02    5.985294E-17  1.406931E-16    2.410199E-04 -6.293569E-04
  9.70000000E+03  0.00000000E+00  3.00000000E+01    6.664771E-04  5.083463E-02    2.382343E-15  3.611435E-15    2.480690E-04 -6.386182E-04
  9.80000000E+03  0.00000000E+00  3.00000000E+01    6.828422E-04  5.081259E-02    4.565406E-16 -4.329152E-16    2.553584E-04 -6.480433E-04
  9.90000000E+03  0.00000000E+00  3.00000000E+01    6.999916E-04  5.078947E-02    3.746476E-16 -7.326738E-16    2.628607E-04 -6.575980E-04
  1.00000000E+04  0.00000000E+00  3.00000000E+01    7.178978E-04  5.076530E-02    3.896410E-16 -1.545750E-15    2.705213E-04 -6.671816E-04
  1.05000000E+04  0.00000000E+00  3.00000000E+01    8.237104E-04  5.062276E-02    5.220971E-16  1.303807E-15    3.153547E-04 -7.208085E-04
