 -1.0500000e+04   0.0000000e+00   3.0000000e+01     9.91151e-16   9.92113e-16    7.80641e-03   1.01875e-03
 -1.0000000e+04   0.0000000e+00   3.0000000e+01     2.27732e-16   5.91029e-16    1.17410e-03  -1.05465e-03
 -9.9000000e+03   0.0000000e+00   3.0000000e+01    -1.55234e-16  -2.59347e-16    8.61415e-04  -9.20386e-04
 -9.8000000e+03   0.0000000e+00   3.0000000e+01    -1.27014e-16  -8.28615e-16    6.41593e-04  -7.95627e-04
 -9.7000000e+03   0.0000000e+00   3.0000000e+01     2.25728e-16   1.07237e-16    4.88414e-04  -6.87680e-04
 -9.6000000e+03   0.0000000e+00   3.0000000e+01    -9.73416e-17   5.36882e-16    3.78900e-04  -5.96888e-04
 -9.5000000e+03   0.0000000e+00   3.0000000e+01    -2.67060e-16  -2.91008e-16    2.99329e-04  -5.21513e-04
 -9.4000000e+03   0.0000000e+00   3.0000000e+01    -6.11289e-16   3.46069e-16    2.39791e-04  -4.58718e-04
 -9.3000000e+03   0.0000000e+00   3.0000000e+01    -3.36782e-16  -6.70613e-16    1.94489e-04  -4.06146e-04
 -9.2000000e+03   0.0000000e+00   3.0000000e+01    -5.02350e-16   5.77650e-16    1.59049e-04  -3.61625e-04
 -9.1000000e+03   0.0000000e+00   3.0000000e+01    -5.35299e-16  -2.76215e-17    1.31263e-04  -3.23818e-04
 -9.0000000e+03   0.0000000e+00   3.0000000e+01    -7.13813e-16   8.37723e-16    1.09043e-04  -2.91383e-04
 -8.9000000e+03   0.0000000e+00   3.0000000e+01    -1.38587e-16   7.83787e-16    9.11550e-05  -2.63420e-04
 -8.8000000e+03   0.0000000e+00   3.0000000e+01    -3.91848e-16  -3.23889e-16    7.64329e-05  -2.39069e-04
 -8.7000000e+03   0.0000000e+00   3.0000000e+01    -3.06410e-16   6.13732e-16    6.44246e-05  -2.17905e-04
 -8.6000000e+03   0.0000000e+00   3.0000000e+01     1.10368e-15  -1.60164e-16    5.44841e-05  -1.99372e-04
 -8.5000000e+03   0.0000000e+00   3.0000000e+01     7.74160e-16   9.66194e-16    4.62424e-05  -1.83106e-04
 -8.4000000e+03   0.0000000e+00   3.0000000e+01     2.08215e-16   4.43646e-16    3.92609e-05  -1.68692e-04
 -8.3000000e+03   0.0000000e+00   3.0000000e+01    -2.73639e-16   7.67562e-16    3.34167e-05  -1.55952e-04
 -8.2000000e+03   0.0000000e+00   3.0000000e+01    -7.80887e-16   6.04754e-16    2.84391e-05  -1.44598e-04
 -8.1000000e+03   0.0000000e+00   3.0000000e+01    -1.20657e-15   6.31751e-16    2.41919e-05  -1.34459e-04
 -8.0000000e+03   0.0000000e+00   3.0000000e+01    -5.68368e-16   2.96696e-16    2.04902e-05  -1.25330e-04
 -7.9000000e+03   0.0000000e+00   3.0000000e+01    -4.42964e-16  -9.66774e-17    1.73289e-05  -1.17163e-04
 -7.8000000e+03   0.0000000e+00   3.0000000e+01     7.75970e-16  -7.91413e-16    1.45930e-05  -1.09817e-04
 -7.7000000e+03   0.0000000e+00   3.0000000e+01     1.30183e-15  -5.76506e-16    1.22298e-05  -1.03211e-04
 -7.6000000e+03   0.0000000e+00   3.0000000e+01     8.73362e-16  -5.83339e-16    1.01412e-05  -9.72220e-05
 -7.5000000e+03   0.0000000e+00   3.0000000e+01     2.45027e-16  -3.81165e-16    8.32896e-06  -9.18227e-05
 -7.4000000e+03   0.0000000e+00   3.0000000e+01     1.17925e-15  -1.21849e-15    6.72545e-06  -8.69207e-05
 -7.3000000e+03   0.0000000e+00   3.0000000e+01     1.14909e-15  -4.99024e-16    5.30522e-06  -8.24697e-05
 -7.2000000e+03   0.0000000e+00   3.0000000e+01    -8.14825e-17   7.45759e-17    4.01765e-06  -7.83993e-05
 -7.1000000e+03   0.0000000e+00   3.0000000e+01    -9.71894e-16   4.11210e-16    2.88076e-06  -7.47100e-05
 -7.0000000e+03   0.0000000e+00   3.0000000e+01    -2.00823e-16  -7.04236e-16    1.86106e-06  -7.13516e-05
 -6.9000000e+03   0.0000000e+00   3.0000000e+01    -1.78960e-16  -4.49628e-16    9.47718e-07  -6.82997e-05
 -6.8000000e+03   0.0000000e+00   3.0000000e+01     2.60335e-17  -1.02424e-16    1.07649e-07  -6.55067e-05
 -6.7000000e+03   0.0000000e+00   3.0000000e+01    -4.38364e-16   1.39942e-16   -6.49862e-07  -6.29695e-05
 -6.6000000e+03   0.0000000e+00   3.0000000e+01     9.35190e-17   6.10369e-17   -1.34902e-06  -6.06519e-05
 -6.5000000e+03   0.0000000e+00   3.0000000e+01    -2.00236e-16  -3.71280e-16   -1.99569e-06  -5.85389e-05
 -6.4000000e+03   0.0000000e+00   3.0000000e+01     3.41930e-16  -4.81502e-16   -2.60807e-06  -5.66031e-05
 -6.3000000e+03   0.0000000e+00   3.0000000e+01     1.53726e-15  -2.24788e-16   -3.17225e-06  -5.48510e-05
 -6.2000000e+03   0.0000000e+00   3.0000000e+01     1.03827e-15  -4.46358e-16   -3.70060e-06  -5.32639e-05
 -6.1000000e+03   0.0000000e+00   3.0000000e+01     5.08947e-16  -5.36561e-16   -4.19534e-06  -5.18342e-05
 -6.0000000e+03   0.0000000e+00   3.0000000e+01     5.19309e-17   3.70875e-16   -4.67049e-06  -5.05424e-05
 -5.9000000e+03   0.0000000e+00   3.0000000e+01     1.39691e-17   5.06522e-16   -5.11948e-06  -4.93889e-05
 -5.8000000e+03   0.0000000e+00   3.0000000e+01    -1.55015e-16   2.61667e-16   -5.55310e-06  -4.83587e-05
 -5.7000000e+03   0.0000000e+00   3.0000000e+01    -7.90715e-17   1.44923e-15   -5.97314e-06  -4.74459e-05
 -5.6000000e+03   0.0000000e+00   3.0000000e+01    -8.54758e-16   7.36494e-16   -6.38809e-06  -4.66382e-05
 -5.5000000e+03   0.0000000e+00   3.0000000e+01    -1.99705e-15   1.06192e-15   -6.79029e-06  -4.59369e-05
 -5.4000000e+03   0.0000000e+00   3.0000000e+01    -1.52155e-15   9.08034e-16   -7.18570e-06  -4.53343e-05
 -5.3000000e+03   0.0000000e+00   3.0000000e+01     1.88807e-17  -1.18696e-16   -7.57495e-06  -4.48272e-05
 -5.2000000e+03   0.0000000e+00   3.0000000e+01    -4.17144e-16   1.82729e-16   -7.96502e-06  -4.44078e-05
 -5.1000000e+03   0.0000000e+00   3.0000000e+01     4.62078e-17   2.85875e-16   -8.35223e-06  -4.40738e-05
 -5.0000000e+03   0.0000000e+00   3.0000000e+01    -1.03473e-15   2.14659e-16   -8.74190e-06  -4.38203e-05
 -4.9000000e+03   0.0000000e+00   3.0000000e+01    -6.80022e-16   3.01927e-16   -9.13431e-06  -4.36443e-05
 -4.8000000e+03   0.0000000e+00   3.0000000e+01     4.88301e-16   9.21682e-16   -9.53342e-06  -4.35410e-05
 -4.7000000e+03   0.0000000e+00   3.0000000e+01    -4.81446e-16   8.59045e-16   -9.93471e-06  -4.35063e-05
 -4.6000000e+03   0.0000000e+00   3.0000000e+01    -9.62288e-17   1.15123e-15   -1.03408e-05  -4.35380e-05
 -4.5000000e+03   0.0000000e+00   3.0000000e+01    -5.41886e-16   3.74082e-17   -1.07513e-05  -4.36341e-05
 -4.4000000e+03   0.0000000e+00   3.0000000e+01     6.90997e-16   4.14104e-16   -1.11695e-05  -4.37927e-05
 -4.3000000e+03   0.0000000e+00   3.0000000e+01     2.94415e-16  -4.37758e-16   -1.15935e-05  -4.40075e-05
 -4.2000000e+03   0.0000000e+00   3.0000000e+01     6.90799e-16  -2.42411e-16   -1.20256e-05  -4.42777e-05
 -4.1000000e+03   0.0000000e+00   3.0000000e+01     5.79991e-16   5.21122e-17   -1.24653e-05  -4.45998e-05
 -4.0000000e+03   0.0000000e+00   3.0000000e+01     5.55765e-16   4.99810e-16   -1.29143e-05  -4.49711e-05
 -3.9000000e+03   0.0000000e+00   3.0000000e+01     4.57742e-16   8.09318e-16   -1.33701e-05  -4.53797e-05
 -3.8000000e+03   0.0000000e+00   3.0000000e+01     3.26294e-16   6.08679e-16   -1.38333e-05  -4.58237e-05
 -3.7000000e+03   0.0000000e+00   3.0000000e+01     6.69752e-16  -1.41547e-16   -1.43023e-05  -4.62981e-05
 -3.6000000e+03   0.0000000e+00   3.0000000e+01     3.49318e-16  -3.70604e-16   -1.47779e-05  -4.68014e-05
 -3.5000000e+03   0.0000000e+00   3.0000000e+01    -1.23594e-15  -6.11278e-16   -1.52576e-05  -4.73203e-05
 -3.4000000e+03   0.0000000e+00   3.0000000e+01    -5.67266e-16   2.46663e-16   -1.57409e-05  -4.78524e-05
 -3.3000000e+03   0.0000000e+00   3.0000000e+01    -5.47592e-16   3.61309e-16   -1.62248e-05  -4.83898e-05
 -3.2000000e+03   0.0000000e+00   3.0000000e+01    -5.12485e-16   2.38061e-16   -1.67077e-05  -4.89265e-05
 -3.1000000e+03   0.0000000e+00   3.0000000e+01     1.01288e-16   3.90722e-16   -1.71849e-05  -4.94429e-05
 -3.0000000e+03   0.0000000e+00   3.0000000e+01     8.13534e-17  -7.80112e-16   -1.76536e-05  -4.99305e-05
 -2.9000000e+03   0.0000000e+00   3.0000000e+01     9.64324e-16  -1.00338e-15   -1.81083e-05  -5.03776e-05
 -2.8000000e+03   0.0000000e+00   3.0000000e+01    -3.44071e-16   1.44401e-15   -1.85451e-05  -5.07752e-05
 -2.7000000e+03   0.0000000e+00   3.0000000e+01     2.42856e-16  -4.02121e-16   -1.89572e-05  -5.11039e-05
 -2.6000000e+03   0.0000000e+00   3.0000000e+01     2.79586e-17   3.83775e-16   -1.93394e-05  -5.13510e-05
 -2.5000000e+03   0.0000000e+00   3.0000000e+01     3.25626e-16   8.88486e-17   -1.96835e-05  -5.15021e-05
 -2.4000000e+03   0.0000000e+00   3.0000000e+01     3.97187e-16   5.40530e-17   -1.99825e-05  -5.15426e-05
 -2.3000000e+03   0.0000000e+00   3.0000000e+01     3.99045e-16  -1.60780e-16   -2.02256e-05  -5.14536e-05
 -2.2000000e+03   0.0000000e+00   3.0000000e+01     8.74995e-17  -1.83319e-16   -2.04049e-05  -5.12150e-05
 -2.1000000e+03   0.0000000e+00   3.0000000e+01     2.39981e-16  -7.21265e-16   -2.05100e-05  -5.08109e-05
 -2.0000000e+03   0.0000000e+00   3.0000000e+01     9.69715e-16  -5.70974e-16   -2.05323e-05  -5.02228e-05
 -1.9000000e+03   0.0000000e+00   3.0000000e+01     4.37125e-16  -7.75363e-16   -2.04590e-05  -4.94418e-05
 -1.8000000e+03   0.0000000e+00   3.0000000e+01     2.04102e-16  -5.66747e-16   -2.02825e-05  -4.84472e-05
 -1.7000000e+03   0.0000000e+00   3.0000000e+01     3.87354e-16  -1.88333e-15   -1.99931e-05  -4.72323e-05
 -1.6000000e+03   0.0000000e+00   3.0000000e+01    -8.76503e-16  -5.87726e-16   -1.95841e-05  -4.57856e-05
 -1.5000000e+03   0.0000000e+00   3.0000000e+01    -8.19724e-16   7.66244e-16   -1.90444e-05  -4.41242e-05
 -1.4000000e+03   0.0000000e+00   3.0000000e+01    -4.10583e-16   3.40320e-16   -1.83732e-05  -4.22325e-05
 -1.3000000e+03   0.0000000e+00   3.0000000e+01    -5.74918e-16  -9.13185e-17   -1.75725e-05  -4.01120e-05
 -1.2000000e+03   0.0000000e+00   3.0000000e+01    -8.77579e-16   3.62276e-17   -1.66514e-05  -3.77505e-05
 -1.1000000e+03   0.0000000e+00   3.0000000e+01    -1.00822e-15   8.47285e-16   -1.56167e-05  -3.51829e-05
 -1.0000000e+03   0.0000000e+00   3.0000000e+01    -9.33446e-16   7.08186e-16   -1.44859e-05  -3.24028e-05
 -9.0000000e+02   0.0000000e+00   3.0000000e+01    -1.34339e-15   8.82639e-16   -1.32753e-05  -2.94385e-05
 -8.0000000e+02   0.0000000e+00   3.0000000e+01    -8.27526e-16   5.35054e-16   -1.19982e-05  -2.63068e-05
 -7.0000000e+02   0.0000000e+00   3.0000000e+01    -1.04607e-15  -3.17426e-16   -1.06519e-05  -2.30898e-05
 -6.0000000e+02   0.0000000e+00   3.0000000e+01     5.78787e-17  -6.06735e-16   -9.23254e-06  -1.97927e-05
 -5.0000000e+02   0.0000000e+00   3.0000000e+01     5.66835e-16  -1.68177e-15   -7.73037e-06  -1.64280e-05
 -4.0000000e+02   0.0000000e+00   3.0000000e+01     2.87648e-16  -6.92216e-16   -6.13964e-06  -1.29592e-05
 -3.0000000e+02   0.0000000e+00   3.0000000e+01     1.03788e-15  -7.22284e-16   -4.46021e-06  -9.40874e-06
 -2.0000000e+02   0.0000000e+00   3.0000000e+01     1.52464e-16   8.87506e-16   -2.71473e-06  -5.73616e-06
 -1.0000000e+02   0.0000000e+00   3.0000000e+01    -1.84345e-17  -1.49538e-16   -9.33430e-07  -1.96169e-06
  0.0000000e+00   0.0000000e+00   3.0000000e+01    -8.62710e-16   6.52979e-17    8.56519e-07   1.88896e-06
  1.0000000e+02   0.0000000e+00   3.0000000e+01    -9.23849e-16   7.66170e-16    2.64246e-06   5.69090e-06
  2.0000000e+02   0.0000000e+00   3.0000000e+01     3.20556e-17   2.98810e-16    4.40309e-06   9.40621e-06
  3.0000000e+02   0.0000000e+00   3.0000000e+01     1.26764e-16  -3.30926e-16    6.11144e-06   1.29958e-05
  4.0000000e+02   0.0000000e+00   3.0000000e+01    -2.88157e-16   2.34457e-16    7.73913e-06   1.64849e-05
  5.0000000e+02   0.0000000e+00   3.0000000e+01    -2.27070e-16   1.33573e-16    9.27431e-06   1.98464e-05
  6.0000000e+02   0.0000000e+00   3.0000000e+01    -1.01130e-16   1.26674e-15    1.07126e-05   2.31238e-05
  7.0000000e+02   0.0000000e+00   3.0000000e+01     5.79981e-16  -6.63280e-16    1.20610e-05   2.63165e-05
  8.0000000e+02   0.0000000e+00   3.0000000e+01     2.57871e-16  -3.92685e-16    1.33276e-05   2.94289e-05
  9.0000000e+02   0.0000000e+00   3.0000000e+01     1.20608e-16   3.80740e-16    1.45225e-05   3.23831e-05
  1.0000000e+03   0.0000000e+00   3.0000000e+01    -2.86168e-16   5.08438e-16    1.56385e-05   3.51615e-05
  1.1000000e+03   0.0000000e+00   3.0000000e+01     4.47785e-16  -1.04220e-15    1.66626e-05   3.77327e-05
  1.2000000e+03   0.0000000e+00   3.0000000e+01     1.06173e-15   1.85014e-16    1.75779e-05   4.00996e-05
  1.3000000e+03   0.0000000e+00   3.0000000e+01     3.70318e-16  -1.36533e-15    1.83763e-05   4.22250e-05
  1.4000000e+03   0.0000000e+00   3.0000000e+01     7.74757e-16  -1.20154e-15    1.90475e-05   4.41203e-05
  1.5000000e+03   0.0000000e+00   3.0000000e+01     1.92567e-15  -1.82133e-15    1.95882e-05   4.57837e-05
  1.6000000e+03   0.0000000e+00   3.0000000e+01     1.07786e-15  -1.53900e-15    1.99982e-05   4.72314e-05
  1.7000000e+03   0.0000000e+00   3.0000000e+01     9.92030e-16  -9.87092e-17    2.02884e-05   4.84466e-05
  1.8000000e+03   0.0000000e+00   3.0000000e+01     9.06268e-16   1.30251e-16    2.04655e-05   4.94413e-05
  1.9000000e+03   0.0000000e+00   3.0000000e+01     6.22618e-16  -2.69399e-16    2.05392e-05   5.02222e-05
  2.0000000e+03   0.0000000e+00   3.0000000e+01     6.46293e-16  -2.86620e-16    2.05171e-05   5.08102e-05
  2.1000000e+03   0.0000000e+00   3.0000000e+01     7.49206e-16  -3.51104e-16    2.04123e-05   5.12143e-05
  2.2000000e+03   0.0000000e+00   3.0000000e+01     1.09597e-15  -1.12419e-15    2.02333e-05   5.14528e-05
  2.3000000e+03   0.0000000e+00   3.0000000e+01     6.82347e-16  -2.63392e-16    1.99905e-05   5.15419e-05
  2.4000000e+03   0.0000000e+00   3.0000000e+01    -2.58264e-16   1.10994e-15    1.96917e-05   5.15013e-05
  2.5000000e+03   0.0000000e+00   3.0000000e+01    -3.67057e-16   4.12293e-16    1.93480e-05   5.13502e-05
  2.6000000e+03   0.0000000e+00   3.0000000e+01    -1.99717e-16   3.26676e-16    1.89661e-05   5.11031e-05
  2.7000000e+03   0.0000000e+00   3.0000000e+01     1.52677e-15  -5.04911e-17    1.85544e-05   5.07744e-05
  2.8000000e+03   0.0000000e+00   3.0000000e+01     9.59142e-16   4.96119e-16    1.81180e-05   5.03767e-05
  2.9000000e+03   0.0000000e+00   3.0000000e+01     4.28595e-16  -1.29462e-16    1.76637e-05   4.99296e-05
  3.0000000e+03   0.0000000e+00   3.0000000e+01     1.33246e-15  -8.69585e-16    1.71955e-05   4.94419e-05
  3.1000000e+03   0.0000000e+00   3.0000000e+01     3.08292e-16   3.04107e-16    1.67188e-05   4.89256e-05
  3.2000000e+03   0.0000000e+00   3.0000000e+01     2.83740e-16   3.84441e-16    1.62365e-05   4.83888e-05
  3.3000000e+03   0.0000000e+00   3.0000000e+01    -4.12266e-16   1.41297e-17    1.57531e-05   4.78514e-05
  3.4000000e+03   0.0000000e+00   3.0000000e+01    -9.33326e-16   7.58038e-16    1.52705e-05   4.73192e-05
  3.5000000e+03   0.0000000e+00   3.0000000e+01     1.80109e-17  -3.87247e-16    1.47915e-05   4.68003e-05
  3.6000000e+03   0.0000000e+00   3.0000000e+01     9.05336e-16   1.83343e-16    1.43166e-05   4.62970e-05
  3.7000000e+03   0.0000000e+00   3.0000000e+01     8.16004e-16   2.72515e-17    1.38483e-05   4.58225e-05
  3.8000000e+03   0.0000000e+00   3.0000000e+01     5.50135e-16   2.25164e-16    1.33860e-05   4.53784e-05
  3.9000000e+03   0.0000000e+00   3.0000000e+01     7.32754e-16   2.33880e-16    1.29312e-05   4.49697e-05
  4.0000000e+03   0.0000000e+00   3.0000000e+01     1.17052e-15  -3.16797e-16    1.24832e-05   4.45984e-05
  4.1000000e+03   0.0000000e+00   3.0000000e+01    -1.11155e-16  -5.49519e-16    1.20446e-05   4.42762e-05
  4.2000000e+03   0.0000000e+00   3.0000000e+01     4.16230e-18  -4.09203e-16    1.16136e-05   4.40059e-05
  4.3000000e+03   0.0000000e+00   3.0000000e+01     1.01728e-15  -1.18351e-15    1.11909e-05   4.37911e-05
  4.4000000e+03   0.0000000e+00   3.0000000e+01     1.26852e-15  -4.25826e-16    1.07740e-05   4.36323e-05
  4.5000000e+03   0.0000000e+00   3.0000000e+01     1.77295e-15  -2.74286e-16    1.03650e-05   4.35362e-05
  4.6000000e+03   0.0000000e+00   3.0000000e+01     9.43785e-16   5.15568e-16    9.96053e-06   4.35043e-05
  4.7000000e+03   0.0000000e+00   3.0000000e+01     1.56805e-15  -1.00089e-15    9.56102e-06   4.35390e-05
  4.8000000e+03   0.0000000e+00   3.0000000e+01     3.61025e-16  -7.26887e-16    9.16385e-06   4.36421e-05
  4.9000000e+03   0.0000000e+00   3.0000000e+01    -2.47064e-16  -6.46793e-16    8.77353e-06   4.38180e-05
  5.0000000e+03   0.0000000e+00   3.0000000e+01    -4.08299e-16  -5.13378e-16    8.38616e-06   4.40713e-05
  5.1000000e+03   0.0000000e+00   3.0000000e+01     5.41412e-16  -1.19061e-15    8.00145e-06   4.44051e-05
  5.2000000e+03   0.0000000e+00   3.0000000e+01     3.74521e-16  -8.16023e-16    7.61415e-06   4.48244e-05
  5.3000000e+03   0.0000000e+00   3.0000000e+01     3.19227e-16  -1.06647e-15    7.22792e-06   4.53313e-05
  5.4000000e+03   0.0000000e+00   3.0000000e+01     7.31699e-16  -8.63064e-16    6.83584e-06   4.59337e-05
  5.5000000e+03   0.0000000e+00   3.0000000e+01     2.99735e-16  -3.15777e-16    6.43732e-06   4.66348e-05
  5.6000000e+03   0.0000000e+00   3.0000000e+01     2.55619e-16   5.57555e-16    6.02646e-06   4.74422e-05
  5.7000000e+03   0.0000000e+00   3.0000000e+01    -5.12980e-17   1.97209e-16    5.61091e-06   4.83548e-05
  5.8000000e+03   0.0000000e+00   3.0000000e+01    -2.09448e-17  -1.03099e-16    5.18226e-06   4.93847e-05
  5.9000000e+03   0.0000000e+00   3.0000000e+01     5.99483e-17  -4.42195e-16    4.73880e-06   5.05379e-05
  6.0000000e+03   0.0000000e+00   3.0000000e+01    -5.63014e-16  -7.62823e-18    4.26983e-06   5.18294e-05
  6.1000000e+03   0.0000000e+00   3.0000000e+01    -6.61457e-16  -6.75079e-17    3.78195e-06   5.32587e-05
  6.2000000e+03   0.0000000e+00   3.0000000e+01    -8.03580e-16  -7.90406e-16    3.26132e-06   5.48455e-05
  6.3000000e+03   0.0000000e+00   3.0000000e+01    -6.86455e-16  -7.23544e-16    2.70578e-06   5.65971e-05
  6.4000000e+03   0.0000000e+00   3.0000000e+01     1.21850e-16  -2.16344e-16    2.10316e-06   5.85324e-05
  6.5000000e+03   0.0000000e+00   3.0000000e+01     3.89595e-16  -2.21694e-17    1.46743e-06   6.06449e-05
  6.6000000e+03   0.0000000e+00   3.0000000e+01     3.21755e-16   3.40558e-16    7.80633e-07   6.29619e-05
  6.7000000e+03   0.0000000e+00   3.0000000e+01    -3.00317e-16   2.52111e-16    3.71181e-08   6.54984e-05
  6.8000000e+03   0.0000000e+00   3.0000000e+01    -6.76192e-16   5.85761e-16   -7.86957e-07   6.82909e-05
  6.9000000e+03   0.0000000e+00   3.0000000e+01     5.45320e-16  -4.88086e-16   -1.68213e-06   7.13419e-05
  7.0000000e+03   0.0000000e+00   3.0000000e+01     4.05847e-17  -7.31880e-16   -2.68093e-06   7.46995e-05
  7.1000000e+03   0.0000000e+00   3.0000000e+01     1.17643e-15  -1.12902e-15   -3.79380e-06   7.83879e-05
  7.2000000e+03   0.0000000e+00   3.0000000e+01     8.72820e-16  -2.03227e-16   -5.05351e-06   8.24573e-05
  7.3000000e+03   0.0000000e+00   3.0000000e+01     1.02985e-15   6.57789e-17   -6.44164e-06   8.69072e-05
  7.4000000e+03   0.0000000e+00   3.0000000e+01     8.19703e-16   1.07430e-15   -8.00772e-06   9.18079e-05
  7.5000000e+03   0.0000000e+00   3.0000000e+01     1.06396e-15   4.77757e-16   -9.77616e-06   9.72060e-05
  7.6000000e+03   0.0000000e+00   3.0000000e+01     8.80344e-16   5.07527e-16   -1.18132e-05   1.03194e-04
  7.7000000e+03   0.0000000e+00   3.0000000e+01     4.25494e-16  -2.08310e-16   -1.41154e-05   1.09798e-04
  7.8000000e+03   0.0000000e+00   3.0000000e+01     4.24471e-16  -3.33656e-16   -1.67787e-05   1.17143e-04
  7.9000000e+03   0.0000000e+00   3.0000000e+01    -1.86106e-16   7.06938e-16   -1.98531e-05   1.25308e-04
  8.0000000e+03   0.0000000e+00   3.0000000e+01    -2.98756e-16  -2.55584e-16   -2.34498e-05   1.34436e-04
  8.1000000e+03   0.0000000e+00   3.0000000e+01    -3.32907e-16  -8.54964e-16   -2.75701e-05   1.44573e-04
  8.2000000e+03   0.0000000e+00   3.0000000e+01     9.39985e-18   1.04037e-16   -3.23924e-05   1.55925e-04
  8.3000000e+03   0.0000000e+00   3.0000000e+01     2.15638e-16  -2.95941e-16   -3.80451e-05   1.68664e-04
  8.4000000e+03   0.0000000e+00   3.0000000e+01     6.16514e-16  -7.66259e-16   -4.47875e-05   1.83078e-04
  8.5000000e+03   0.0000000e+00   3.0000000e+01     2.08727e-16  -2.47550e-16   -5.27297e-05   1.99344e-04
  8.6000000e+03   0.0000000e+00   3.0000000e+01     3.55840e-16  -6.35766e-16   -6.22885e-05   2.17880e-04
  8.7000000e+03   0.0000000e+00   3.0000000e+01     1.59451e-16  -5.35011e-16   -7.38062e-05   2.39051e-04
  8.8000000e+03   0.0000000e+00   3.0000000e+01    -3.71390e-16  -4.84104e-16   -8.78880e-05   2.63417e-04
  8.9000000e+03   0.0000000e+00   3.0000000e+01    -1.71767e-16   4.96401e-16   -1.04934e-04   2.91402e-04
  9.0000000e+03   0.0000000e+00   3.0000000e+01     2.05363e-16  -5.20800e-16   -1.26024e-04   3.23874e-04
  9.1000000e+03   0.0000000e+00   3.0000000e+01     8.62796e-16  -2.68763e-16   -1.52265e-04   3.61735e-04
  9.2000000e+03   0.0000000e+00   3.0000000e+01     3.92249e-16   6.38985e-16   -1.85532e-04   4.06336e-04
  9.3000000e+03   0.0000000e+00   3.0000000e+01    -5.73936e-16   1.66973e-15   -2.27687e-04   4.59027e-04
  9.4000000e+03   0.0000000e+00   3.0000000e+01    -5.61083e-17   3.19324e-16   -2.82476e-04   5.22078e-04
  9.5000000e+03   0.0000000e+00   3.0000000e+01    -8.91988e-17   5.09895e-16   -3.54654e-04   5.98136e-04
  9.6000000e+03   0.0000000e+00   3.0000000e+01    -6.05462e-16   9.92948e-16   -4.52402e-04   6.90894e-04
  9.7000000e+03   0.0000000e+00   3.0000000e+01    -3.55849e-16   7.44383e-16   -5.87014e-04   8.04133e-04
  9.8000000e+03   0.0000000e+00   3.0000000e+01    -8.57841e-16   1.42836e-15   -7.79061e-04   9.41992e-04
  9.9000000e+03   0.0000000e+00   3.0000000e+01    -5.67908e-16   1.12535e-15   -1.05801e-03   1.10539e-03
  1.0000000e+04   0.0000000e+00   3.0000000e+01    -3.08852e-16   1.34153e-15   -1.46380e-03   1.28727e-03
  1.0500000e+04   0.0000000e+00   3.0000000e+01     8.77187e-16   2.60581e-16   -1.01979e-02  -1.25125e-03
