 -1.0500000e+04   0.0000000e+00   3.0000000e+01    -2.45497e-05   9.51640e-06   -4.67054e-20  -6.33052e-20   -2.01339e-07   4.92790e-08
 -1.0000000e+04   0.0000000e+00   3.0000000e+01    -2.49483e-05   9.58336e-06    1.44454e-20   6.64961e-23   -1.91848e-08   3.75636e-08
 -9.9000000e+03   0.0000000e+00   3.0000000e+01    -2.49874e-05   9.60047e-06    1.20149e-20  -4.97117e-20   -1.26884e-08   3.12680e-08
 -9.8000000e+03   0.0000000e+00   3.0000000e+01    -2.50184e-05   9.61710e-06    1.80828e-20  -4.17431e-20   -8.40003e-09   2.60756e-08
 -9.7000000e+03   0.0000000e+00   3.0000000e+01    -2.50434e-05   9.63278e-06    2.07991e-20  -1.09021e-20   -5.60729e-09   2.19266e-08
 -9.6000000e+03   0.0000000e+00   3.0000000e+01    -2.50637e-05   9.64730e-06    5.10985e-20  -4.47976e-20   -3.73827e-09   1.86156e-08
 -9.5000000e+03   0.0000000e+00   3.0000000e+01    -2.50804e-05   9.66062e-06    3.28418e-20  -4.76986e-20   -2.46915e-09   1.59715e-08
 -9.4000000e+03   0.0000000e+00   3.0000000e+01    -2.50944e-05   9.67280e-06    3.37917e-20  -5.83775e-20   -1.58031e-09   1.38307e-08
 -9.3000000e+03   0.0000000e+00   3.0000000e+01    -2.51061e-05   9.68392e-06    3.60083e-20  -5.82195e-20   -9.49768e-10   1.20802e-08
 -9.2000000e+03   0.0000000e+00   3.0000000e+01    -2.51160e-05   9.69408e-06    2.18858e-20  -1.64308e-20   -4.89063e-10   1.06244e-08
 -9.1000000e+03   0.0000000e+00   3.0000000e+01    -2.51246e-05   9.70337e-06    2.34628e-20  -3.32530e-20   -1.55805e-10   9.40947e-09
 -9.0000000e+03   0.0000000e+00   3.0000000e+01    -2.51319e-05   9.71188e-06   -8.31289e-21   6.62010e-22    8.94088e-11   8.38202e-09
 -8.9000000e+03   0.0000000e+00   3.0000000e+01    -2.51383e-05   9.71969e-06   -7.73957e-22  -1.69652e-20    2.68884e-10   7.50794e-09
 -8.8000000e+03   0.0000000e+00   3.0000000e+01    -2.51438e-05   9.72688e-06   -1.52171e-20  -2.99237e-20    4.03581e-10   6.75458e-09
 -8.7000000e+03   0.0000000e+00   3.0000000e+01    -2.51487e-05   9.73351e-06   -1.66878e-20   2.52487e-22    5.00783e-10   6.10712e-09
 -8.6000000e+03   0.0000000e+00   3.0000000e+01    -2.51530e-05   9.73963e-06   -4.75470e-20   1.75689e-20    5.71372e-10   5.54548e-09
 -8.5000000e+03   0.0000000e+00   3.0000000e+01    -2.51569e-05   9.74530e-06   -3.95617e-20  -3.80755e-20    6.21112e-10   5.05702e-09
 -8.4000000e+03   0.0000000e+00   3.0000000e+01    -2.51602e-05   9.75056e-06   -2.63693e-20   9.66393e-21    6.57027e-10   4.62715e-09
 -8.3000000e+03   0.0000000e+00   3.0000000e+01    -2.51633e-05   9.75544e-06   -5.36063e-20   9.17492e-21    6.80507e-10   4.25026e-09
 -8.2000000e+03   0.0000000e+00   3.0000000e+01    -2.51660e-05   9.75999e-06   -3.08952e-20   1.54914e-20    6.95577e-10   3.91652e-09
 -8.1000000e+03   0.0000000e+00   3.0000000e+01    -2.51684e-05   9.76424e-06    6.02792e-21  -1.76986e-20    7.04020e-10   3.62035e-09
 -8.0000000e+03   0.0000000e+00   3.0000000e+01    -2.51706e-05   9.76821e-06    5.18163e-20  -6.72256e-20    7.08502e-10   3.35480e-09
 -7.9000000e+03   0.0000000e+00   3.0000000e+01    -2.51726e-05   9.77192e-06    2.28317e-20   1.07460e-20    7.08697e-10   3.11865e-09
 -7.8000000e+03   0.0000000e+00   3.0000000e+01    -2.51744e-05   9.77540e-06    5.41011e-20  -1.42595e-20    7.06137e-10   2.90724e-09
 -7.7000000e+03   0.0000000e+00   3.0000000e+01    -2.51761e-05   9.77867e-06    2.01575e-20   9.98128e-21    7.01368e-10   2.71804e-09
 -7.6000000e+03   0.0000000e+00   3.0000000e+01    -2.51776e-05   9.78174e-06    2.50819e-21  -3.04389e-21    6.95670e-10   2.54701e-09
 -7.5000000e+03   0.0000000e+00   3.0000000e+01    -2.51789e-05   9.78463e-06    1.54688e-20   7.82483e-21    6.88736e-10   2.39349e-09
 -7.4000000e+03   0.0000000e+00   3.0000000e+01    -2.51802e-05   9.78735e-06    1.70211e-20   2.45030e-20    6.81375e-10   2.25450e-09
 -7.3000000e+03   0.0000000e+00   3.0000000e+01    -2.51814e-05   9.78992e-06    3.73840e-20  -8.41495e-21    6.73779e-10   2.12864e-09
 -7.2000000e+03   0.0000000e+00   3.0000000e+01    -2.51824e-05   9.79235e-06    3.33963e-20  -9.62373e-21    6.66539e-10   2.01363e-09
 -7.1000000e+03   0.0000000e+00   3.0000000e+01    -2.51834e-05   9.79464e-06    4.37971e-20  -1.85857e-20    6.59211e-10   1.90967e-09
 -7.0000000e+03   0.0000000e+00   3.0000000e+01    -2.51843e-05   9.79681e-06    2.74096e-20  -3.23230e-20    6.52149e-10   1.81517e-09
 -6.9000000e+03   0.0000000e+00   3.0000000e+01    -2.51851e-05   9.79887e-06    3.47980e-20  -4.59575e-20    6.45392e-10   1.72942e-09
 -6.8000000e+03   0.0000000e+00   3.0000000e+01    -2.51859e-05   9.80082e-06    4.65601e-20  -4.70637e-20    6.39308e-10   1.65090e-09
 -6.7000000e+03   0.0000000e+00   3.0000000e+01    -2.51866e-05   9.80267e-06    1.01365e-21  -3.40439e-20    6.33637e-10   1.57962e-09
 -6.6000000e+03   0.0000000e+00   3.0000000e+01    -2.51873e-05   9.80442e-06   -1.10040e-20  -1.97878e-20    6.28634e-10   1.51443e-09
 -6.5000000e+03   0.0000000e+00   3.0000000e+01    -2.51879e-05   9.80608e-06   -2.91860e-20  -2.36049e-20    6.24304e-10   1.45490e-09
 -6.4000000e+03   0.0000000e+00   3.0000000e+01    -2.51885e-05   9.80766e-06   -2.17892e-20  -1.23375e-20    6.20837e-10   1.40017e-09
 -6.3000000e+03   0.0000000e+00   3.0000000e+01    -2.51890e-05   9.80916e-06   -1.38450e-20  -9.19595e-21    6.17949e-10   1.35053e-09
 -6.2000000e+03   0.0000000e+00   3.0000000e+01    -2.51896e-05   9.81058e-06   -5.42044e-20   2.86958e-20    6.15766e-10   1.30539e-09
 -6.1000000e+03   0.0000000e+00   3.0000000e+01    -2.51900e-05   9.81193e-06   -5.98409e-20   3.95455e-20    6.14275e-10   1.26454e-09
 -6.0000000e+03   0.0000000e+00   3.0000000e+01    -2.51905e-05   9.81321e-06   -4.85412e-20   1.10942e-20    6.13635e-10   1.22736e-09
 -5.9000000e+03   0.0000000e+00   3.0000000e+01    -2.51909e-05   9.81442e-06   -6.09469e-20   1.77772e-20    6.13688e-10   1.19391e-09
 -5.8000000e+03   0.0000000e+00   3.0000000e+01    -2.51913e-05   9.81557e-06   -2.01132e-20  -1.36465e-21    6.14559e-10   1.16371e-09
 -5.7000000e+03   0.0000000e+00   3.0000000e+01    -2.51917e-05   9.81666e-06   -9.59584e-21   6.30229e-21    6.16234e-10   1.13661e-09
 -5.6000000e+03   0.0000000e+00   3.0000000e+01    -2.51921e-05   9.81769e-06   -9.44594e-21  -1.41320e-20    6.18808e-10   1.11220e-09
 -5.5000000e+03   0.0000000e+00   3.0000000e+01    -2.51924e-05   9.81866e-06   -2.83524e-20  -2.10208e-20    6.22102e-10   1.09059e-09
 -5.4000000e+03   0.0000000e+00   3.0000000e+01    -2.51927e-05   9.81957e-06    1.41930e-21  -2.36314e-20    6.26191e-10   1.07153e-09
 -5.3000000e+03   0.0000000e+00   3.0000000e+01    -2.51930e-05   9.82042e-06   -2.23669e-20  -1.16530e-20    6.31058e-10   1.05494e-09
 -5.2000000e+03   0.0000000e+00   3.0000000e+01    -2.51933e-05   9.82122e-06   -4.41207e-20   2.28510e-20    6.36804e-10   1.04055e-09
 -5.1000000e+03   0.0000000e+00   3.0000000e+01    -2.51936e-05   9.82196e-06   -3.67750e-20   4.55603e-22    6.43314e-10   1.02834e-09
 -5.0000000e+03   0.0000000e+00   3.0000000e+01    -2.51939e-05   9.82265e-06   -3.00892e-20  -2.37537e-21    6.50674e-10   1.01814e-09
 -4.9000000e+03   0.0000000e+00   3.0000000e+01    -2.51942e-05   9.82328e-06   -3.68002e-20   2.95885e-20    6.58861e-10   1.00985e-09
 -4.8000000e+03   0.0000000e+00   3.0000000e+01    -2.51944e-05   9.82386e-06   -4.42034e-20   1.94571e-20    6.67930e-10   1.00334e-09
 -4.7000000e+03   0.0000000e+00   3.0000000e+01    -2.51947e-05   9.82438e-06   -4.88454e-20   2.48673e-20    6.77724e-10   9.98523e-10
 -4.6000000e+03   0.0000000e+00   3.0000000e+01    -2.51949e-05   9.82484e-06   -6.99783e-20   3.76756e-20    6.88289e-10   9.95339e-10
 -4.5000000e+03   0.0000000e+00   3.0000000e+01    -2.51951e-05   9.82524e-06   -7.41181e-20   3.39635e-20    6.99595e-10   9.93732e-10
 -4.4000000e+03   0.0000000e+00   3.0000000e+01    -2.51954e-05   9.82558e-06   -4.49576e-20   4.78812e-22    7.11709e-10   9.93626e-10
 -4.3000000e+03   0.0000000e+00   3.0000000e+01    -2.51956e-05   9.82586e-06   -5.01302e-20   2.00828e-20    7.24517e-10   9.94877e-10
 -4.2000000e+03   0.0000000e+00   3.0000000e+01    -2.51958e-05   9.82608e-06   -5.41196e-20   1.35432e-20    7.38072e-10   9.97448e-10
 -4.1000000e+03   0.0000000e+00   3.0000000e+01    -2.51960e-05   9.82623e-06   -2.26270e-20   2.39733e-20    7.52324e-10   1.00125e-09
 -4.0000000e+03   0.0000000e+00   3.0000000e+01    -2.51962e-05   9.82630e-06   -3.62007e-20   1.50594e-20    7.67292e-10   1.00620e-09
 -3.9000000e+03   0.0000000e+00   3.0000000e+01    -2.51964e-05   9.82631e-06   -2.27980e-20   4.30563e-20    7.82793e-10   1.01203e-09
 -3.8000000e+03   0.0000000e+00   3.0000000e+01    -2.51966e-05   9.82624e-06    1.39673e-21   6.18225e-21    7.98826e-10   1.01867e-09
 -3.7000000e+03   0.0000000e+00   3.0000000e+01    -2.51968e-05   9.82609e-06   -2.73323e-20   1.24318e-20    8.15303e-10   1.02603e-09
 -3.6000000e+03   0.0000000e+00   3.0000000e+01    -2.51970e-05   9.82585e-06   -2.21055e-20   3.83704e-20    8.32223e-10   1.03405e-09
 -3.5000000e+03   0.0000000e+00   3.0000000e+01    -2.51972e-05   9.82553e-06   -2.74562e-20   2.97177e-20    8.49396e-10   1.04243e-09
 -3.4000000e+03   0.0000000e+00   3.0000000e+01    -2.51974e-05   9.82512e-06   -4.07229e-20   1.70014e-20    8.66786e-10   1.05110e-09
 -3.3000000e+03   0.0000000e+00   3.0000000e+01    -2.51977e-05   9.82461e-06   -1.04962e-20   3.14807e-20    8.84238e-10   1.05991e-09
 -3.2000000e+03   0.0000000e+00   3.0000000e+01    -2.51979e-05   9.82401e-06   -8.59802e-21   3.56707e-20    9.01652e-10   1.06871e-09
 -3.1000000e+03   0.0000000e+00   3.0000000e+01    -2.51981e-05   9.82330e-06   -1.24155e-20   3.61663e-20    9.18718e-10   1.07705e-09
 -3.0000000e+03   0.0000000e+00   3.0000000e+01    -2.51983e-05   9.82249e-06   -3.31808e-20   6.17642e-20    9.35281e-10   1.08476e-09
 -2.9000000e+03   0.0000000e+00   3.0000000e+01    -2.51985e-05   9.82156e-06   -4.56867e-20   2.32414e-20    9.51089e-10   1.09159e-09
 -2.8000000e+03   0.0000000e+00   3.0000000e+01    -2.51987e-05   9.82053e-06   -5.36284e-20   3.56380e-20    9.65954e-10   1.09735e-09
 -2.7000000e+03   0.0000000e+00   3.0000000e+01    -2.51990e-05   9.81938e-06   -3.58965e-20   4.96830e-21    9.79511e-10   1.10162e-09
 -2.6000000e+03   0.0000000e+00   3.0000000e+01    -2.51992e-05   9.81812e-06   -2.74025e-20   3.84692e-22    9.91508e-10   1.10413e-09
 -2.5000000e+03   0.0000000e+00   3.0000000e+01    -2.51995e-05   9.81674e-06   -2.65152e-20  -1.13436e-20    1.00160e-09   1.10460e-09
 -2.4000000e+03   0.0000000e+00   3.0000000e+01    -2.51997e-05   9.81526e-06   -3.12230e-20   2.01817e-20    1.00946e-09   1.10273e-09
 -2.3000000e+03   0.0000000e+00   3.0000000e+01    -2.52000e-05   9.81366e-06   -2.24928e-20  -3.26345e-20    1.01463e-09   1.09814e-09
 -2.2000000e+03   0.0000000e+00   3.0000000e+01    -2.52002e-05   9.81196e-06   -2.09835e-20  -1.53400e-20    1.01673e-09   1.09042e-09
 -2.1000000e+03   0.0000000e+00   3.0000000e+01    -2.52005e-05   9.81017e-06   -2.95372e-20  -3.83670e-21    1.01533e-09   1.07925e-09
 -2.0000000e+03   0.0000000e+00   3.0000000e+01    -2.52008e-05   9.80830e-06   -1.80249e-20   1.13096e-20    1.01003e-09   1.06427e-09
 -1.9000000e+03   0.0000000e+00   3.0000000e+01    -2.52011e-05   9.80635e-06   -9.64341e-21   2.38439e-20    1.00043e-09   1.04536e-09
 -1.8000000e+03   0.0000000e+00   3.0000000e+01    -2.52014e-05   9.80434e-06    2.53196e-20  -3.06655e-20    9.86141e-10   1.02208e-09
 -1.7000000e+03   0.0000000e+00   3.0000000e+01    -2.52017e-05   9.80229e-06    1.84258e-20   2.16048e-20    9.66845e-10   9.94357e-10
 -1.6000000e+03   0.0000000e+00   3.0000000e+01    -2.52020e-05   9.80022e-06   -2.62779e-21   4.23442e-20    9.42269e-10   9.61961e-10
 -1.5000000e+03   0.0000000e+00   3.0000000e+01    -2.52023e-05   9.79815e-06    1.42222e-20   1.12964e-20    9.12298e-10   9.25434e-10
 -1.4000000e+03   0.0000000e+00   3.0000000e+01    -2.52027e-05   9.79610e-06   -1.05970e-20   2.98411e-20    8.76767e-10   8.84386e-10
 -1.3000000e+03   0.0000000e+00   3.0000000e+01    -2.52030e-05   9.79410e-06   -2.93034e-20   3.92992e-20    8.35741e-10   8.38835e-10
 -1.2000000e+03   0.0000000e+00   3.0000000e+01    -2.52033e-05   9.79217e-06    1.36832e-20  -2.41368e-20    7.89329e-10   7.88382e-10
 -1.1000000e+03   0.0000000e+00   3.0000000e+01    -2.52036e-05   9.79033e-06   -1.23004e-20   2.41824e-21    7.38049e-10   7.33842e-10
 -1.0000000e+03   0.0000000e+00   3.0000000e+01    -2.52038e-05   9.78861e-06   -2.21173e-20   1.08012e-20    6.82278e-10   6.74878e-10
 -9.0000000e+02   0.0000000e+00   3.0000000e+01    -2.52041e-05   9.78701e-06   -1.41832e-20  -1.58727e-21    6.22706e-10   6.12046e-10
 -8.0000000e+02   0.0000000e+00   3.0000000e+01    -2.52043e-05   9.78556e-06   -1.69194e-20   7.79895e-21    5.59834e-10   5.45638e-10
 -7.0000000e+02   0.0000000e+00   3.0000000e+01    -2.52046e-05   9.78427e-06   -1.51794e-20   3.08724e-20    4.94393e-10   4.77749e-10
 -6.0000000e+02   0.0000000e+00   3.0000000e+01    -2.52048e-05   9.78314e-06   -6.86749e-20   2.12091e-20    4.26339e-10   4.08547e-10
 -5.0000000e+02   0.0000000e+00   3.0000000e+01    -2.52049e-05   9.78220e-06   -8.59151e-21   1.82759e-20    3.55546e-10   3.38448e-10
 -4.0000000e+02   0.0000000e+00   3.0000000e+01    -2.52051e-05   9.78143e-06   -3.83519e-21   1.00569e-20    2.81510e-10   2.66583e-10
 -3.0000000e+02   0.0000000e+00   3.0000000e+01    -2.52052e-05   9.78085e-06   -8.26213e-21  -1.88065e-21    2.04446e-10   1.93524e-10
 -2.0000000e+02   0.0000000e+00   3.0000000e+01    -2.52053e-05   9.78046e-06   -1.12665e-20   2.71139e-20    1.24528e-10   1.18030e-10
 -1.0000000e+02   0.0000000e+00   3.0000000e+01    -2.52053e-05   9.78027e-06   -1.65506e-20   3.24915e-20    4.27132e-11   4.03157e-11
  0.0000000e+00   0.0000000e+00   3.0000000e+01    -2.52053e-05   9.78026e-06   -9.98016e-21   1.60655e-21   -4.00633e-11  -3.92347e-11
  1.0000000e+02   0.0000000e+00   3.0000000e+01    -2.52053e-05   9.78046e-06    1.55373e-20   5.07778e-21   -1.22264e-10  -1.17596e-10
  2.0000000e+02   0.0000000e+00   3.0000000e+01    -2.52052e-05   9.78085e-06    3.10902e-21   6.13828e-21   -2.02982e-10  -1.94019e-10
  3.0000000e+02   0.0000000e+00   3.0000000e+01    -2.52051e-05   9.78143e-06    2.12284e-20   2.53834e-21   -2.81157e-10  -2.67783e-10
  4.0000000e+02   0.0000000e+00   3.0000000e+01    -2.52049e-05   9.78220e-06    3.50916e-20  -1.91063e-20   -3.56323e-10  -3.39795e-10
  5.0000000e+02   0.0000000e+00   3.0000000e+01    -2.52048e-05   9.78314e-06    5.24921e-20  -3.36533e-20   -4.27917e-10  -4.09491e-10
  6.0000000e+02   0.0000000e+00   3.0000000e+01    -2.52046e-05   9.78427e-06    5.23073e-20  -2.14478e-20   -4.96256e-10  -4.78012e-10
  7.0000000e+02   0.0000000e+00   3.0000000e+01    -2.52043e-05   9.78556e-06    3.56130e-20  -4.86861e-20   -5.61511e-10  -5.45267e-10
  8.0000000e+02   0.0000000e+00   3.0000000e+01    -2.52041e-05   9.78701e-06    3.80579e-20  -4.43437e-20   -6.23932e-10  -6.11290e-10
  9.0000000e+02   0.0000000e+00   3.0000000e+01    -2.52038e-05   9.78861e-06    4.58300e-20  -2.42335e-20   -6.83008e-10  -6.74023e-10
  1.0000000e+03   0.0000000e+00   3.0000000e+01    -2.52036e-05   9.79033e-06    4.38742e-20  -5.76074e-20   -7.38389e-10  -7.33090e-10
  1.1000000e+03   0.0000000e+00   3.0000000e+01    -2.52033e-05   9.79217e-06    4.63155e-20  -8.15124e-20   -7.89437e-10  -7.87824e-10
  1.2000000e+03   0.0000000e+00   3.0000000e+01    -2.52030e-05   9.79410e-06    5.30159e-20  -1.76507e-20   -8.35754e-10  -8.38470e-10
  1.3000000e+03   0.0000000e+00   3.0000000e+01    -2.52027e-05   9.79610e-06    4.04787e-20  -3.68431e-20   -8.76773e-10  -8.84167e-10
  1.4000000e+03   0.0000000e+00   3.0000000e+01    -2.52023e-05   9.79815e-06    3.32693e-20  -5.05683e-20   -9.12339e-10  -9.25304e-10
  1.5000000e+03   0.0000000e+00   3.0000000e+01    -2.52020e-05   9.80022e-06    1.94041e-20  -4.13535e-20   -9.42353e-10  -9.61875e-10
  1.6000000e+03   0.0000000e+00   3.0000000e+01    -2.52017e-05   9.80229e-06    2.68535e-20  -3.31172e-20   -9.66965e-10  -9.94285e-10
  1.7000000e+03   0.0000000e+00   3.0000000e+01    -2.52014e-05   9.80434e-06   -6.86271e-21   3.06893e-21   -9.86285e-10  -1.02201e-09
  1.8000000e+03   0.0000000e+00   3.0000000e+01    -2.52011e-05   9.80634e-06   -1.19423e-20   1.23142e-20   -1.00059e-09  -1.04528e-09
  1.9000000e+03   0.0000000e+00   3.0000000e+01    -2.52008e-05   9.80829e-06    5.06155e-21  -3.20801e-20   -1.01020e-09  -1.06418e-09
  2.0000000e+03   0.0000000e+00   3.0000000e+01    -2.52005e-05   9.81017e-06   -2.05401e-22   1.98241e-20   -1.01550e-09  -1.07917e-09
  2.1000000e+03   0.0000000e+00   3.0000000e+01    -2.52002e-05   9.81196e-06   -1.17553e-20  -1.43135e-20   -1.01691e-09  -1.09033e-09
  2.2000000e+03   0.0000000e+00   3.0000000e+01    -2.52000e-05   9.81366e-06   -3.77596e-20   1.10328e-20   -1.01482e-09  -1.09805e-09
  2.3000000e+03   0.0000000e+00   3.0000000e+01    -2.51997e-05   9.81526e-06   -1.81224e-20  -8.89227e-21   -1.00965e-09  -1.10263e-09
  2.4000000e+03   0.0000000e+00   3.0000000e+01    -2.51995e-05   9.81674e-06   -3.46336e-20  -2.35322e-20   -1.00180e-09  -1.10450e-09
  2.5000000e+03   0.0000000e+00   3.0000000e+01    -2.51992e-05   9.81812e-06   -4.02065e-20  -6.03631e-21   -9.91716e-10  -1.10402e-09
  2.6000000e+03   0.0000000e+00   3.0000000e+01    -2.51990e-05   9.81938e-06   -3.69451e-20  -3.63140e-20   -9.79727e-10  -1.10151e-09
  2.7000000e+03   0.0000000e+00   3.0000000e+01    -2.51987e-05   9.82053e-06   -1.60747e-20  -1.34081e-20   -9.66180e-10  -1.09724e-09
  2.8000000e+03   0.0000000e+00   3.0000000e+01    -2.51985e-05   9.82156e-06   -2.40356e-21  -3.24021e-20   -9.51324e-10  -1.09147e-09
  2.9000000e+03   0.0000000e+00   3.0000000e+01    -2.51983e-05   9.82248e-06    5.10378e-21  -2.93974e-20   -9.35528e-10  -1.08464e-09
  3.0000000e+03   0.0000000e+00   3.0000000e+01    -2.51981e-05   9.82330e-06    4.90378e-21  -4.46370e-20   -9.18976e-10  -1.07693e-09
  3.1000000e+03   0.0000000e+00   3.0000000e+01    -2.51979e-05   9.82401e-06   -2.12569e-20  -2.47932e-20   -9.01922e-10  -1.06857e-09
  3.2000000e+03   0.0000000e+00   3.0000000e+01    -2.51977e-05   9.82461e-06   -1.63809e-20  -3.37591e-20   -8.84522e-10  -1.05977e-09
  3.3000000e+03   0.0000000e+00   3.0000000e+01    -2.51975e-05   9.82512e-06   -2.09522e-20  -2.64289e-20   -8.67084e-10  -1.05096e-09
  3.4000000e+03   0.0000000e+00   3.0000000e+01    -2.51972e-05   9.82553e-06   -1.78668e-20  -3.51590e-20   -8.49710e-10  -1.04227e-09
  3.5000000e+03   0.0000000e+00   3.0000000e+01    -2.51970e-05   9.82585e-06   -1.62314e-20  -3.10421e-21   -8.32554e-10  -1.03389e-09
  3.6000000e+03   0.0000000e+00   3.0000000e+01    -2.51968e-05   9.82608e-06   -2.75907e-20   1.41962e-22   -8.15652e-10  -1.02586e-09
  3.7000000e+03   0.0000000e+00   3.0000000e+01    -2.51966e-05   9.82623e-06   -5.77412e-21  -1.66259e-20   -7.99194e-10  -1.01849e-09
  3.8000000e+03   0.0000000e+00   3.0000000e+01    -2.51964e-05   9.82631e-06   -2.13884e-20  -1.09986e-20   -7.83181e-10  -1.01184e-09
  3.9000000e+03   0.0000000e+00   3.0000000e+01    -2.51962e-05   9.82630e-06   -5.27632e-20  -2.98622e-20   -7.67703e-10  -1.00600e-09
  4.0000000e+03   0.0000000e+00   3.0000000e+01    -2.51960e-05   9.82622e-06   -6.95239e-20  -3.84258e-20   -7.52760e-10  -1.00104e-09
  4.1000000e+03   0.0000000e+00   3.0000000e+01    -2.51958e-05   9.82608e-06   -9.87727e-20  -6.50301e-21   -7.38534e-10  -9.97225e-10
  4.2000000e+03   0.0000000e+00   3.0000000e+01    -2.51956e-05   9.82586e-06   -6.69546e-20  -1.42303e-20   -7.25007e-10  -9.94641e-10
  4.3000000e+03   0.0000000e+00   3.0000000e+01    -2.51954e-05   9.82558e-06   -8.57694e-20  -8.31944e-21   -7.12231e-10  -9.93375e-10
  4.4000000e+03   0.0000000e+00   3.0000000e+01    -2.51951e-05   9.82524e-06   -5.82112e-20  -2.91928e-20   -7.00150e-10  -9.93465e-10
  4.5000000e+03   0.0000000e+00   3.0000000e+01    -2.51949e-05   9.82484e-06   -5.29225e-20  -2.58678e-20   -6.88880e-10  -9.95055e-10
  4.6000000e+03   0.0000000e+00   3.0000000e+01    -2.51947e-05   9.82438e-06   -5.65535e-20  -3.40594e-20   -6.78355e-10  -9.98221e-10
  4.7000000e+03   0.0000000e+00   3.0000000e+01    -2.51944e-05   9.82386e-06   -5.00717e-20  -2.79194e-20   -6.68605e-10  -1.00301e-09
  4.8000000e+03   0.0000000e+00   3.0000000e+01    -2.51942e-05   9.82328e-06   -4.93922e-20   1.11800e-20   -6.59584e-10  -1.00951e-09
  4.9000000e+03   0.0000000e+00   3.0000000e+01    -2.51939e-05   9.82265e-06   -3.22995e-20  -2.62253e-21   -6.51448e-10  -1.01777e-09
  5.0000000e+03   0.0000000e+00   3.0000000e+01    -2.51936e-05   9.82196e-06   -8.94010e-22  -3.42207e-20   -6.44145e-10  -1.02795e-09
  5.1000000e+03   0.0000000e+00   3.0000000e+01    -2.51934e-05   9.82122e-06    1.73325e-20  -3.43717e-20   -6.37696e-10  -1.04013e-09
  5.2000000e+03   0.0000000e+00   3.0000000e+01    -2.51931e-05   9.82042e-06    1.67234e-20  -3.84142e-20   -6.32018e-10  -1.05449e-09
  5.3000000e+03   0.0000000e+00   3.0000000e+01    -2.51928e-05   9.81956e-06    1.59097e-22   8.74732e-21   -6.27225e-10  -1.07105e-09
  5.4000000e+03   0.0000000e+00   3.0000000e+01    -2.51924e-05   9.81865e-06    7.64374e-21  -2.61105e-20   -6.23218e-10  -1.09006e-09
  5.5000000e+03   0.0000000e+00   3.0000000e+01    -2.51921e-05   9.81768e-06   -3.80084e-21   5.62625e-22   -6.20015e-10  -1.11163e-09
  5.6000000e+03   0.0000000e+00   3.0000000e+01    -2.51917e-05   9.81665e-06    1.85072e-20  -1.21168e-20   -6.17541e-10  -1.13599e-09
  5.7000000e+03   0.0000000e+00   3.0000000e+01    -2.51914e-05   9.81557e-06   -1.18313e-20  -8.51226e-21   -6.15976e-10  -1.16305e-09
  5.8000000e+03   0.0000000e+00   3.0000000e+01    -2.51910e-05   9.81442e-06   -7.64165e-21  -2.39735e-21   -6.15229e-10  -1.19319e-09
  5.9000000e+03   0.0000000e+00   3.0000000e+01    -2.51905e-05   9.81320e-06    3.98015e-21  -2.91943e-20   -6.15312e-10  -1.22657e-09
  6.0000000e+03   0.0000000e+00   3.0000000e+01    -2.51901e-05   9.81192e-06   -3.78253e-21  -6.42087e-20   -6.16104e-10  -1.26369e-09
  6.1000000e+03   0.0000000e+00   3.0000000e+01    -2.51896e-05   9.81057e-06    1.28645e-20  -5.36903e-20   -6.17764e-10  -1.30446e-09
  6.2000000e+03   0.0000000e+00   3.0000000e+01    -2.51891e-05   9.80915e-06    8.54843e-21  -2.77397e-20   -6.20137e-10  -1.34952e-09
  6.3000000e+03   0.0000000e+00   3.0000000e+01    -2.51886e-05   9.80765e-06    2.67424e-20  -4.69349e-20   -6.23239e-10  -1.39906e-09
  6.4000000e+03   0.0000000e+00   3.0000000e+01    -2.51880e-05   9.80607e-06   -1.61462e-20  -3.30663e-20   -6.26948e-10  -1.45369e-09
  6.5000000e+03   0.0000000e+00   3.0000000e+01    -2.51874e-05   9.80441e-06   -9.66321e-22  -4.91051e-20   -6.31548e-10  -1.51310e-09
  6.6000000e+03   0.0000000e+00   3.0000000e+01    -2.51867e-05   9.80265e-06   -1.61602e-21  -1.08692e-19   -6.36855e-10  -1.57815e-09
  6.7000000e+03   0.0000000e+00   3.0000000e+01    -2.51860e-05   9.80080e-06    1.70760e-20  -5.81746e-20   -6.42872e-10  -1.64928e-09
  6.8000000e+03   0.0000000e+00   3.0000000e+01    -2.51852e-05   9.79885e-06    7.88779e-22  -9.22120e-20   -6.49352e-10  -1.72763e-09
  6.9000000e+03   0.0000000e+00   3.0000000e+01    -2.51844e-05   9.79679e-06   -1.70677e-20  -4.57487e-20   -6.56559e-10  -1.81318e-09
  7.0000000e+03   0.0000000e+00   3.0000000e+01    -2.51835e-05   9.79462e-06    4.68677e-21  -9.30107e-20   -6.64138e-10  -1.90745e-09
  7.1000000e+03   0.0000000e+00   3.0000000e+01    -2.51825e-05   9.79233e-06    1.76519e-20  -7.72579e-20   -6.72063e-10  -2.01115e-09
  7.2000000e+03   0.0000000e+00   3.0000000e+01    -2.51815e-05   9.78990e-06   -4.39030e-21  -7.30367e-20   -6.79994e-10  -2.12587e-09
  7.3000000e+03   0.0000000e+00   3.0000000e+01    -2.51803e-05   9.78732e-06    1.59804e-20  -5.35024e-20   -6.88386e-10  -2.25140e-09
  7.4000000e+03   0.0000000e+00   3.0000000e+01    -2.51791e-05   9.78460e-06    2.19468e-20  -3.65130e-20   -6.96677e-10  -2.38999e-09
  7.5000000e+03   0.0000000e+00   3.0000000e+01    -2.51777e-05   9.78170e-06    2.97954e-20  -3.77471e-20   -7.04699e-10  -2.54305e-09
  7.6000000e+03   0.0000000e+00   3.0000000e+01    -2.51762e-05   9.77863e-06    2.22227e-20  -5.06118e-20   -7.11683e-10  -2.71355e-09
  7.7000000e+03   0.0000000e+00   3.0000000e+01    -2.51746e-05   9.77536e-06    1.22132e-20  -6.47400e-20   -7.17967e-10  -2.90211e-09
  7.8000000e+03   0.0000000e+00   3.0000000e+01    -2.51728e-05   9.77188e-06    3.68720e-21  -3.86687e-20   -7.22337e-10  -3.11278e-09
  7.9000000e+03   0.0000000e+00   3.0000000e+01    -2.51709e-05   9.76816e-06   -1.14416e-21  -1.64076e-21   -7.24310e-10  -3.34804e-09
  8.0000000e+03   0.0000000e+00   3.0000000e+01    -2.51687e-05   9.76418e-06    1.00613e-20  -7.34281e-21   -7.22455e-10  -3.61253e-09
  8.1000000e+03   0.0000000e+00   3.0000000e+01    -2.51663e-05   9.75993e-06    9.02336e-21   3.51616e-21   -7.17181e-10  -3.90743e-09
  8.2000000e+03   0.0000000e+00   3.0000000e+01    -2.51636e-05   9.75537e-06    2.35959e-20  -2.48452e-20   -7.05998e-10  -4.23963e-09
  8.3000000e+03   0.0000000e+00   3.0000000e+01    -2.51606e-05   9.75047e-06    1.37198e-20  -1.53588e-20   -6.87313e-10  -4.61464e-09
  8.4000000e+03   0.0000000e+00   3.0000000e+01    -2.51573e-05   9.74520e-06    2.57735e-20  -1.46038e-20   -6.57398e-10  -5.04220e-09
  8.5000000e+03   0.0000000e+00   3.0000000e+01    -2.51535e-05   9.73952e-06    4.68150e-20  -1.18887e-20   -6.15181e-10  -5.52777e-09
  8.6000000e+03   0.0000000e+00   3.0000000e+01    -2.51493e-05   9.73337e-06    2.89011e-20   1.17354e-20   -5.54200e-10  -6.08580e-09
  8.7000000e+03   0.0000000e+00   3.0000000e+01    -2.51445e-05   9.72672e-06    5.93260e-20  -3.17001e-20   -4.69369e-10  -6.72870e-09
  8.8000000e+03   0.0000000e+00   3.0000000e+01    -2.51390e-05   9.71950e-06    6.64108e-20  -1.93136e-20   -3.50865e-10  -7.47626e-09
  8.9000000e+03   0.0000000e+00   3.0000000e+01    -2.51328e-05   9.71165e-06    7.45029e-20  -3.57937e-20   -1.92707e-10  -8.34282e-09
  9.0000000e+03   0.0000000e+00   3.0000000e+01    -2.51256e-05   9.70309e-06    8.45638e-20  -1.21850e-20    2.38336e-11  -9.36035e-09
  9.1000000e+03   0.0000000e+00   3.0000000e+01    -2.51173e-05   9.69373e-06    8.29048e-20  -3.24723e-20    3.17918e-10  -1.05618e-08
  9.2000000e+03   0.0000000e+00   3.0000000e+01    -2.51076e-05   9.68349e-06    8.11822e-20  -6.93838e-20    7.23510e-10  -1.19987e-08
  9.3000000e+03   0.0000000e+00   3.0000000e+01    -2.50962e-05   9.67225e-06    6.37406e-20  -2.86934e-20    1.27426e-09  -1.37221e-08
  9.4000000e+03   0.0000000e+00   3.0000000e+01    -2.50828e-05   9.65990e-06    4.28112e-20  -3.29970e-20    2.04209e-09  -1.58239e-08
  9.5000000e+03   0.0000000e+00   3.0000000e+01    -2.50668e-05   9.64631e-06    3.99579e-20  -2.21709e-20    3.12023e-09  -1.84144e-08
  9.6000000e+03   0.0000000e+00   3.0000000e+01    -2.50474e-05   9.63139e-06    6.49989e-20   6.66432e-21    4.67720e-09  -2.16623e-08
  9.7000000e+03   0.0000000e+00   3.0000000e+01    -2.50237e-05   9.61506e-06    2.96842e-20  -5.09408e-20    6.95749e-09  -2.57666e-08
  9.8000000e+03   0.0000000e+00   3.0000000e+01    -2.49944e-05   9.59737e-06    5.58724e-20  -2.38258e-20    1.04315e-08  -3.10215e-08
  9.9000000e+03   0.0000000e+00   3.0000000e+01    -2.49578e-05   9.57860e-06    4.40549e-20  -3.06616e-20    1.58177e-08  -3.77223e-08
  1.0000000e+04   0.0000000e+00   3.0000000e+01    -2.49116e-05   9.55934e-06    2.42543e-20  -2.10383e-20    2.41601e-08  -4.60608e-08
  1.0500000e+04   0.0000000e+00   3.0000000e+01    -2.44422e-05   9.49071e-06    3.61936e-20  -2.47730e-20    2.61133e-07  -6.62017e-08
