 -1.0500000e+04   0.0000000e+00   3.0000000e+01     6.77626e-21  -3.72694e-20    2.38396e-05  -9.14456e-06    3.27919e-20   1.43039e-20
 -1.0000000e+04   0.0000000e+00   3.0000000e+01    -2.03288e-20   1.01644e-20    2.37701e-05  -9.11004e-06    1.07844e-20   1.20076e-20
 -9.9000000e+03   0.0000000e+00   3.0000000e+01     1.69407e-20  -2.20229e-20    2.37582e-05  -9.10518e-06   -6.05517e-21  -4.78276e-21
 -9.8000000e+03   0.0000000e+00   3.0000000e+01     3.38813e-21  -1.69407e-20    2.37485e-05  -9.10038e-06   -1.05684e-20  -1.85361e-20
 -9.7000000e+03   0.0000000e+00   3.0000000e+01     6.77626e-21  -2.37169e-20    2.37406e-05  -9.09577e-06    6.32131e-21   4.76456e-22
 -9.6000000e+03   0.0000000e+00   3.0000000e+01    -1.35525e-20  -4.57398e-20    2.37340e-05  -9.09139e-06    2.53826e-21   1.36181e-20
 -9.5000000e+03   0.0000000e+00   3.0000000e+01    -1.35525e-20   1.01644e-20    2.37285e-05  -9.08727e-06   -8.98016e-21  -4.46822e-21
 -9.4000000e+03   0.0000000e+00   3.0000000e+01    -2.71051e-20  -1.52466e-20    2.37239e-05  -9.08342e-06   -1.13722e-20   1.37715e-20
 -9.3000000e+03   0.0000000e+00   3.0000000e+01    -2.37169e-20  -1.69407e-20    2.37200e-05  -9.07983e-06   -1.40890e-20  -1.28427e-20
 -9.2000000e+03   0.0000000e+00   3.0000000e+01    -6.77626e-21   6.77626e-21    2.37166e-05  -9.07649e-06   -6.66963e-21   1.82630e-20
 -9.1000000e+03   0.0000000e+00   3.0000000e+01    -2.37169e-20   1.52466e-20    2.37137e-05  -9.07338e-06   -1.29427e-20   4.21164e-21
 -9.0000000e+03   0.0000000e+00   3.0000000e+01     4.74338e-20   3.04932e-20    2.37113e-05  -9.07049e-06   -9.31278e-21   2.63276e-20
 -8.9000000e+03   0.0000000e+00   3.0000000e+01     3.72694e-20   5.25160e-20    2.37091e-05  -9.06779e-06    3.83867e-21   1.98346e-20
 -8.8000000e+03   0.0000000e+00   3.0000000e+01     4.06576e-20  -1.69407e-21    2.37073e-05  -9.06528e-06   -1.22231e-20  -4.13616e-21
 -8.7000000e+03   0.0000000e+00   3.0000000e+01     2.71051e-20  -3.89635e-20    2.37056e-05  -9.06294e-06   -1.70817e-21   1.73175e-20
 -8.6000000e+03   0.0000000e+00   3.0000000e+01     7.11508e-20  -3.04932e-20    2.37042e-05  -9.06075e-06    2.47085e-20  -1.38126e-20
 -8.5000000e+03   0.0000000e+00   3.0000000e+01     5.75982e-20  -4.57398e-20    2.37030e-05  -9.05871e-06    2.70966e-20   1.58761e-20
 -8.4000000e+03   0.0000000e+00   3.0000000e+01     4.74338e-20  -3.38813e-21    2.37019e-05  -9.05680e-06    8.95439e-21   8.62134e-21
 -8.3000000e+03   0.0000000e+00   3.0000000e+01     6.09864e-20  -1.86347e-20    2.37009e-05  -9.05501e-06    4.63926e-22   2.06596e-20
 -8.2000000e+03   0.0000000e+00   3.0000000e+01     6.43745e-20  -5.75982e-20    2.37000e-05  -9.05333e-06   -1.30385e-20   2.13914e-20
 -8.1000000e+03   0.0000000e+00   3.0000000e+01     6.43745e-20  -4.57398e-20    2.36992e-05  -9.05176e-06   -2.28809e-20   2.58838e-20
 -8.0000000e+03   0.0000000e+00   3.0000000e+01     4.06576e-20  -2.71051e-20    2.36986e-05  -9.05028e-06   -1.07869e-20   1.21695e-20
 -7.9000000e+03   0.0000000e+00   3.0000000e+01     3.04932e-20  -2.87991e-20    2.36979e-05  -9.04890e-06   -1.13750e-20   1.71321e-21
 -7.8000000e+03   0.0000000e+00   3.0000000e+01     3.04932e-20  -4.23516e-20    2.36974e-05  -9.04760e-06    1.12239e-20  -2.57791e-20
 -7.7000000e+03   0.0000000e+00   3.0000000e+01     5.42101e-20  -5.59042e-20    2.36969e-05  -9.04638e-06    2.56289e-20  -2.54445e-20
 -7.6000000e+03   0.0000000e+00   3.0000000e+01     8.47033e-20  -5.59042e-20    2.36965e-05  -9.04523e-06    1.54146e-20  -2.17316e-20
 -7.5000000e+03   0.0000000e+00   3.0000000e+01     8.13152e-20  -3.72694e-20    2.36961e-05  -9.04416e-06    2.35613e-21  -1.12560e-20
 -7.4000000e+03   0.0000000e+00   3.0000000e+01     3.72694e-20  -1.69407e-21    2.36957e-05  -9.04315e-06    1.69244e-20  -3.95404e-20
 -7.3000000e+03   0.0000000e+00   3.0000000e+01     4.06576e-20  -1.18585e-20    2.36954e-05  -9.04220e-06    2.27152e-20  -2.22183e-20
 -7.2000000e+03   0.0000000e+00   3.0000000e+01     4.06576e-20  -4.06576e-20    2.36951e-05  -9.04132e-06   -1.25950e-21   2.50044e-21
 -7.1000000e+03   0.0000000e+00   3.0000000e+01     5.42101e-20  -6.43745e-20    2.36949e-05  -9.04049e-06   -1.93160e-20   1.85257e-20
 -7.0000000e+03   0.0000000e+00   3.0000000e+01     2.71051e-20  -2.20229e-20    2.36946e-05  -9.03972e-06   -1.11260e-20  -1.48732e-20
 -6.9000000e+03   0.0000000e+00   3.0000000e+01     2.03288e-20  -4.23516e-20    2.36944e-05  -9.03901e-06   -8.30742e-21  -9.03748e-21
 -6.8000000e+03   0.0000000e+00   3.0000000e+01     3.38813e-20  -6.26804e-20    2.36942e-05  -9.03835e-06   -3.13004e-22  -2.66439e-21
 -6.7000000e+03   0.0000000e+00   3.0000000e+01     2.71051e-20  -5.42101e-20    2.36940e-05  -9.03773e-06   -9.12528e-21   7.27594e-21
 -6.6000000e+03   0.0000000e+00   3.0000000e+01     0.00000e+00  -2.37169e-20    2.36939e-05  -9.03717e-06    2.76599e-21   6.01086e-22
 -6.5000000e+03   0.0000000e+00   3.0000000e+01    -3.38813e-20   0.00000e+00    2.36937e-05  -9.03666e-06   -8.09939e-21  -6.98556e-21
 -6.4000000e+03   0.0000000e+00   3.0000000e+01    -3.38813e-20   1.01644e-20    2.36936e-05  -9.03619e-06    3.75126e-21  -1.44964e-20
 -6.3000000e+03   0.0000000e+00   3.0000000e+01    -4.74338e-20   1.86347e-20    2.36934e-05  -9.03577e-06    3.43929e-20  -1.92137e-20
 -6.2000000e+03   0.0000000e+00   3.0000000e+01    -5.25160e-20  -1.35525e-20    2.36933e-05  -9.03540e-06    2.05664e-20  -1.99540e-20
 -6.1000000e+03   0.0000000e+00   3.0000000e+01    -2.20229e-20  -4.06576e-20    2.36932e-05  -9.03508e-06    7.20867e-21  -1.73099e-20
 -6.0000000e+03   0.0000000e+00   3.0000000e+01    -1.69407e-21  -4.57398e-20    2.36930e-05  -9.03481e-06    4.57888e-21   8.31826e-21
 -5.9000000e+03   0.0000000e+00   3.0000000e+01    -3.38813e-21  -3.89635e-20    2.36929e-05  -9.03458e-06    4.90528e-21   1.18752e-20
 -5.8000000e+03   0.0000000e+00   3.0000000e+01    -1.52466e-20  -2.87991e-20    2.36928e-05  -9.03441e-06   -1.31003e-21   7.60100e-21
 -5.7000000e+03   0.0000000e+00   3.0000000e+01     1.69407e-21  -4.74338e-20    2.36927e-05  -9.03428e-06    1.12171e-20   3.50508e-20
 -5.6000000e+03   0.0000000e+00   3.0000000e+01     1.52466e-20  -4.57398e-20    2.36926e-05  -9.03420e-06   -1.36000e-20   2.51711e-20
 -5.5000000e+03   0.0000000e+00   3.0000000e+01     2.87991e-20  -5.42101e-20    2.36925e-05  -9.03418e-06   -3.77241e-20   4.32003e-20
 -5.4000000e+03   0.0000000e+00   3.0000000e+01     5.08220e-21  -4.40457e-20    2.36924e-05  -9.03421e-06   -2.78477e-20   3.52595e-20
 -5.3000000e+03   0.0000000e+00   3.0000000e+01     1.69407e-20  -3.04932e-20    2.36923e-05  -9.03429e-06   -6.26505e-22  -2.98328e-21
 -5.2000000e+03   0.0000000e+00   3.0000000e+01     5.08220e-21  -4.06576e-20    2.36921e-05  -9.03443e-06   -8.23403e-21   8.09799e-21
 -5.1000000e+03   0.0000000e+00   3.0000000e+01     8.47033e-21  -3.04932e-20    2.36920e-05  -9.03463e-06    3.67612e-21   6.35536e-21
 -5.0000000e+03   0.0000000e+00   3.0000000e+01     3.38813e-21  -1.01644e-20    2.36919e-05  -9.03489e-06   -2.25757e-20   1.44343e-20
 -4.9000000e+03   0.0000000e+00   3.0000000e+01    -3.38813e-21   1.27055e-20    2.36917e-05  -9.03521e-06   -1.33824e-20   1.32974e-20
 -4.8000000e+03   0.0000000e+00   3.0000000e+01    -5.08220e-21  -1.69407e-21    2.36916e-05  -9.03561e-06    1.98966e-20   1.74243e-20
 -4.7000000e+03   0.0000000e+00   3.0000000e+01    -2.71051e-20  -2.03288e-20    2.36915e-05  -9.03607e-06   -3.64439e-21   2.47038e-20
 -4.6000000e+03   0.0000000e+00   3.0000000e+01    -2.37169e-20  -1.60936e-20    2.36913e-05  -9.03661e-06    8.12300e-21   2.81450e-20
 -4.5000000e+03   0.0000000e+00   3.0000000e+01    -2.20229e-20  -1.86347e-20    2.36911e-05  -9.03722e-06   -1.25004e-20   5.78455e-21
 -4.4000000e+03   0.0000000e+00   3.0000000e+01    -2.87991e-20  -4.91279e-20    2.36910e-05  -9.03792e-06    2.01112e-20   3.56715e-21
 -4.3000000e+03   0.0000000e+00   3.0000000e+01    -2.20229e-20  -2.54110e-20    2.36908e-05  -9.03870e-06    3.01730e-21  -1.30307e-20
 -4.2000000e+03   0.0000000e+00   3.0000000e+01    -2.54110e-20  -2.71051e-20    2.36906e-05  -9.03958e-06    1.41733e-20  -1.19859e-20
 -4.1000000e+03   0.0000000e+00   3.0000000e+01    -2.37169e-20  -2.28699e-20    2.36904e-05  -9.04056e-06    1.42106e-20  -4.00753e-21
 -4.0000000e+03   0.0000000e+00   3.0000000e+01    -2.37169e-20  -2.71051e-20    2.36902e-05  -9.04163e-06    1.76843e-20   6.81696e-21
 -3.9000000e+03   0.0000000e+00   3.0000000e+01    -2.54110e-20  -4.15046e-20    2.36899e-05  -9.04282e-06    1.81608e-20   1.50351e-20
 -3.8000000e+03   0.0000000e+00   3.0000000e+01    -3.21873e-20  -3.21873e-20    2.36897e-05  -9.04413e-06    1.32337e-20   1.14703e-20
 -3.7000000e+03   0.0000000e+00   3.0000000e+01    -2.03288e-20  -7.62330e-21    2.36894e-05  -9.04556e-06    1.45856e-20  -9.41038e-21
 -3.6000000e+03   0.0000000e+00   3.0000000e+01     1.18585e-20  -8.47033e-21    2.36891e-05  -9.04712e-06    4.92156e-21  -1.19400e-20
 -3.5000000e+03   0.0000000e+00   3.0000000e+01     6.77626e-21  -1.94818e-20    2.36888e-05  -9.04882e-06   -3.48103e-20  -3.29670e-21
 -3.4000000e+03   0.0000000e+00   3.0000000e+01    -1.69407e-20  -1.27055e-20    2.36885e-05  -9.05066e-06   -1.12056e-20   1.09782e-20
 -3.3000000e+03   0.0000000e+00   3.0000000e+01    -6.77626e-21  -3.55754e-20    2.36882e-05  -9.05266e-06   -9.70225e-21   1.35168e-20
 -3.2000000e+03   0.0000000e+00   3.0000000e+01     8.47033e-21  -2.20229e-20    2.36878e-05  -9.05482e-06   -9.98525e-21   1.02796e-20
 -3.1000000e+03   0.0000000e+00   3.0000000e+01     1.35525e-20   1.18585e-20    2.36874e-05  -9.05716e-06    5.93844e-21   8.33695e-21
 -3.0000000e+03   0.0000000e+00   3.0000000e+01     1.60936e-20   6.77626e-21    2.36870e-05  -9.05966e-06   -5.14048e-21  -1.92165e-20
 -2.9000000e+03   0.0000000e+00   3.0000000e+01     1.60936e-20  -1.01644e-20    2.36866e-05  -9.06235e-06    1.37478e-20  -3.25063e-20
 -2.8000000e+03   0.0000000e+00   3.0000000e+01     8.47033e-22   5.08220e-21    2.36861e-05  -9.06522e-06    4.94078e-21   3.73218e-20
 -2.7000000e+03   0.0000000e+00   3.0000000e+01     5.08220e-21  -2.15993e-20    2.36856e-05  -9.06828e-06    2.10446e-21  -1.17266e-20
 -2.6000000e+03   0.0000000e+00   3.0000000e+01     1.69407e-21  -1.01644e-20    2.36851e-05  -9.07152e-06    4.14308e-21   8.83625e-21
 -2.5000000e+03   0.0000000e+00   3.0000000e+01     4.23516e-21  -2.92226e-20    2.36846e-05  -9.07495e-06    8.51704e-21  -8.50342e-22
 -2.4000000e+03   0.0000000e+00   3.0000000e+01    -5.92923e-21   1.69407e-21    2.36840e-05  -9.07855e-06    9.89791e-21  -2.32541e-21
 -2.3000000e+03   0.0000000e+00   3.0000000e+01    -1.27055e-20   2.07523e-20    2.36835e-05  -9.08231e-06    7.99184e-21  -7.43186e-21
 -2.2000000e+03   0.0000000e+00   3.0000000e+01    -8.47033e-22  -7.19978e-21    2.36829e-05  -9.08622e-06    4.06210e-22  -5.13638e-21
 -2.1000000e+03   0.0000000e+00   3.0000000e+01    -1.43996e-20   1.90582e-20    2.36823e-05  -9.09026e-06   -8.71926e-22  -1.92623e-20
 -2.0000000e+03   0.0000000e+00   3.0000000e+01    -5.08220e-21   2.96462e-21    2.36817e-05  -9.09440e-06    1.77721e-20  -2.23404e-20
 -1.9000000e+03   0.0000000e+00   3.0000000e+01    -8.47033e-21  -2.24464e-20    2.36811e-05  -9.09860e-06    3.29593e-21  -2.23378e-20
 -1.8000000e+03   0.0000000e+00   3.0000000e+01     4.23516e-21  -5.92923e-21    2.36804e-05  -9.10284e-06   -3.26168e-22  -1.52788e-20
 -1.7000000e+03   0.0000000e+00   3.0000000e+01    -3.55754e-20   1.90582e-20    2.36798e-05  -9.10708e-06   -7.97756e-21  -4.81233e-20
 -1.6000000e+03   0.0000000e+00   3.0000000e+01    -8.47033e-21   1.65171e-20    2.36792e-05  -9.11126e-06   -2.61089e-20  -5.93078e-21
 -1.5000000e+03   0.0000000e+00   3.0000000e+01    -2.79521e-20   1.69407e-20    2.36786e-05  -9.11536e-06   -1.24241e-20   2.56166e-20
 -1.4000000e+03   0.0000000e+00   3.0000000e+01    -5.29396e-20   1.96935e-20    2.36781e-05  -9.11932e-06   -6.61651e-21   1.18042e-20
 -1.3000000e+03   0.0000000e+00   3.0000000e+01    -2.58345e-20   4.08693e-20    2.36775e-05  -9.12311e-06   -1.44437e-20   3.08316e-21
 -1.2000000e+03   0.0000000e+00   3.0000000e+01    -3.51519e-20   4.95514e-20    2.36770e-05  -9.12669e-06   -2.04454e-20   8.86766e-21
 -1.1000000e+03   0.0000000e+00   3.0000000e+01    -2.75286e-20   4.61633e-20    2.36766e-05  -9.13003e-06   -1.61335e-20   2.92662e-20
 -1.0000000e+03   0.0000000e+00   3.0000000e+01    -2.54110e-20   1.92700e-20    2.36762e-05  -9.13311e-06   -1.56315e-20   2.52930e-20
 -9.0000000e+02   0.0000000e+00   3.0000000e+01    -4.10811e-20   5.08220e-20    2.36758e-05  -9.13591e-06   -2.37402e-20   3.31709e-20
 -8.0000000e+02   0.0000000e+00   3.0000000e+01    -5.80218e-20   5.54807e-20    2.36755e-05  -9.13841e-06   -1.47004e-20   2.02308e-20
 -7.0000000e+02   0.0000000e+00   3.0000000e+01     9.31736e-21   5.84453e-20    2.36752e-05  -9.14061e-06   -2.76661e-20   2.04575e-21
 -6.0000000e+02   0.0000000e+00   3.0000000e+01    -1.14349e-20   2.47757e-20    2.36750e-05  -9.14251e-06   -4.17620e-21  -1.48936e-20
 -5.0000000e+02   0.0000000e+00   3.0000000e+01    -1.82112e-20   3.13402e-20    2.36748e-05  -9.14409e-06   -1.95791e-21  -4.49987e-20
 -4.0000000e+02   0.0000000e+00   3.0000000e+01    -3.41990e-20   3.00167e-20    2.36746e-05  -9.14537e-06    4.79988e-22  -1.90183e-20
 -3.0000000e+02   0.0000000e+00   3.0000000e+01    -4.44692e-20   3.81694e-20    2.36745e-05  -9.14633e-06    1.79657e-20  -2.65923e-20
 -2.0000000e+02   0.0000000e+00   3.0000000e+01    -2.38228e-20   1.27320e-20    2.36744e-05  -9.14697e-06    1.17276e-20   1.96167e-20
 -1.0000000e+02   0.0000000e+00   3.0000000e+01    -2.43787e-20   5.66453e-21    2.36744e-05  -9.14730e-06   -1.80426e-21  -3.37156e-21
  0.0000000e+00   0.0000000e+00   3.0000000e+01    -3.51519e-20   1.78009e-20    2.36744e-05  -9.14730e-06   -1.98269e-20   9.43730e-21
  1.0000000e+02   0.0000000e+00   3.0000000e+01    -3.08108e-20   3.71636e-20    2.36744e-05  -9.14697e-06   -1.48638e-20   2.65890e-20
  2.0000000e+02   0.0000000e+00   3.0000000e+01    -1.37643e-20   1.75759e-20    2.36745e-05  -9.14633e-06    3.49169e-21   6.78094e-21
  3.0000000e+02   0.0000000e+00   3.0000000e+01    -7.83505e-21   4.57398e-20    2.36746e-05  -9.14537e-06   -2.59851e-23  -8.99369e-21
  4.0000000e+02   0.0000000e+00   3.0000000e+01    -9.31736e-21   3.34578e-20    2.36748e-05  -9.14409e-06   -4.67879e-21   8.18575e-21
  5.0000000e+02   0.0000000e+00   3.0000000e+01    -2.94344e-20   4.94455e-20    2.36750e-05  -9.14251e-06   -4.15596e-21   5.23820e-21
  6.0000000e+02   0.0000000e+00   3.0000000e+01    -4.53163e-20   5.66453e-20    2.36752e-05  -9.14061e-06    9.18269e-21   3.09143e-20
  7.0000000e+02   0.0000000e+00   3.0000000e+01    -3.98105e-20   4.81750e-20    2.36755e-05  -9.13841e-06    7.66826e-21  -2.10041e-20
  8.0000000e+02   0.0000000e+00   3.0000000e+01    -4.19281e-20  -1.10114e-20    2.36758e-05  -9.13591e-06    2.51754e-21  -1.16544e-20
  9.0000000e+02   0.0000000e+00   3.0000000e+01    -4.44692e-20   6.56451e-21    2.36762e-05  -9.13311e-06    6.33202e-21   7.91159e-21
  1.0000000e+03   0.0000000e+00   3.0000000e+01    -5.92923e-21  -1.12232e-20    2.36766e-05  -9.13003e-06   -2.13313e-21   1.46504e-20
  1.1000000e+03   0.0000000e+00   3.0000000e+01    -4.10811e-20   4.02341e-21    2.36770e-05  -9.12669e-06    1.08958e-21  -2.87644e-20
  1.2000000e+03   0.0000000e+00   3.0000000e+01    -4.19281e-20  -2.73168e-20    2.36775e-05  -9.12311e-06    2.68274e-20  -5.30776e-21
  1.3000000e+03   0.0000000e+00   3.0000000e+01    -4.87044e-20  -3.87518e-20    2.36781e-05  -9.11932e-06   -3.68173e-21  -3.57082e-20
  1.4000000e+03   0.0000000e+00   3.0000000e+01    -7.19978e-20  -4.00223e-20    2.36786e-05  -9.11536e-06    7.39313e-21  -3.55169e-20
  1.5000000e+03   0.0000000e+00   3.0000000e+01    -8.38563e-20  -4.57398e-20    2.36792e-05  -9.11126e-06    2.90041e-20  -6.06777e-20
  1.6000000e+03   0.0000000e+00   3.0000000e+01    -1.06726e-19  -5.92923e-21    2.36798e-05  -9.10708e-06    1.15058e-20  -4.62646e-20
  1.7000000e+03   0.0000000e+00   3.0000000e+01    -8.97855e-20  -1.56701e-20    2.36804e-05  -9.10284e-06    2.25921e-20  -1.13724e-20
  1.8000000e+03   0.0000000e+00   3.0000000e+01    -5.25160e-20  -3.21873e-20    2.36811e-05  -9.09860e-06    2.26470e-20  -5.16455e-21
  1.9000000e+03   0.0000000e+00   3.0000000e+01    -4.23516e-20  -5.25160e-20    2.36817e-05  -9.09440e-06    1.22964e-20  -1.20454e-20
  2.0000000e+03   0.0000000e+00   3.0000000e+01    -4.99749e-20  -5.25160e-20    2.36823e-05  -9.09026e-06    1.27019e-20  -1.26664e-20
  2.1000000e+03   0.0000000e+00   3.0000000e+01    -2.45640e-20  -5.97158e-20    2.36829e-05  -9.08622e-06    1.45557e-20  -1.51251e-20
  2.2000000e+03   0.0000000e+00   3.0000000e+01    -1.69407e-21  -3.43048e-20    2.36835e-05  -9.08231e-06    1.57478e-20  -3.65795e-20
  2.3000000e+03   0.0000000e+00   3.0000000e+01    -1.86347e-20  -1.10114e-20    2.36840e-05  -9.07855e-06    1.37697e-20  -1.24341e-20
  2.4000000e+03   0.0000000e+00   3.0000000e+01    -1.43996e-20   5.08220e-21    2.36846e-05  -9.07495e-06    3.95523e-21   2.86316e-20
  2.5000000e+03   0.0000000e+00   3.0000000e+01    -1.69407e-20  -3.81165e-21    2.36851e-05  -9.07152e-06   -4.95379e-21   1.30940e-20
  2.6000000e+03   0.0000000e+00   3.0000000e+01    -6.77626e-21  -1.82112e-20    2.36856e-05  -9.06828e-06   -1.76723e-21   9.54791e-21
  2.7000000e+03   0.0000000e+00   3.0000000e+01     1.01644e-20  -2.96462e-20    2.36861e-05  -9.06522e-06    3.57073e-20  -1.50365e-20
  2.8000000e+03   0.0000000e+00   3.0000000e+01     8.47033e-21  -3.47284e-20    2.36866e-05  -9.06235e-06    2.72167e-20   3.05907e-21
  2.9000000e+03   0.0000000e+00   3.0000000e+01     3.38813e-21  -6.77626e-21    2.36870e-05  -9.05966e-06    8.97964e-21  -6.94943e-21
  3.0000000e+03   0.0000000e+00   3.0000000e+01    -2.20229e-20  -1.86347e-20    2.36874e-05  -9.05716e-06    2.36870e-20  -3.26679e-20
  3.1000000e+03   0.0000000e+00   3.0000000e+01    -2.20229e-20  -1.94818e-20    2.36878e-05  -9.05483e-06    1.00570e-20   4.41068e-21
  3.2000000e+03   0.0000000e+00   3.0000000e+01    -1.52466e-20  -2.45640e-20    2.36882e-05  -9.05266e-06    1.02024e-20   6.53695e-21
  3.3000000e+03   0.0000000e+00   3.0000000e+01    -1.69407e-21  -4.31987e-20    2.36885e-05  -9.05066e-06   -9.63604e-21   4.06523e-21
  3.4000000e+03   0.0000000e+00   3.0000000e+01     1.01644e-20  -6.77626e-20    2.36888e-05  -9.04882e-06   -1.52467e-20   2.64020e-20
  3.5000000e+03   0.0000000e+00   3.0000000e+01    -6.77626e-21  -6.69156e-20    2.36891e-05  -9.04712e-06   -3.07378e-21  -9.33780e-21
  3.6000000e+03   0.0000000e+00   3.0000000e+01     2.20229e-20  -6.43745e-20    2.36894e-05  -9.04556e-06    2.31086e-20  -3.84589e-21
  3.7000000e+03   0.0000000e+00   3.0000000e+01     1.69407e-20  -4.91279e-20    2.36897e-05  -9.04413e-06    1.95798e-20  -6.73437e-21
  3.8000000e+03   0.0000000e+00   3.0000000e+01     3.89635e-20  -3.81165e-20    2.36899e-05  -9.04282e-06    1.50710e-20   3.60612e-22
  3.9000000e+03   0.0000000e+00   3.0000000e+01     2.20229e-20  -3.47284e-20    2.36902e-05  -9.04164e-06    1.94756e-20  -1.08410e-21
  4.0000000e+03   0.0000000e+00   3.0000000e+01     6.77626e-21  -2.03288e-20    2.36904e-05  -9.04056e-06    2.48670e-20  -1.80871e-20
  4.1000000e+03   0.0000000e+00   3.0000000e+01     1.86347e-20  -4.48927e-20    2.36906e-05  -9.03958e-06   -7.59854e-21  -1.20133e-20
  4.2000000e+03   0.0000000e+00   3.0000000e+01    -1.52466e-20  -5.92923e-21    2.36908e-05  -9.03871e-06   -3.59997e-21  -9.73270e-21
  4.3000000e+03   0.0000000e+00   3.0000000e+01    -8.47033e-21  -3.72694e-20    2.36910e-05  -9.03792e-06    1.34055e-20  -3.72333e-20
  4.4000000e+03   0.0000000e+00   3.0000000e+01     1.18585e-20  -4.74338e-20    2.36911e-05  -9.03722e-06    2.62067e-20  -2.15522e-20
  4.5000000e+03   0.0000000e+00   3.0000000e+01     4.06576e-20  -3.47284e-20    2.36913e-05  -9.03661e-06    3.95269e-20  -2.25182e-20
  4.6000000e+03   0.0000000e+00   3.0000000e+01     3.72694e-20   1.52466e-20    2.36915e-05  -9.03607e-06    2.70181e-20   3.68822e-21
  4.7000000e+03   0.0000000e+00   3.0000000e+01     2.37169e-20  -2.20229e-20    2.36916e-05  -9.03561e-06    2.81071e-20  -3.78803e-20
  4.8000000e+03   0.0000000e+00   3.0000000e+01     5.59042e-20  -2.03288e-20    2.36917e-05  -9.03522e-06    1.98712e-21  -2.04809e-20
  4.9000000e+03   0.0000000e+00   3.0000000e+01     2.20229e-20  -1.69407e-21    2.36919e-05  -9.03489e-06   -1.16969e-20  -1.30906e-20
  5.0000000e+03   0.0000000e+00   3.0000000e+01     3.21873e-20  -1.86347e-20    2.36920e-05  -9.03463e-06   -1.43105e-20  -8.47285e-21
  5.1000000e+03   0.0000000e+00   3.0000000e+01     1.69407e-20  -2.20229e-20    2.36921e-05  -9.03443e-06    2.07180e-21  -3.30989e-20
  5.2000000e+03   0.0000000e+00   3.0000000e+01     2.71051e-20  -1.69407e-21    2.36922e-05  -9.03429e-06    1.50133e-21  -2.27157e-20
  5.3000000e+03   0.0000000e+00   3.0000000e+01     2.37169e-20   3.38813e-21    2.36924e-05  -9.03421e-06   -2.07145e-21  -2.81500e-20
  5.4000000e+03   0.0000000e+00   3.0000000e+01    -1.69407e-21  -2.87991e-20    2.36925e-05  -9.03418e-06    9.54000e-21  -2.70587e-20
  5.5000000e+03   0.0000000e+00   3.0000000e+01     4.40457e-20  -2.54110e-20    2.36926e-05  -9.03420e-06    4.25018e-21  -1.01876e-20
  5.6000000e+03   0.0000000e+00   3.0000000e+01     5.08220e-20   0.00000e+00    2.36927e-05  -9.03428e-06    1.10937e-20   1.09031e-20
  5.7000000e+03   0.0000000e+00   3.0000000e+01     6.43745e-20  -2.20229e-20    2.36928e-05  -9.03441e-06    5.67704e-22   5.13888e-21
  5.8000000e+03   0.0000000e+00   3.0000000e+01     6.09864e-20  -4.06576e-20    2.36929e-05  -9.03459e-06   -1.42538e-21  -2.25070e-21
  5.9000000e+03   0.0000000e+00   3.0000000e+01     7.62330e-20  -3.21873e-20    2.36930e-05  -9.03481e-06   -2.57280e-21  -1.10149e-20
  6.0000000e+03   0.0000000e+00   3.0000000e+01     5.92923e-20   1.69407e-21    2.36932e-05  -9.03509e-06   -1.34083e-20   4.90922e-21
  6.1000000e+03   0.0000000e+00   3.0000000e+01     4.57398e-20  -1.69407e-20    2.36933e-05  -9.03541e-06   -1.62810e-20   4.37942e-21
  6.2000000e+03   0.0000000e+00   3.0000000e+01     3.72694e-20  -1.35525e-20    2.36934e-05  -9.03578e-06   -2.61806e-20  -1.14644e-20
  6.3000000e+03   0.0000000e+00   3.0000000e+01     3.04932e-20  -1.69407e-20    2.36935e-05  -9.03620e-06   -2.28016e-20  -1.09387e-20
  6.4000000e+03   0.0000000e+00   3.0000000e+01     1.01644e-20  -1.01644e-20    2.36937e-05  -9.03666e-06    9.32672e-22  -6.22652e-21
  6.5000000e+03   0.0000000e+00   3.0000000e+01     2.71051e-20  -1.69407e-20    2.36938e-05  -9.03718e-06    9.03173e-21  -4.04450e-21
  6.6000000e+03   0.0000000e+00   3.0000000e+01    -2.71051e-20   3.38813e-20    2.36940e-05  -9.03774e-06    1.06994e-20   5.15956e-21
  6.7000000e+03   0.0000000e+00   3.0000000e+01    -6.77626e-21   1.35525e-20    2.36942e-05  -9.03835e-06   -4.83799e-21   8.68750e-21
  6.8000000e+03   0.0000000e+00   3.0000000e+01    -1.01644e-20   1.18585e-20    2.36944e-05  -9.03902e-06   -1.07281e-20   1.99906e-20
  6.9000000e+03   0.0000000e+00   3.0000000e+01    -3.04932e-20   1.69407e-20    2.36946e-05  -9.03973e-06    8.50782e-21  -1.64967e-20
  7.0000000e+03   0.0000000e+00   3.0000000e+01    -4.06576e-20   4.06576e-20    2.36948e-05  -9.04050e-06   -5.65784e-21  -1.77118e-20
  7.1000000e+03   0.0000000e+00   3.0000000e+01    -3.04932e-20   4.40457e-20    2.36951e-05  -9.04133e-06    1.76643e-20  -3.73913e-20
  7.2000000e+03   0.0000000e+00   3.0000000e+01    -3.38813e-20   5.08220e-20    2.36954e-05  -9.04221e-06    1.88402e-20  -1.27108e-20
  7.3000000e+03   0.0000000e+00   3.0000000e+01    -2.03288e-20   3.38813e-20    2.36957e-05  -9.04316e-06    2.49950e-20  -7.75641e-21
  7.4000000e+03   0.0000000e+00   3.0000000e+01     1.69407e-20   2.54110e-20    2.36960e-05  -9.04417e-06    2.91374e-20   1.80446e-20
  7.5000000e+03   0.0000000e+00   3.0000000e+01     5.75982e-20   1.35525e-20    2.36964e-05  -9.04524e-06    2.95316e-20   1.70283e-21
  7.6000000e+03   0.0000000e+00   3.0000000e+01     5.42101e-20  -3.38813e-21    2.36969e-05  -9.04639e-06    2.54524e-20   4.06849e-21
  7.7000000e+03   0.0000000e+00   3.0000000e+01     9.14796e-20  -1.35525e-20    2.36973e-05  -9.04761e-06    8.19855e-21  -8.77587e-21
  7.8000000e+03   0.0000000e+00   3.0000000e+01     8.47033e-20  -8.47033e-21    2.36979e-05  -9.04891e-06    7.03942e-21  -1.17379e-20
  7.9000000e+03   0.0000000e+00   3.0000000e+01     2.71051e-20   1.69407e-20    2.36985e-05  -9.05030e-06    1.98492e-21   1.84407e-20
  8.0000000e+03   0.0000000e+00   3.0000000e+01     0.00000e+00   1.69407e-21    2.36991e-05  -9.05178e-06   -9.39398e-21  -3.35287e-21
  8.1000000e+03   0.0000000e+00   3.0000000e+01     6.77626e-21  -5.75982e-20    2.36999e-05  -9.05335e-06   -1.56220e-20  -1.72461e-20
  8.2000000e+03   0.0000000e+00   3.0000000e+01    -3.38813e-21   8.47033e-21    2.37007e-05  -9.05503e-06    1.16363e-21   2.37982e-21
  8.3000000e+03   0.0000000e+00   3.0000000e+01     6.77626e-21  -3.55754e-20    2.37017e-05  -9.05683e-06    2.43645e-21  -8.96480e-21
  8.4000000e+03   0.0000000e+00   3.0000000e+01     2.03288e-20  -8.47033e-21    2.37028e-05  -9.05874e-06    7.67240e-21  -2.37432e-20
  8.5000000e+03   0.0000000e+00   3.0000000e+01    -2.37169e-20   6.77626e-21    2.37040e-05  -9.06079e-06    2.70456e-21  -7.76425e-21
  8.6000000e+03   0.0000000e+00   3.0000000e+01    -6.77626e-21   8.47033e-21    2.37054e-05  -9.06299e-06    2.67196e-21  -1.82981e-20
  8.7000000e+03   0.0000000e+00   3.0000000e+01     0.00000e+00  -5.08220e-21    2.37070e-05  -9.06534e-06   -1.06874e-21  -1.41286e-20
  8.8000000e+03   0.0000000e+00   3.0000000e+01     2.03288e-20   2.03288e-20    2.37088e-05  -9.06786e-06   -1.32021e-20  -8.10627e-21
  8.9000000e+03   0.0000000e+00   3.0000000e+01    -1.69407e-20  -1.01644e-20    2.37109e-05  -9.07057e-06    4.34641e-22   1.33243e-20
  9.0000000e+03   0.0000000e+00   3.0000000e+01     6.77626e-21   3.38813e-21    2.37133e-05  -9.07348e-06    1.42424e-22  -1.42115e-20
  9.1000000e+03   0.0000000e+00   3.0000000e+01     2.71051e-20   6.77626e-21    2.37161e-05  -9.07661e-06    1.80161e-20  -1.41965e-20
  9.2000000e+03   0.0000000e+00   3.0000000e+01     6.77626e-21   1.69407e-20    2.37193e-05  -9.07998e-06    1.50977e-20   1.15943e-20
  9.3000000e+03   0.0000000e+00   3.0000000e+01    -1.69407e-20  -3.04932e-20    2.37231e-05  -9.08360e-06    1.56947e-21   4.48237e-20
  9.4000000e+03   0.0000000e+00   3.0000000e+01     1.01644e-20  -2.03288e-20    2.37275e-05  -9.08751e-06    1.57829e-21   8.09768e-21
  9.5000000e+03   0.0000000e+00   3.0000000e+01    -3.38813e-21  -1.69407e-21    2.37327e-05  -9.09169e-06    2.52109e-21   1.29107e-20
  9.6000000e+03   0.0000000e+00   3.0000000e+01     2.03288e-20  -2.54110e-20    2.37389e-05  -9.09618e-06   -5.33263e-21   2.91045e-20
  9.7000000e+03   0.0000000e+00   3.0000000e+01    -6.77626e-21  -1.69407e-21    2.37464e-05  -9.10095e-06   -1.67018e-21   2.09105e-20
  9.8000000e+03   0.0000000e+00   3.0000000e+01    -3.04932e-20   1.86347e-20    2.37553e-05  -9.10599e-06   -7.36542e-21   4.16994e-20
  9.9000000e+03   0.0000000e+00   3.0000000e+01    -1.35525e-20   3.38813e-21    2.37661e-05  -9.11123e-06   -3.23304e-21   3.19010e-20
  1.0000000e+04   0.0000000e+00   3.0000000e+01    -2.37169e-20   3.21873e-20    2.37793e-05  -9.11655e-06    4.87912e-21   3.46386e-20
  1.0500000e+04   0.0000000e+00   3.0000000e+01    -1.01644e-20  -1.69407e-20    2.38487e-05  -9.15466e-06    2.33877e-20  -1.63037e-21
