 -1.05000000E+04  0.00000000E+00  3.00000000E+01    1.068365E-12  1.036592E-12    4.451975E-03 -1.953059E-04
 -1.00000000E+04  0.00000000E+00  3.00000000E+01    1.366165E-12  1.347572E-12    3.234742E-03 -8.307765E-04
 -9.90000000E+03  0.00000000E+00  3.00000000E+01    1.452957E-12  1.428894E-12    3.001557E-03 -9.104180E-04
 -9.80000000E+03  0.00000000E+00  3.00000000E+01    1.511402E-12  1.480996E-12    2.856128E-03 -9.521916E-04
 -9.70000000E+03  0.00000000E+00  3.00000000E+01    1.571123E-12  1.551884E-12    2.717214E-03 -9.869485E-04
 -9.60000000E+03  0.00000000E+00  3.00000000E+01    1.665416E-12  1.654039E-12    2.523936E-03 -1.026280E-03
 -9.50000000E+03  0.00000000E+00  3.00000000E+01    1.767269E-12  1.758640E-12    2.343686E-03 -1.054730E-03
 -9.40000000E+03  0.00000000E+00  3.00000000E+01    1.840528E-12  1.827790E-12    2.231157E-03 -1.067382E-03
 -9.30000000E+03  0.00000000E+00  3.00000000E+01    1.917211E-12  1.900560E-12    2.125204E-03 -1.075813E-03
 -9.20000000E+03  0.00000000E+00  3.00000000E+01    2.038684E-12  2.024328E-12    1.977333E-03 -1.081799E-03
 -9.10000000E+03  0.00000000E+00  3.00000000E+01    2.169006E-12  2.156862E-12    1.840257E-03 -1.081817E-03
 -9.00000000E+03  0.00000000E+00  3.00000000E+01    2.259875E-12  2.253296E-12    1.755483E-03 -1.078391E-03
 -8.90000000E+03  0.00000000E+00  3.00000000E+01    2.362116E-12  2.343611E-12    1.674840E-03 -1.072964E-03
 -8.80000000E+03  0.00000000E+00  3.00000000E+01    2.523235E-12  2.490678E-12    1.563915E-03 -1.061447E-03
 -8.70000000E+03  0.00000000E+00  3.00000000E+01    2.697210E-12  2.641420E-12    1.461492E-03 -1.047105E-03
 -8.60000000E+03  0.00000000E+00  3.00000000E+01    2.818756E-12  2.760337E-12    1.397968E-03 -1.035941E-03
 -8.50000000E+03  0.00000000E+00  3.00000000E+01    2.949075E-12  2.879638E-12    1.338638E-03 -1.023890E-03
 -8.40000000E+03  0.00000000E+00  3.00000000E+01    3.161686E-12  3.057091E-12    1.256573E-03 -1.004599E-03
 -8.30000000E+03  0.00000000E+00  3.00000000E+01    3.391612E-12  3.250000E-12    1.180922E-03 -9.843317E-04
 -8.20000000E+03  0.00000000E+00  3.00000000E+01    3.562711E-12  3.381124E-12    1.134680E-03 -9.703180E-04
 -8.10000000E+03  0.00000000E+00  3.00000000E+01    3.736161E-12  3.522181E-12    1.091125E-03 -9.560939E-04
 -8.00000000E+03  0.00000000E+00  3.00000000E+01    4.030381E-12  3.741750E-12    1.031591E-03 -9.347908E-04
 -7.90000000E+03  0.00000000E+00  3.00000000E+01    4.352654E-12  3.972139E-12    9.770934E-04 -9.135818E-04
 -7.80000000E+03  0.00000000E+00  3.00000000E+01    4.589459E-12  4.133185E-12    9.437184E-04 -8.995232E-04
 -7.70000000E+03  0.00000000E+00  3.00000000E+01    4.844556E-12  4.300968E-12    9.127334E-04 -8.857268E-04
 -7.60000000E+03  0.00000000E+00  3.00000000E+01    5.268837E-12  4.570194E-12    8.703124E-04 -8.656808E-04
 -7.50000000E+03  0.00000000E+00  3.00000000E+01    5.744988E-12  4.849146E-12    8.319594E-04 -8.463548E-04
 -7.40000000E+03  0.00000000E+00  3.00000000E+01    6.094040E-12  5.047011E-12    8.089307E-04 -8.339725E-04
 -7.30000000E+03  0.00000000E+00  3.00000000E+01    6.477571E-12  5.254296E-12    7.875102E-04 -8.219949E-04
 -7.20000000E+03  0.00000000E+00  3.00000000E+01    7.131854E-12  5.578257E-12    7.590313E-04 -8.051592E-04
 -7.10000000E+03  0.00000000E+00  3.00000000E+01    7.861954E-12  5.930963E-12    7.337330E-04 -7.893684E-04
 -7.00000000E+03  0.00000000E+00  3.00000000E+01    8.414355E-12  6.185951E-12    7.187374E-04 -7.794866E-04
 -6.90000000E+03  0.00000000E+00  3.00000000E+01    9.013170E-12  6.452491E-12    7.053312E-04 -7.702404E-04
 -6.80000000E+03  0.00000000E+00  3.00000000E+01    1.005125E-11  6.888315E-12    6.880524E-04 -7.576365E-04
 -6.70000000E+03  0.00000000E+00  3.00000000E+01    1.122832E-11  7.375710E-12    6.734923E-04 -7.462826E-04
 -6.60000000E+03  0.00000000E+00  3.00000000E+01    1.211487E-11  7.727867E-12    6.655635E-04 -7.395574E-04
 -6.50000000E+03  0.00000000E+00  3.00000000E+01    1.309695E-11  8.120431E-12    6.588895E-04 -7.334729E-04
 -6.40000000E+03  0.00000000E+00  3.00000000E+01    1.478324E-11  8.783195E-12    6.515417E-04 -7.258061E-04
 -6.30000000E+03  0.00000000E+00  3.00000000E+01    1.670301E-11  9.544946E-12    6.467539E-04 -7.195519E-04
 -6.20000000E+03  0.00000000E+00  3.00000000E+01    1.817030E-11  1.012327E-11    6.452560E-04 -7.163018E-04
 -6.10000000E+03  0.00000000E+00  3.00000000E+01    1.978141E-11  1.076767E-11    6.450999E-04 -7.138148E-04
 -6.00000000E+03  0.00000000E+00  3.00000000E+01    2.255621E-11  1.192772E-11    6.475988E-04 -7.116158E-04
 -5.90000000E+03  0.00000000E+00  3.00000000E+01    2.572409E-11  1.329223E-11    6.528970E-04 -7.109451E-04
 -5.80000000E+03  0.00000000E+00  3.00000000E+01    2.812062E-11  1.436690E-11    6.583221E-04 -7.114857E-04
 -5.70000000E+03  0.00000000E+00  3.00000000E+01    3.077871E-11  1.560831E-11    6.652846E-04 -7.127728E-04
 -5.60000000E+03  0.00000000E+00  3.00000000E+01    3.531583E-11  1.782882E-11    6.789358E-04 -7.163216E-04
 -5.50000000E+03  0.00000000E+00  3.00000000E+01    4.047612E-11  2.049597E-11    6.959830E-04 -7.213925E-04
 -5.40000000E+03  0.00000000E+00  3.00000000E+01    4.438524E-11  2.265398E-11    7.097902E-04 -7.257186E-04
 -5.30000000E+03  0.00000000E+00  3.00000000E+01    4.866371E-11  2.510959E-11    7.254680E-04 -7.307758E-04
 -5.20000000E+03  0.00000000E+00  3.00000000E+01    5.596223E-11  2.960996E-11    7.532981E-04 -7.397550E-04
 -5.10000000E+03  0.00000000E+00  3.00000000E+01    6.421626E-11  3.505620E-11    7.857075E-04 -7.499758E-04
 -5.00000000E+03  0.00000000E+00  3.00000000E+01    7.038398E-11  3.939864E-11    8.104617E-04 -7.575322E-04
 -4.90000000E+03  0.00000000E+00  3.00000000E+01    7.714301E-11  4.442341E-11    8.379786E-04 -7.655786E-04
 -4.80000000E+03  0.00000000E+00  3.00000000E+01    8.850574E-11  5.352809E-11    8.850038E-04 -7.784234E-04
 -4.70000000E+03  0.00000000E+00  3.00000000E+01    1.012087E-10  6.448887E-11    9.383036E-04 -7.917257E-04
 -4.60000000E+03  0.00000000E+00  3.00000000E+01    1.106347E-10  7.328243E-11    9.784546E-04 -8.006385E-04
 -4.50000000E+03  0.00000000E+00  3.00000000E+01    1.208004E-10  8.332967E-11    1.022156E-03 -8.093969E-04
 -4.40000000E+03  0.00000000E+00  3.00000000E+01    1.377221E-10  1.015450E-10    1.096007E-03 -8.216979E-04
 -4.30000000E+03  0.00000000E+00  3.00000000E+01    1.563355E-10  1.233257E-10    1.178460E-03 -8.325890E-04
 -4.20000000E+03  0.00000000E+00  3.00000000E+01    1.698666E-10  1.405632E-10    1.239460E-03 -8.384223E-04
 -4.10000000E+03  0.00000000E+00  3.00000000E+01    1.843333E-10  1.603602E-10    1.305786E-03 -8.426891E-04
 -4.00000000E+03  0.00000000E+00  3.00000000E+01    2.077777E-10  1.956908E-10    1.415720E-03 -8.451583E-04
 -3.90000000E+03  0.00000000E+00  3.00000000E+01    2.329348E-10  2.376681E-10    1.537108E-03 -8.424445E-04
 -3.80000000E+03  0.00000000E+00  3.00000000E+01    2.507906E-10  2.708993E-10    1.626395E-03 -8.362121E-04
 -3.70000000E+03  0.00000000E+00  3.00000000E+01    2.693129E-10  3.083375E-10    1.721638E-03 -8.261719E-04
 -3.60000000E+03  0.00000000E+00  3.00000000E+01    2.982680E-10  3.750894E-10    1.878233E-03 -8.012910E-04
 -3.50000000E+03  0.00000000E+00  3.00000000E+01    3.279128E-10  4.538126E-10    2.048809E-03 -7.646991E-04
 -3.40000000E+03  0.00000000E+00  3.00000000E+01    3.477422E-10  5.150677E-10    2.171650E-03 -7.313539E-04
 -3.30000000E+03  0.00000000E+00  3.00000000E+01    3.672964E-10  5.844273E-10    2.302184E-03 -6.897056E-04
 -3.20000000E+03  0.00000000E+00  3.00000000E+01    3.949457E-10  7.063952E-10    2.512141E-03 -6.084374E-04
 -3.10000000E+03  0.00000000E+00  3.00000000E+01    4.197504E-10  8.487604E-10    2.736332E-03 -5.055269E-04
 -3.00000000E+03  0.00000000E+00  3.00000000E+01    4.333716E-10  9.592562E-10    2.895260E-03 -4.202856E-04
 -2.90000000E+03  0.00000000E+00  3.00000000E+01    4.438632E-10  1.082451E-09    3.060125E-03 -3.213962E-04
 -2.80000000E+03  0.00000000E+00  3.00000000E+01    4.505050E-10  1.298107E-09    3.319349E-03 -1.407219E-04
 -2.70000000E+03  0.00000000E+00  3.00000000E+01    4.453159E-10  1.547386E-09    3.588005E-03  7.513318E-05
 -2.60000000E+03  0.00000000E+00  3.00000000E+01    4.318913E-10  1.738055E-09    3.771693E-03  2.445070E-04
 -2.50000000E+03  0.00000000E+00  3.00000000E+01    4.084638E-10  1.950803E-09    3.958092E-03  4.360545E-04
 -2.40000000E+03  0.00000000E+00  3.00000000E+01    3.483174E-10  2.316350E-09    4.236528E-03  7.684324E-04
 -2.30000000E+03  0.00000000E+00  3.00000000E+01    2.573769E-10  2.733923E-09    4.510162E-03  1.149833E-03
 -2.20000000E+03  0.00000000E+00  3.00000000E+01    1.716448E-10  3.051229E-09    4.686475E-03  1.439500E-03
 -2.10000000E+03  0.00000000E+00  3.00000000E+01    6.377520E-11  3.398471E-09    4.853876E-03  1.754851E-03
 -2.00000000E+03  0.00000000E+00  3.00000000E+01   -1.549278E-10  3.989157E-09    5.079803E-03  2.282620E-03
 -1.90000000E+03  0.00000000E+00  3.00000000E+01   -4.392922E-10  4.653402E-09    5.272531E-03  2.863890E-03
 -1.80000000E+03  0.00000000E+00  3.00000000E+01   -6.779292E-10  5.146458E-09    5.373319E-03  3.284627E-03
 -1.70000000E+03  0.00000000E+00  3.00000000E+01   -9.617067E-10  5.681996E-09    5.447969E-03  3.729334E-03
 -1.60000000E+03  0.00000000E+00  3.00000000E+01   -1.489126E-09  6.567357E-09    5.496127E-03  4.429572E-03
 -1.50000000E+03  0.00000000E+00  3.00000000E+01   -2.129022E-09  7.536781E-09    5.471526E-03  5.153125E-03
 -1.40000000E+03  0.00000000E+00  3.00000000E+01   -2.638041E-09  8.239867E-09    5.400213E-03  5.642119E-03
 -1.30000000E+03  0.00000000E+00  3.00000000E+01   -3.211847E-09  8.980006E-09    5.283679E-03  6.122231E-03
 -1.20000000E+03  0.00000000E+00  3.00000000E+01   -4.214488E-09  1.016111E-08    5.013455E-03  6.794745E-03
 -1.10000000E+03  0.00000000E+00  3.00000000E+01   -5.353890E-09  1.139802E-08    4.646909E-03  7.386160E-03
 -1.00000000E+03  0.00000000E+00  3.00000000E+01   -6.197884E-09  1.224766E-08    4.339912E-03  7.701225E-03
 -9.00000000E+02  0.00000000E+00  3.00000000E+01   -7.102174E-09  1.310814E-08    3.989790E-03  7.931517E-03
 -8.00000000E+02  0.00000000E+00  3.00000000E+01   -8.538067E-09  1.438309E-08    3.405639E-03  8.050828E-03
 -7.00000000E+02  0.00000000E+00  3.00000000E+01   -1.001619E-08  1.561406E-08    2.782597E-03  7.895448E-03
 -6.00000000E+02  0.00000000E+00  3.00000000E+01   -1.099863E-08  1.638311E-08    2.357198E-03  7.576725E-03
 -5.00000000E+02  0.00000000E+00  3.00000000E+01   -1.194131E-08  1.709109E-08    1.945491E-03  7.078090E-03
 -4.00000000E+02  0.00000000E+00  3.00000000E+01   -1.320998E-08  1.800468E-08    1.382133E-03  5.948531E-03
 -3.00000000E+02  0.00000000E+00  3.00000000E+01   -1.426298E-08  1.873386E-08    8.859053E-04  4.453374E-03
 -2.00000000E+02  0.00000000E+00  3.00000000E+01   -1.477823E-08  1.907674E-08    6.011088E-04  3.248646E-03
 -1.00000000E+02  0.00000000E+00  3.00000000E+01   -1.512610E-08  1.930471E-08    3.445501E-04  1.924384E-03
  0.00000000E+00  0.00000000E+00  3.00000000E+01   -1.527770E-08  1.940303E-08   -9.436214E-06 -1.756886E-04
  1.00000000E+02  0.00000000E+00  3.00000000E+01   -1.505244E-08  1.925433E-08   -3.687948E-04 -2.262624E-03
  2.00000000E+02  0.00000000E+00  3.00000000E+01   -1.465876E-08  1.899418E-08   -6.352575E-04 -3.561773E-03
  3.00000000E+02  0.00000000E+00  3.00000000E+01   -1.410278E-08  1.862104E-08   -9.327880E-04 -4.731693E-03
  4.00000000E+02  0.00000000E+00  3.00000000E+01   -1.300177E-08  1.785178E-08   -1.448718E-03 -6.162226E-03
  5.00000000E+02  0.00000000E+00  3.00000000E+01   -1.170002E-08  1.690490E-08   -2.028401E-03 -7.221982E-03
  6.00000000E+02  0.00000000E+00  3.00000000E+01   -1.074544E-08  1.617972E-08   -2.446950E-03 -7.674788E-03
  7.00000000E+02  0.00000000E+00  3.00000000E+01   -9.758155E-09  1.539739E-08   -2.875431E-03 -7.950485E-03
  8.00000000E+02  0.00000000E+00  3.00000000E+01   -8.284714E-09  1.415448E-08   -3.496015E-03 -8.050281E-03
  9.00000000E+02  0.00000000E+00  3.00000000E+01   -6.863016E-09  1.287477E-08   -4.071699E-03 -7.885528E-03
  1.00000000E+03  0.00000000E+00  3.00000000E+01   -5.972924E-09  1.201530E-08   -4.413039E-03 -7.631835E-03
  1.10000000E+03  0.00000000E+00  3.00000000E+01   -5.145274E-09  1.116937E-08   -4.709803E-03 -7.298478E-03
  1.20000000E+03  0.00000000E+00  3.00000000E+01   -4.032596E-09  9.942299E-09   -5.059653E-03 -6.688517E-03
  1.30000000E+03  0.00000000E+00  3.00000000E+01   -3.057290E-09  8.774230E-09   -5.312873E-03 -6.005180E-03
  1.40000000E+03  0.00000000E+00  3.00000000E+01   -2.501243E-09  8.044289E-09   -5.418430E-03 -5.522199E-03
  1.50000000E+03  0.00000000E+00  3.00000000E+01   -2.009192E-09  7.352112E-09   -5.479414E-03 -5.032889E-03
  1.60000000E+03  0.00000000E+00  3.00000000E+01   -1.392505E-09  6.399655E-09   -5.490333E-03 -4.312745E-03
  1.70000000E+03  0.00000000E+00  3.00000000E+01   -8.858177E-10  5.531372E-09   -5.430427E-03 -3.618851E-03
  1.80000000E+03  0.00000000E+00  3.00000000E+01   -6.141337E-10  5.007054E-09   -5.349265E-03 -3.179811E-03
  1.90000000E+03  0.00000000E+00  3.00000000E+01   -3.862575E-10  4.524843E-09   -5.242996E-03 -2.765390E-03
  2.00000000E+03  0.00000000E+00  3.00000000E+01   -1.156766E-10  3.875999E-09   -5.043919E-03 -2.194297E-03
  2.10000000E+03  0.00000000E+00  3.00000000E+01    9.151130E-11  3.299677E-09   -4.813390E-03 -1.677003E-03
  2.20000000E+03  0.00000000E+00  3.00000000E+01    1.931049E-10  2.961255E-09   -4.643982E-03 -1.368610E-03
  2.30000000E+03  0.00000000E+00  3.00000000E+01    2.734391E-10  2.652218E-09   -4.466341E-03 -1.085746E-03
  2.40000000E+03  0.00000000E+00  3.00000000E+01    3.578574E-10  2.245869E-09   -4.191883E-03 -7.139914E-04
  2.50000000E+03  0.00000000E+00  3.00000000E+01    4.128418E-10  1.890428E-09   -3.913614E-03 -3.906130E-04
  2.60000000E+03  0.00000000E+00  3.00000000E+01    4.336150E-10  1.683712E-09   -3.727881E-03 -2.045964E-04
  2.70000000E+03  0.00000000E+00  3.00000000E+01    4.448805E-10  1.498554E-09   -3.545185E-03 -4.034457E-05
  2.80000000E+03  0.00000000E+00  3.00000000E+01    4.476292E-10  1.256628E-09   -3.278517E-03  1.686016E-04
  2.90000000E+03  0.00000000E+00  3.00000000E+01    4.392210E-10  1.047454E-09   -3.021665E-03  3.431434E-04
  3.00000000E+03  0.00000000E+00  3.00000000E+01    4.279348E-10  9.280358E-10   -2.858564E-03  4.384580E-04
  3.10000000E+03  0.00000000E+00  3.00000000E+01    4.137378E-10  8.209665E-10   -2.701492E-03  5.204718E-04
  3.20000000E+03  0.00000000E+00  3.00000000E+01    3.884261E-10  6.830802E-10   -2.480170E-03  6.192165E-04
  3.30000000E+03  0.00000000E+00  3.00000000E+01    3.605553E-10  5.650066E-10   -2.273110E-03  6.969373E-04
  3.40000000E+03  0.00000000E+00  3.00000000E+01    3.410022E-10  4.978899E-10   -2.144494E-03  7.365977E-04
  3.50000000E+03  0.00000000E+00  3.00000000E+01    3.212598E-10  4.386367E-10   -2.023529E-03  7.682185E-04
  3.60000000E+03  0.00000000E+00  3.00000000E+01    2.918672E-10  3.625160E-10   -1.855670E-03  8.026728E-04
  3.70000000E+03  0.00000000E+00  3.00000000E+01    2.632571E-10  2.979917E-10   -1.701660E-03  8.258277E-04
  3.80000000E+03  0.00000000E+00  3.00000000E+01    2.450013E-10  2.618153E-10   -1.608039E-03  8.349623E-04
  3.90000000E+03  0.00000000E+00  3.00000000E+01    2.274320E-10  2.297151E-10   -1.520297E-03  8.404412E-04
  4.00000000E+03  0.00000000E+00  3.00000000E+01    2.027258E-10  1.891724E-10   -1.401054E-03  8.423014E-04
  4.10000000E+03  0.00000000E+00  3.00000000E+01    1.797390E-10  1.550614E-10   -1.293093E-03  8.392134E-04
  4.20000000E+03  0.00000000E+00  3.00000000E+01    1.655681E-10  1.359537E-10   -1.227972E-03  8.346659E-04
  4.30000000E+03  0.00000000E+00  3.00000000E+01    1.523253E-10  1.193214E-10   -1.168087E-03  8.286376E-04
  4.40000000E+03  0.00000000E+00  3.00000000E+01    1.341365E-10  9.830400E-11   -1.087150E-03  8.175917E-04
  4.50000000E+03  0.00000000E+00  3.00000000E+01    1.176119E-10  8.072257E-11   -1.014661E-03  8.052501E-04
  4.60000000E+03  0.00000000E+00  3.00000000E+01    1.076927E-10  7.103799E-11   -9.717655E-04  7.965268E-04
  4.70000000E+03  0.00000000E+00  3.00000000E+01    9.849886E-11  6.254910E-11   -9.323541E-04  7.876852E-04
  4.80000000E+03  0.00000000E+00  3.00000000E+01    8.612177E-11  5.197456E-11   -8.800329E-04  7.745467E-04
  4.90000000E+03  0.00000000E+00  3.00000000E+01    7.505093E-11  4.319424E-11   -8.338671E-04  7.619079E-04
  5.00000000E+03  0.00000000E+00  3.00000000E+01    6.847438E-11  3.834237E-11   -8.068506E-04  7.540191E-04
  5.10000000E+03  0.00000000E+00  3.00000000E+01    6.247398E-11  3.415269E-11   -7.825449E-04  7.466300E-04
  5.20000000E+03  0.00000000E+00  3.00000000E+01    5.444687E-11  2.888801E-11   -7.507202E-04  7.366719E-04
  5.30000000E+03  0.00000000E+00  3.00000000E+01    4.734917E-11  2.453995E-11   -7.233919E-04  7.279601E-04
  5.40000000E+03  0.00000000E+00  3.00000000E+01    4.319039E-11  2.216548E-11   -7.079982E-04  7.230803E-04
  5.50000000E+03  0.00000000E+00  3.00000000E+01    3.938848E-11  2.008509E-11   -6.944438E-04  7.189291E-04
  5.60000000E+03  0.00000000E+00  3.00000000E+01    3.437326E-11  1.750092E-11   -6.777161E-04  7.141116E-04
  5.70000000E+03  0.00000000E+00  3.00000000E+01    2.996833E-11  1.534790E-11   -6.643327E-04  7.108046E-04
  5.80000000E+03  0.00000000E+00  3.00000000E+01    2.738537E-11  1.414287E-11   -6.575192E-04  7.096699E-04
  5.90000000E+03  0.00000000E+00  3.00000000E+01    2.505752E-11  1.310133E-11   -6.522224E-04  7.092740E-04
  6.00000000E+03  0.00000000E+00  3.00000000E+01    2.197938E-11  1.177313E-11   -6.470829E-04  7.101467E-04
  6.10000000E+03  0.00000000E+00  3.00000000E+01    1.928174E-11  1.064276E-11   -6.447128E-04  7.125320E-04
  6.20000000E+03  0.00000000E+00  3.00000000E+01    1.771936E-11  1.001333E-11   -6.449374E-04  7.151324E-04
  6.30000000E+03  0.00000000E+00  3.00000000E+01    1.629739E-11  9.438221E-12   -6.464932E-04  7.184883E-04
  6.40000000E+03  0.00000000E+00  3.00000000E+01    1.443415E-11  8.694292E-12   -6.513493E-04  7.248861E-04
  6.50000000E+03  0.00000000E+00  3.00000000E+01    1.279292E-11  8.042460E-12   -6.587499E-04  7.326820E-04
  6.60000000E+03  0.00000000E+00  3.00000000E+01    1.183641E-11  7.656197E-12   -6.654505E-04  7.388435E-04
  6.70000000E+03  0.00000000E+00  3.00000000E+01    1.097406E-11  7.310421E-12   -6.734002E-04  7.456390E-04
  6.80000000E+03  0.00000000E+00  3.00000000E+01    9.826977E-12  6.831382E-12   -6.879832E-04  7.570868E-04
  6.90000000E+03  0.00000000E+00  3.00000000E+01    8.822661E-12  6.394869E-12   -7.052778E-04  7.697734E-04
  7.00000000E+03  0.00000000E+00  3.00000000E+01    8.234803E-12  6.133842E-12   -7.186905E-04  7.790677E-04
  7.10000000E+03  0.00000000E+00  3.00000000E+01    7.697751E-12  5.880354E-12   -7.336906E-04  7.889932E-04
  7.20000000E+03  0.00000000E+00  3.00000000E+01    6.980122E-12  5.535390E-12   -7.589921E-04  8.048410E-04
  7.30000000E+03  0.00000000E+00  3.00000000E+01    6.346418E-12  5.209833E-12   -7.874716E-04  8.217259E-04
  7.40000000E+03  0.00000000E+00  3.00000000E+01    5.967752E-12  5.005992E-12   -8.088913E-04  8.337318E-04
  7.50000000E+03  0.00000000E+00  3.00000000E+01    5.624030E-12  4.813299E-12   -8.319184E-04  8.461392E-04
  7.60000000E+03  0.00000000E+00  3.00000000E+01    5.161039E-12  4.534877E-12   -8.702683E-04  8.654976E-04
  7.70000000E+03  0.00000000E+00  3.00000000E+01    4.740683E-12  4.270569E-12   -9.126858E-04  8.855711E-04
  7.80000000E+03  0.00000000E+00  3.00000000E+01    4.495095E-12  4.104582E-12   -9.436683E-04  8.993831E-04
  7.90000000E+03  0.00000000E+00  3.00000000E+01    4.265806E-12  3.943783E-12   -9.770409E-04  9.134553E-04
  8.00000000E+03  0.00000000E+00  3.00000000E+01    3.949633E-12  3.708824E-12   -1.031535E-03  9.346815E-04
  8.10000000E+03  0.00000000E+00  3.00000000E+01    3.665466E-12  3.485130E-12   -1.091066E-03  9.559992E-04
  8.20000000E+03  0.00000000E+00  3.00000000E+01    3.489847E-12  3.349834E-12   -1.134619E-03  9.702313E-04
  8.30000000E+03  0.00000000E+00  3.00000000E+01    3.326718E-12  3.220013E-12   -1.180860E-03  9.842519E-04
  8.40000000E+03  0.00000000E+00  3.00000000E+01    3.100826E-12  3.029476E-12   -1.256509E-03  1.004528E-03
  8.50000000E+03  0.00000000E+00  3.00000000E+01    2.890659E-12  2.846858E-12   -1.338573E-03  1.023826E-03
  8.60000000E+03  0.00000000E+00  3.00000000E+01    2.767180E-12  2.732284E-12   -1.397902E-03  1.035881E-03
  8.70000000E+03  0.00000000E+00  3.00000000E+01    2.645833E-12  2.625174E-12   -1.461426E-03  1.047048E-03
  8.80000000E+03  0.00000000E+00  3.00000000E+01    2.477083E-12  2.470101E-12   -1.563849E-03  1.061395E-03
  8.90000000E+03  0.00000000E+00  3.00000000E+01    2.321837E-12  2.321311E-12   -1.674775E-03  1.072915E-03
  9.00000000E+03  0.00000000E+00  3.00000000E+01    2.224730E-12  2.225321E-12   -1.755419E-03  1.078344E-03
  9.10000000E+03  0.00000000E+00  3.00000000E+01    2.132429E-12  2.134527E-12   -1.840194E-03  1.081773E-03
  9.20000000E+03  0.00000000E+00  3.00000000E+01    2.002543E-12  2.006724E-12   -1.977271E-03  1.081757E-03
  9.30000000E+03  0.00000000E+00  3.00000000E+01    1.883067E-12  1.888507E-12   -2.125144E-03  1.075773E-03
  9.40000000E+03  0.00000000E+00  3.00000000E+01    1.805665E-12  1.811240E-12   -2.231097E-03  1.067343E-03
  9.50000000E+03  0.00000000E+00  3.00000000E+01    1.734689E-12  1.740102E-12   -2.343628E-03  1.054692E-03
  9.60000000E+03  0.00000000E+00  3.00000000E+01    1.633202E-12  1.637379E-12   -2.523880E-03  1.026243E-03
  9.70000000E+03  0.00000000E+00  3.00000000E+01    1.537220E-12  1.535802E-12   -2.717160E-03  9.869132E-04
  9.80000000E+03  0.00000000E+00  3.00000000E+01    1.471564E-12  1.482197E-12   -2.856076E-03  9.521572E-04
  9.90000000E+03  0.00000000E+00  3.00000000E+01    1.422766E-12  1.423183E-12   -3.001506E-03  9.103843E-04
  1.00000000E+04  0.00000000E+00  3.00000000E+01    1.341021E-12  1.342442E-12   -3.234693E-03  8.307440E-04
  1.05000000E+04  0.00000000E+00  3.00000000E+01    1.052409E-12  1.031501E-12   -4.451936E-03  1.952782E-04
 
 -1.05000000E+04  0.00000000E+00  3.00000000E+01   -2.192181E-11 -2.416387E-13    2.183020E-03  1.392765E-03
 -1.00000000E+04  0.00000000E+00  3.00000000E+01   -2.623804E-11 -1.353682E-12    1.834556E-03  1.250640E-03
 -9.90000000E+03  0.00000000E+00  3.00000000E+01   -2.734629E-11 -1.701086E-12    1.748209E-03  1.219416E-03
 -9.80000000E+03  0.00000000E+00  3.00000000E+01   -2.815222E-11 -1.907310E-12    1.689826E-03  1.199021E-03
 -9.70000000E+03  0.00000000E+00  3.00000000E+01   -2.891763E-11 -2.238363E-12    1.630452E-03  1.178836E-03
 -9.60000000E+03  0.00000000E+00  3.00000000E+01   -3.018098E-11 -2.490816E-12    1.540251E-03  1.149372E-03
 -9.50000000E+03  0.00000000E+00  3.00000000E+01   -3.150196E-11 -2.938425E-12    1.448770E-03  1.120511E-03
 -9.40000000E+03  0.00000000E+00  3.00000000E+01   -3.243531E-11 -3.270850E-12    1.386824E-03  1.101557E-03
 -9.30000000E+03  0.00000000E+00  3.00000000E+01   -3.337566E-11 -3.564098E-12    1.324556E-03  1.082994E-03
 -9.20000000E+03  0.00000000E+00  3.00000000E+01   -3.486450E-11 -4.094950E-12    1.229611E-03  1.055645E-03
 -9.10000000E+03  0.00000000E+00  3.00000000E+01   -3.642545E-11 -4.663264E-12    1.133529E-03  1.028822E-03
 -9.00000000E+03  0.00000000E+00  3.00000000E+01   -3.750543E-11 -4.990034E-12    1.068805E-03  1.011239E-03
 -8.90000000E+03  0.00000000E+00  3.00000000E+01   -3.863683E-11 -5.386155E-12    1.003074E-03  9.937431E-04
 -8.80000000E+03  0.00000000E+00  3.00000000E+01   -4.043167E-11 -6.032770E-12    9.036826E-04  9.680901E-04
 -8.70000000E+03  0.00000000E+00  3.00000000E+01   -4.230498E-11 -6.787044E-12    8.030311E-04  9.427843E-04
 -8.60000000E+03  0.00000000E+00  3.00000000E+01   -4.361782E-11 -7.124726E-12    7.347517E-04  9.259858E-04
 -8.50000000E+03  0.00000000E+00  3.00000000E+01   -4.497488E-11 -7.766331E-12    6.661502E-04  9.094150E-04
 -8.40000000E+03  0.00000000E+00  3.00000000E+01   -4.713435E-11 -8.490135E-12    5.614551E-04  8.846899E-04
 -8.30000000E+03  0.00000000E+00  3.00000000E+01   -4.935291E-11 -9.476154E-12    4.550725E-04  8.600373E-04
 -8.20000000E+03  0.00000000E+00  3.00000000E+01   -5.093436E-11 -1.011440E-11    3.833492E-04  8.436893E-04
 -8.10000000E+03  0.00000000E+00  3.00000000E+01   -5.255636E-11 -1.080381E-11    3.105015E-04  8.272732E-04
 -8.00000000E+03  0.00000000E+00  3.00000000E+01   -5.511964E-11 -1.191804E-11    1.997097E-04  8.026841E-04
 -7.90000000E+03  0.00000000E+00  3.00000000E+01   -5.781909E-11 -1.302991E-11    8.705485E-05  7.779663E-04
 -7.80000000E+03  0.00000000E+00  3.00000000E+01   -5.973460E-11 -1.387292E-11    1.046756E-05  7.612975E-04
 -7.70000000E+03  0.00000000E+00  3.00000000E+01   -6.172420E-11 -1.473370E-11   -6.684437E-05  7.445727E-04
 -7.60000000E+03  0.00000000E+00  3.00000000E+01   -6.484298E-11 -1.617186E-11   -1.853722E-04  7.190772E-04
 -7.50000000E+03  0.00000000E+00  3.00000000E+01   -6.817634E-11 -1.760406E-11   -3.059408E-04  6.932430E-04
 -7.40000000E+03  0.00000000E+00  3.00000000E+01   -7.047194E-11 -1.873080E-11   -3.875809E-04  6.757737E-04
 -7.30000000E+03  0.00000000E+00  3.00000000E+01   -7.291297E-11 -1.985195E-11   -4.708429E-04  6.579407E-04
 -7.20000000E+03  0.00000000E+00  3.00000000E+01   -7.674636E-11 -2.166570E-11   -5.977387E-04  6.307279E-04
 -7.10000000E+03  0.00000000E+00  3.00000000E+01   -8.077668E-11 -2.373766E-11   -7.272526E-04  6.028329E-04
 -7.00000000E+03  0.00000000E+00  3.00000000E+01   -8.365658E-11 -2.508747E-11   -8.157513E-04  5.836364E-04
 -6.90000000E+03  0.00000000E+00  3.00000000E+01   -8.664716E-11 -2.652543E-11   -9.051624E-04  5.641428E-04
 -6.80000000E+03  0.00000000E+00  3.00000000E+01   -9.137365E-11 -2.900046E-11   -1.042551E-03  5.339073E-04
 -6.70000000E+03  0.00000000E+00  3.00000000E+01   -9.642308E-11 -3.153530E-11   -1.183101E-03  5.026258E-04
 -6.60000000E+03  0.00000000E+00  3.00000000E+01   -9.996511E-11 -3.345332E-11   -1.278571E-03  4.811106E-04
 -6.50000000E+03  0.00000000E+00  3.00000000E+01   -1.037196E-10 -3.545355E-11   -1.376095E-03  4.588907E-04
 -6.40000000E+03  0.00000000E+00  3.00000000E+01   -1.096331E-10 -3.859967E-11   -1.525575E-03  4.243150E-04
 -6.30000000E+03  0.00000000E+00  3.00000000E+01   -1.159420E-10 -4.204411E-11   -1.678604E-03  3.883299E-04
 -6.20000000E+03  0.00000000E+00  3.00000000E+01   -1.204612E-10 -4.454386E-11   -1.783257E-03  3.632752E-04
 -6.10000000E+03  0.00000000E+00  3.00000000E+01   -1.251579E-10 -4.714573E-11   -1.889393E-03  3.375136E-04
 -6.00000000E+03  0.00000000E+00  3.00000000E+01   -1.326486E-10 -5.141183E-11   -2.053155E-03  2.969723E-04
 -5.90000000E+03  0.00000000E+00  3.00000000E+01   -1.406529E-10 -5.609148E-11   -2.220943E-03  2.545719E-04
 -5.80000000E+03  0.00000000E+00  3.00000000E+01   -1.463353E-10 -5.932609E-11   -2.335370E-03  2.250258E-04
 -5.70000000E+03  0.00000000E+00  3.00000000E+01   -1.523541E-10 -6.287395E-11   -2.452632E-03  1.942285E-04
 -5.60000000E+03  0.00000000E+00  3.00000000E+01   -1.619961E-10 -6.859544E-11   -2.632488E-03  1.459320E-04
 -5.50000000E+03  0.00000000E+00  3.00000000E+01   -1.722884E-10 -7.478714E-11   -2.817094E-03  9.518859E-05
 -5.40000000E+03  0.00000000E+00  3.00000000E+01   -1.796621E-10 -7.932455E-11   -2.943904E-03  5.946719E-05
 -5.30000000E+03  0.00000000E+00  3.00000000E+01   -1.874197E-10 -8.408494E-11   -3.072650E-03  2.254044E-05
 -5.20000000E+03  0.00000000E+00  3.00000000E+01   -1.998914E-10 -9.198099E-11   -3.271710E-03 -3.597295E-05
 -5.10000000E+03  0.00000000E+00  3.00000000E+01   -2.133794E-10 -1.003869E-10   -3.476491E-03 -9.770667E-05
 -5.00000000E+03  0.00000000E+00  3.00000000E+01   -2.230202E-10 -1.066237E-10   -3.616262E-03 -1.409364E-04
 -4.90000000E+03  0.00000000E+00  3.00000000E+01   -2.332423E-10 -1.132268E-10   -3.759458E-03 -1.860964E-04
 -4.80000000E+03  0.00000000E+00  3.00000000E+01   -2.497070E-10 -1.240015E-10   -3.979892E-03 -2.574008E-04
 -4.70000000E+03  0.00000000E+00  3.00000000E+01   -2.674877E-10 -1.358506E-10   -4.206527E-03 -3.326497E-04
 -4.60000000E+03  0.00000000E+00  3.00000000E+01   -2.803377E-10 -1.444489E-10   -4.362147E-03 -3.857377E-04
 -4.50000000E+03  0.00000000E+00  3.00000000E+01   -2.939419E-10 -1.536295E-10   -4.520493E-03 -4.408369E-04
 -4.40000000E+03  0.00000000E+00  3.00000000E+01   -3.160738E-10 -1.687718E-10   -4.765700E-03 -5.284135E-04
 -4.30000000E+03  0.00000000E+00  3.00000000E+01   -3.400810E-10 -1.853191E-10   -5.017609E-03 -6.208212E-04
 -4.20000000E+03  0.00000000E+00  3.00000000E+01   -3.573908E-10 -1.974895E-10   -5.189693E-03 -6.857094E-04
 -4.10000000E+03  0.00000000E+00  3.00000000E+01   -3.759351E-10 -2.106514E-10   -5.366185E-03 -7.536350E-04
 -4.00000000E+03  0.00000000E+00  3.00000000E+01   -4.060621E-10 -2.321123E-10   -5.637592E-03 -8.608684E-04
 -3.90000000E+03  0.00000000E+00  3.00000000E+01   -4.388991E-10 -2.557611E-10   -5.916485E-03 -9.741037E-04
 -3.80000000E+03  0.00000000E+00  3.00000000E+01   -4.629132E-10 -2.733330E-10   -6.107893E-03 -1.054047E-03
 -3.70000000E+03  0.00000000E+00  3.00000000E+01   -4.884918E-10 -2.920810E-10   -6.302136E-03 -1.136851E-03
 -3.60000000E+03  0.00000000E+00  3.00000000E+01   -5.304032E-10 -3.231668E-10   -6.602010E-03 -1.268177E-03
 -3.50000000E+03  0.00000000E+00  3.00000000E+01   -5.763307E-10 -3.575500E-10   -6.909492E-03 -1.406658E-03
 -3.40000000E+03  0.00000000E+00  3.00000000E+01   -6.098601E-10 -3.830038E-10   -7.118420E-03 -1.503508E-03
 -3.30000000E+03  0.00000000E+00  3.00000000E+01   -6.459889E-10 -4.105241E-10   -7.331590E-03 -1.604471E-03
 -3.20000000E+03  0.00000000E+00  3.00000000E+01   -7.053042E-10 -4.561049E-10   -7.658106E-03 -1.763522E-03
 -3.10000000E+03  0.00000000E+00  3.00000000E+01   -7.705699E-10 -5.067194E-10   -7.990983E-03 -1.930487E-03
 -3.00000000E+03  0.00000000E+00  3.00000000E+01   -8.186687E-10 -5.444560E-10   -8.216663E-03 -2.047215E-03
 -2.90000000E+03  0.00000000E+00  3.00000000E+01   -8.702603E-10 -5.851665E-10   -8.444037E-03 -2.167531E-03
 -2.80000000E+03  0.00000000E+00  3.00000000E+01   -9.557651E-10 -6.530980E-10   -8.791068E-03 -2.356936E-03
 -2.70000000E+03  0.00000000E+00  3.00000000E+01   -1.050211E-09 -7.287399E-10   -9.140877E-03 -2.554185E-03
 -2.60000000E+03  0.00000000E+00  3.00000000E+01   -1.119782E-09 -7.851303E-10   -9.373838E-03 -2.690154E-03
 -2.50000000E+03  0.00000000E+00  3.00000000E+01   -1.195184E-09 -8.465336E-10   -9.607468E-03 -2.830226E-03
 -2.40000000E+03  0.00000000E+00  3.00000000E+01   -1.319756E-09 -9.485233E-10   -9.955913E-03 -3.047054E-03
 -2.30000000E+03  0.00000000E+00  3.00000000E+01   -1.457640E-09 -1.062250E-09   -1.029921E-02 -3.269573E-03
 -2.20000000E+03  0.00000000E+00  3.00000000E+01   -1.559881E-09 -1.147361E-09   -1.052180E-02 -3.420573E-03
 -2.10000000E+03  0.00000000E+00  3.00000000E+01   -1.669726E-09 -1.239298E-09   -1.073740E-02 -3.572327E-03
 -2.00000000E+03  0.00000000E+00  3.00000000E+01   -1.852148E-09 -1.392588E-09   -1.104655E-02 -3.802815E-03
 -1.90000000E+03  0.00000000E+00  3.00000000E+01   -2.053819E-09 -1.563101E-09   -1.133310E-02 -4.031688E-03
 -1.80000000E+03  0.00000000E+00  3.00000000E+01   -2.201784E-09 -1.689175E-09   -1.150257E-02 -4.179232E-03
 -1.70000000E+03  0.00000000E+00  3.00000000E+01   -2.361182E-09 -1.825596E-09   -1.165353E-02 -4.322414E-03
 -1.60000000E+03  0.00000000E+00  3.00000000E+01   -2.622613E-09 -2.050050E-09   -1.183618E-02 -4.525585E-03
 -1.50000000E+03  0.00000000E+00  3.00000000E+01   -2.907929E-09 -2.296170E-09   -1.196126E-02 -4.708827E-03
 -1.40000000E+03  0.00000000E+00  3.00000000E+01   -3.114937E-09 -2.475795E-09   -1.199490E-02 -4.810498E-03
 -1.30000000E+03  0.00000000E+00  3.00000000E+01   -3.333284E-09 -2.665755E-09   -1.198593E-02 -4.893803E-03
 -1.20000000E+03  0.00000000E+00  3.00000000E+01   -3.684232E-09 -2.971831E-09   -1.187391E-02 -4.977332E-03
 -1.10000000E+03  0.00000000E+00  3.00000000E+01   -4.055267E-09 -3.296386E-09   -1.164073E-02 -5.003347E-03
 -1.00000000E+03  0.00000000E+00  3.00000000E+01   -4.312964E-09 -3.522365E-09   -1.138828E-02 -4.970466E-03
 -9.00000000E+02  0.00000000E+00  3.00000000E+01   -4.576869E-09 -3.754033E-09   -1.105208E-02 -4.894726E-03
 -8.00000000E+02  0.00000000E+00  3.00000000E+01   -4.975005E-09 -4.104152E-09   -1.036740E-02 -4.687629E-03
 -7.00000000E+02  0.00000000E+00  3.00000000E+01   -5.366529E-09 -4.448758E-09   -9.474500E-03 -4.366737E-03
 -6.00000000E+02  0.00000000E+00  3.00000000E+01   -5.615845E-09 -4.667865E-09   -8.723692E-03 -4.064464E-03
 -5.00000000E+02  0.00000000E+00  3.00000000E+01   -5.848966E-09 -4.872554E-09   -7.858116E-03 -3.696567E-03
 -4.00000000E+02  0.00000000E+00  3.00000000E+01   -6.155366E-09 -5.142215E-09   -6.324059E-03 -3.011298E-03
 -3.00000000E+02  0.00000000E+00  3.00000000E+01   -6.404213E-09 -5.361008E-09   -4.570214E-03 -2.198155E-03
 -2.00000000E+02  0.00000000E+00  3.00000000E+01   -6.523239E-09 -5.465117E-09   -3.280484E-03 -1.584403E-03
 -1.00000000E+02  0.00000000E+00  3.00000000E+01   -6.603053E-09 -5.534968E-09   -1.921013E-03 -9.304330E-04
  0.00000000E+00  0.00000000E+00  3.00000000E+01   -6.637839E-09 -5.565402E-09    1.804070E-04  8.740198E-05
  1.00000000E+02  0.00000000E+00  3.00000000E+01   -6.586224E-09 -5.520001E-09    2.274094E-03  1.100566E-03
  2.00000000E+02  0.00000000E+00  3.00000000E+01   -6.495814E-09 -5.440709E-09    3.618757E-03  1.745657E-03
  3.00000000E+02  0.00000000E+00  3.00000000E+01   -6.367052E-09 -5.327901E-09    4.887808E-03  2.347075E-03
  4.00000000E+02  0.00000000E+00  3.00000000E+01   -6.105861E-09 -5.098134E-09    6.602285E-03  3.136830E-03
  5.00000000E+02  0.00000000E+00  3.00000000E+01   -5.789808E-09 -4.819910E-09    8.092560E-03  3.796409E-03
  6.00000000E+02  0.00000000E+00  3.00000000E+01   -5.552191E-09 -4.611149E-09    8.928325E-03  4.147140E-03
  7.00000000E+02  0.00000000E+00  3.00000000E+01   -5.299686E-09 -4.389194E-09    9.649923E-03  4.432808E-03
  8.00000000E+02  0.00000000E+00  3.00000000E+01   -4.905911E-09 -4.042615E-09    1.050205E-02  4.730989E-03
  9.00000000E+02  0.00000000E+00  3.00000000E+01   -4.507704E-09 -3.692477E-09    1.114997E-02  4.918146E-03
  1.00000000E+03  0.00000000E+00  3.00000000E+01   -4.244851E-09 -3.461784E-09    1.146461E-02  4.982540E-03
  1.10000000E+03  0.00000000E+00  3.00000000E+01   -3.988905E-09 -3.237421E-09    1.169780E-02  5.005560E-03
  1.20000000E+03  0.00000000E+00  3.00000000E+01   -3.621460E-09 -2.916171E-09    1.190639E-02  4.967511E-03
  1.30000000E+03  0.00000000E+00  3.00000000E+01   -3.274712E-09 -2.613956E-09    1.199779E-02  4.874414E-03
  1.40000000E+03  0.00000000E+00  3.00000000E+01   -3.059397E-09 -2.426821E-09    1.199540E-02  4.786138E-03
  1.50000000E+03  0.00000000E+00  3.00000000E+01   -2.855469E-09 -2.250105E-09    1.195195E-02  4.680413E-03
  1.60000000E+03  0.00000000E+00  3.00000000E+01   -2.574834E-09 -2.008207E-09    1.181499E-02  4.492773E-03
  1.70000000E+03  0.00000000E+00  3.00000000E+01   -2.317962E-09 -1.787896E-09    1.162282E-02  4.286524E-03
  1.80000000E+03  0.00000000E+00  3.00000000E+01   -2.161440E-09 -1.654098E-09    1.146680E-02  4.141966E-03
  1.90000000E+03  0.00000000E+00  3.00000000E+01   -2.016234E-09 -1.530536E-09    1.129316E-02  3.993503E-03
  2.00000000E+03  0.00000000E+00  3.00000000E+01   -1.818414E-09 -1.363518E-09    1.100182E-02  3.764033E-03
  2.10000000E+03  0.00000000E+00  3.00000000E+01   -1.639513E-09 -1.213370E-09    1.068909E-02  3.533530E-03
  2.20000000E+03  0.00000000E+00  3.00000000E+01   -1.531829E-09 -1.123412E-09    1.047176E-02  3.382041E-03
  2.30000000E+03  0.00000000E+00  3.00000000E+01   -1.431585E-09 -1.040117E-09    1.024786E-02  3.231487E-03
  2.40000000E+03  0.00000000E+00  3.00000000E+01   -1.296402E-09 -9.288239E-10    9.903342E-03  3.009953E-03
  2.50000000E+03  0.00000000E+00  3.00000000E+01   -1.174313E-09 -8.290380E-10    9.554252E-03  2.794319E-03
  2.60000000E+03  0.00000000E+00  3.00000000E+01   -1.100354E-09 -7.689809E-10    9.320483E-03  2.655123E-03
  2.70000000E+03  0.00000000E+00  3.00000000E+01   -1.032165E-09 -7.138949E-10    9.087586E-03  2.520086E-03
  2.80000000E+03  0.00000000E+00  3.00000000E+01   -9.395923E-10 -6.398226E-10    8.738216E-03  2.324329E-03
  2.90000000E+03  0.00000000E+00  3.00000000E+01   -8.557052E-10 -5.733420E-10    8.391881E-03  2.136457E-03
  3.00000000E+03  0.00000000E+00  3.00000000E+01   -8.051231E-10 -5.334991E-10    8.165096E-03  2.017161E-03
  3.10000000E+03  0.00000000E+00  3.00000000E+01   -7.579287E-10 -4.965666E-10    7.940086E-03  1.901457E-03
  3.20000000E+03  0.00000000E+00  3.00000000E+01   -6.939210E-10 -4.470419E-10    7.608361E-03  1.736022E-03
  3.30000000E+03  0.00000000E+00  3.00000000E+01   -6.357009E-10 -4.024109E-10    7.283093E-03  1.578472E-03
  3.40000000E+03  0.00000000E+00  3.00000000E+01   -6.002596E-10 -3.754569E-10    7.070796E-03  1.478483E-03
  3.50000000E+03  0.00000000E+00  3.00000000E+01   -5.673537E-10 -3.505499E-10    6.862766E-03  1.382584E-03
  3.60000000E+03  0.00000000E+00  3.00000000E+01   -5.222318E-10 -3.168539E-10    6.556680E-03  1.245492E-03
  3.70000000E+03  0.00000000E+00  3.00000000E+01   -4.810536E-10 -2.864343E-10    6.258222E-03  1.115504E-03
  3.80000000E+03  0.00000000E+00  3.00000000E+01   -4.559603E-10 -2.680540E-10    6.064920E-03  1.033553E-03
  3.90000000E+03  0.00000000E+00  3.00000000E+01   -4.323617E-10 -2.508679E-10    5.874457E-03  9.544393E-04
  4.00000000E+03  0.00000000E+00  3.00000000E+01   -4.000900E-10 -2.276854E-10    5.596978E-03  8.423949E-04
  4.10000000E+03  0.00000000E+00  3.00000000E+01   -3.704494E-10 -2.066041E-10    5.326968E-03  7.362990E-04
  4.20000000E+03  0.00000000E+00  3.00000000E+01   -3.522032E-10 -1.937906E-10    5.151393E-03  6.690978E-04
  4.30000000E+03  0.00000000E+00  3.00000000E+01   -3.351692E-10 -1.819306E-10    4.980210E-03  6.049054E-04
  4.40000000E+03  0.00000000E+00  3.00000000E+01   -3.115869E-10 -1.656039E-10    4.729634E-03  5.134946E-04
  4.50000000E+03  0.00000000E+00  3.00000000E+01   -2.898095E-10 -1.507534E-10    4.485729E-03  4.268667E-04
  4.60000000E+03  0.00000000E+00  3.00000000E+01   -2.764557E-10 -1.417377E-10    4.328226E-03  3.723661E-04
  4.70000000E+03  0.00000000E+00  3.00000000E+01   -2.637814E-10 -1.332353E-10    4.173433E-03  3.198561E-04
  4.80000000E+03  0.00000000E+00  3.00000000E+01   -2.462702E-10 -1.217022E-10    3.948007E-03  2.454287E-04
  4.90000000E+03  0.00000000E+00  3.00000000E+01   -2.300680E-10 -1.111220E-10    3.728746E-03  1.749037E-04
  5.00000000E+03  0.00000000E+00  3.00000000E+01   -2.199940E-10 -1.045766E-10    3.586309E-03  1.302374E-04
  5.10000000E+03  0.00000000E+00  3.00000000E+01   -2.105213E-10 -9.858701E-11    3.447277E-03  8.748035E-05
  5.20000000E+03  0.00000000E+00  3.00000000E+01   -1.972695E-10 -9.020228E-11    3.243572E-03  2.642108E-05
  5.30000000E+03  0.00000000E+00  3.00000000E+01   -1.849374E-10 -8.249703E-11    3.045554E-03 -3.145374E-05
  5.40000000E+03  0.00000000E+00  3.00000000E+01   -1.772939E-10 -7.780241E-11    2.917477E-03 -6.797829E-05
  5.50000000E+03  0.00000000E+00  3.00000000E+01   -1.700478E-10 -7.337637E-11    2.791323E-03 -1.033116E-04
  5.60000000E+03  0.00000000E+00  3.00000000E+01   -1.599014E-10 -6.730696E-11    2.607664E-03 -1.535054E-04
  5.70000000E+03  0.00000000E+00  3.00000000E+01   -1.504081E-10 -6.167885E-11    2.428723E-03 -2.012811E-04
  5.80000000E+03  0.00000000E+00  3.00000000E+01   -1.444639E-10 -5.820963E-11    2.312051E-03 -2.317485E-04
  5.90000000E+03  0.00000000E+00  3.00000000E+01   -1.388742E-10 -5.493038E-11    2.198196E-03 -2.609792E-04
  6.00000000E+03  0.00000000E+00  3.00000000E+01   -1.309716E-10 -5.043060E-11    2.031239E-03 -3.029305E-04
  6.10000000E+03  0.00000000E+00  3.00000000E+01   -1.235571E-10 -4.618990E-11    1.868279E-03 -3.430460E-04
  6.20000000E+03  0.00000000E+00  3.00000000E+01   -1.189360E-10 -4.367277E-11    1.762657E-03 -3.685397E-04
  6.30000000E+03  0.00000000E+00  3.00000000E+01   -1.145017E-10 -4.118298E-11    1.658506E-03 -3.933362E-04
  6.40000000E+03  0.00000000E+00  3.00000000E+01   -1.082784E-10 -3.784584E-11    1.506202E-03 -4.289549E-04
  6.50000000E+03  0.00000000E+00  3.00000000E+01   -1.024325E-10 -3.469849E-11    1.357422E-03 -4.631835E-04
  6.60000000E+03  0.00000000E+00  3.00000000E+01   -9.872628E-11 -3.278863E-11    1.260349E-03 -4.851838E-04
  6.70000000E+03  0.00000000E+00  3.00000000E+01   -9.524078E-11 -3.097708E-11    1.165315E-03 -5.064890E-04
  6.80000000E+03  0.00000000E+00  3.00000000E+01   -9.028025E-11 -2.841322E-11    1.025399E-03 -5.374709E-04
  6.90000000E+03  0.00000000E+00  3.00000000E+01   -8.559482E-11 -2.606531E-11    8.886228E-04 -5.674228E-04
  7.00000000E+03  0.00000000E+00  3.00000000E+01   -8.266164E-11 -2.459031E-11    7.996037E-04 -5.867378E-04
  7.10000000E+03  0.00000000E+00  3.00000000E+01   -7.982076E-11 -2.323128E-11    7.114885E-04 -6.057618E-04
  7.20000000E+03  0.00000000E+00  3.00000000E+01   -7.580042E-11 -2.125352E-11    5.825279E-04 -6.334125E-04
  7.30000000E+03  0.00000000E+00  3.00000000E+01   -7.200580E-11 -1.946402E-11    4.561657E-04 -6.603938E-04
  7.40000000E+03  0.00000000E+00  3.00000000E+01   -6.962901E-11 -1.827746E-11    3.732480E-04 -6.780802E-04
  7.50000000E+03  0.00000000E+00  3.00000000E+01   -6.734543E-11 -1.722663E-11    2.919415E-04 -6.954094E-04
  7.60000000E+03  0.00000000E+00  3.00000000E+01   -6.407130E-11 -1.577690E-11    1.718576E-04 -7.210436E-04
  7.70000000E+03  0.00000000E+00  3.00000000E+01   -6.097121E-11 -1.448347E-11    5.379788E-05 -7.463494E-04
  7.80000000E+03  0.00000000E+00  3.00000000E+01   -5.900933E-11 -1.354230E-11   -2.321392E-05 -7.629549E-04
  7.90000000E+03  0.00000000E+00  3.00000000E+01   -5.712469E-11 -1.277981E-11   -9.950787E-05 -7.795089E-04
  8.00000000E+03  0.00000000E+00  3.00000000E+01   -5.446133E-11 -1.164090E-11   -2.117385E-04 -8.040634E-04
  8.10000000E+03  0.00000000E+00  3.00000000E+01   -5.192253E-11 -1.053041E-11   -3.221206E-04 -8.284979E-04
  8.20000000E+03  0.00000000E+00  3.00000000E+01   -5.029296E-11 -9.862004E-12   -3.947042E-04 -8.448163E-04
  8.30000000E+03  0.00000000E+00  3.00000000E+01   -4.875571E-11 -9.274414E-12   -4.661710E-04 -8.610710E-04
  8.40000000E+03  0.00000000E+00  3.00000000E+01   -4.653864E-11 -8.404637E-12   -5.721803E-04 -8.855900E-04
  8.50000000E+03  0.00000000E+00  3.00000000E+01   -4.443964E-11 -7.596811E-12   -6.765150E-04 -9.101888E-04
  8.60000000E+03  0.00000000E+00  3.00000000E+01   -4.309285E-11 -7.028687E-12   -7.448851E-04 -9.266803E-04
  8.70000000E+03  0.00000000E+00  3.00000000E+01   -4.180007E-11 -6.579617E-12   -8.129379E-04 -9.434023E-04
  8.80000000E+03  0.00000000E+00  3.00000000E+01   -3.993702E-11 -5.913165E-12   -9.132616E-04 -9.685997E-04
  8.90000000E+03  0.00000000E+00  3.00000000E+01   -3.818675E-11 -5.319049E-12   -1.012336E-03 -9.941499E-04
  9.00000000E+03  0.00000000E+00  3.00000000E+01   -3.706741E-11 -4.898825E-12   -1.077862E-03 -1.011581E-03
  9.10000000E+03  0.00000000E+00  3.00000000E+01   -3.596975E-11 -4.474854E-12   -1.142387E-03 -1.029102E-03
  9.20000000E+03  0.00000000E+00  3.00000000E+01   -3.443492E-11 -3.944200E-12   -1.238179E-03 -1.055837E-03
  9.30000000E+03  0.00000000E+00  3.00000000E+01   -3.296755E-11 -3.462511E-12   -1.332844E-03 -1.083102E-03
  9.40000000E+03  0.00000000E+00  3.00000000E+01   -3.206167E-11 -3.185083E-12   -1.394932E-03 -1.101613E-03
  9.50000000E+03  0.00000000E+00  3.00000000E+01   -3.112286E-11 -2.784581E-12   -1.456701E-03 -1.120517E-03
  9.60000000E+03  0.00000000E+00  3.00000000E+01   -2.981795E-11 -2.512384E-12   -1.547927E-03 -1.149306E-03
  9.70000000E+03  0.00000000E+00  3.00000000E+01   -2.856275E-11 -1.962093E-12   -1.637881E-03 -1.178703E-03
  9.80000000E+03  0.00000000E+00  3.00000000E+01   -2.779967E-11 -1.747968E-12   -1.697094E-03 -1.198846E-03
  9.90000000E+03  0.00000000E+00  3.00000000E+01   -2.701140E-11 -1.615829E-12   -1.755322E-03 -1.219200E-03
  1.00000000E+04  0.00000000E+00  3.00000000E+01   -2.586927E-11 -1.396297E-12   -1.841442E-03 -1.250367E-03
  1.05000000E+04  0.00000000E+00  3.00000000E+01   -2.163669E-11 -2.597466E-13   -2.189011E-03 -1.392284E-03
 
