 -1.05000000E+04  0.00000000E+00  3.00000000E+01    3.974412E-04  1.191415E-03   -1.753530E-13  5.392954E-14    2.002089E-06  5.226529E-06
 -1.00000000E+04  0.00000000E+00  3.00000000E+01    3.969333E-04  1.196506E-03   -2.143678E-13  6.546293E-14    2.278006E-06  3.540626E-06
 -9.90000000E+03  0.00000000E+00  3.00000000E+01    3.968832E-04  1.197366E-03   -2.248240E-13  6.853736E-14    2.281371E-06  3.232631E-06
 -9.80000000E+03  0.00000000E+00  3.00000000E+01    3.968478E-04  1.198182E-03   -2.321496E-13  7.069777E-14    2.274347E-06  3.044287E-06
 -9.70000000E+03  0.00000000E+00  3.00000000E+01    3.968263E-04  1.198960E-03   -2.398029E-13  7.295372E-14    2.261574E-06  2.866185E-06
 -9.60000000E+03  0.00000000E+00  3.00000000E+01    3.968174E-04  1.199703E-03   -2.518826E-13  7.650780E-14    2.232773E-06  2.620728E-06
 -9.50000000E+03  0.00000000E+00  3.00000000E+01    3.968223E-04  1.200406E-03   -2.646482E-13  8.026029E-14    2.196130E-06  2.394833E-06
 -9.40000000E+03  0.00000000E+00  3.00000000E+01    3.968377E-04  1.201077E-03   -2.736367E-13  8.291190E-14    2.167415E-06  2.256214E-06
 -9.30000000E+03  0.00000000E+00  3.00000000E+01    3.968629E-04  1.201720E-03   -2.829843E-13  8.567470E-14    2.136241E-06  2.126950E-06
 -9.20000000E+03  0.00000000E+00  3.00000000E+01    3.968968E-04  1.202334E-03   -2.978167E-13  9.007254E-14    2.085481E-06  1.948053E-06
 -9.10000000E+03  0.00000000E+00  3.00000000E+01    3.969399E-04  1.202919E-03   -3.134990E-13  9.474513E-14    2.031810E-06  1.784264E-06
 -9.00000000E+03  0.00000000E+00  3.00000000E+01    3.969900E-04  1.203480E-03   -3.245690E-13  9.804473E-14    1.994730E-06  1.684578E-06
 -8.90000000E+03  0.00000000E+00  3.00000000E+01    3.970463E-04  1.204017E-03   -3.361154E-13  1.015161E-13    1.956855E-06  1.590519E-06
 -8.80000000E+03  0.00000000E+00  3.00000000E+01    3.971082E-04  1.204532E-03   -3.544452E-13  1.070579E-13    1.899591E-06  1.462277E-06
 -8.70000000E+03  0.00000000E+00  3.00000000E+01    3.971757E-04  1.205024E-03   -3.738780E-13  1.129775E-13    1.842255E-06  1.345248E-06
 -8.60000000E+03  0.00000000E+00  3.00000000E+01    3.972474E-04  1.205496E-03   -3.876387E-13  1.172079E-13    1.804162E-06  1.273720E-06
 -8.50000000E+03  0.00000000E+00  3.00000000E+01    3.973229E-04  1.205950E-03   -4.020097E-13  1.216460E-13    1.766632E-06  1.207516E-06
 -8.40000000E+03  0.00000000E+00  3.00000000E+01    3.974015E-04  1.206387E-03   -4.249351E-13  1.288049E-13    1.711298E-06  1.116684E-06
 -8.30000000E+03  0.00000000E+00  3.00000000E+01    3.974833E-04  1.206804E-03   -4.493140E-13  1.365026E-13    1.657292E-06  1.033887E-06
 -8.20000000E+03  0.00000000E+00  3.00000000E+01    3.975671E-04  1.207206E-03   -4.665853E-13  1.420114E-13    1.622485E-06  9.840253E-07
 -8.10000000E+03  0.00000000E+00  3.00000000E+01    3.976528E-04  1.207592E-03   -4.847433E-13  1.478520E-13    1.588460E-06  9.374401E-07
 -8.00000000E+03  0.00000000E+00  3.00000000E+01    3.977401E-04  1.207965E-03   -5.137667E-13  1.573023E-13    1.539499E-06  8.743218E-07
 -7.90000000E+03  0.00000000E+00  3.00000000E+01    3.978284E-04  1.208322E-03   -5.447580E-13  1.675182E-13    1.492616E-06  8.171944E-07
 -7.80000000E+03  0.00000000E+00  3.00000000E+01    3.979176E-04  1.208666E-03   -5.668782E-13  1.749002E-13    1.462745E-06  7.827042E-07
 -7.70000000E+03  0.00000000E+00  3.00000000E+01    3.980072E-04  1.208998E-03   -5.901030E-13  1.827238E-13    1.434116E-06  7.509672E-07
 -7.60000000E+03  0.00000000E+00  3.00000000E+01    3.980970E-04  1.209318E-03   -6.275307E-13  1.954755E-13    1.393352E-06  7.078597E-07
 -7.50000000E+03  0.00000000E+00  3.00000000E+01    3.981868E-04  1.209626E-03   -6.677209E-13  2.093331E-13    1.355048E-06  6.693522E-07
 -7.40000000E+03  0.00000000E+00  3.00000000E+01    3.982763E-04  1.209923E-03   -6.964769E-13  2.193549E-13    1.331220E-06  6.465922E-07
 -7.30000000E+03  0.00000000E+00  3.00000000E+01    3.983653E-04  1.210210E-03   -7.269677E-13  2.300438E-13    1.308503E-06  6.255982E-07
 -7.20000000E+03  0.00000000E+00  3.00000000E+01    3.984538E-04  1.210487E-03   -7.762353E-13  2.474856E-13    1.277074E-06  5.979788E-07
 -7.10000000E+03  0.00000000E+00  3.00000000E+01    3.985412E-04  1.210754E-03   -8.294657E-13  2.664651E-13    1.248154E-06  5.737741E-07
 -7.00000000E+03  0.00000000E+00  3.00000000E+01    3.986278E-04  1.211012E-03   -8.679417E-13  2.802535E-13    1.230476E-06  5.596745E-07
 -6.90000000E+03  0.00000000E+00  3.00000000E+01    3.987132E-04  1.211262E-03   -9.087244E-13  2.949078E-13    1.214188E-06  5.472357E-07
 -6.80000000E+03  0.00000000E+00  3.00000000E+01    3.987975E-04  1.211504E-03   -9.753130E-13  3.188719E-13    1.192273E-06  5.314344E-07
 -6.70000000E+03  0.00000000E+00  3.00000000E+01    3.988802E-04  1.211737E-03   -1.047797E-12  3.449132E-13    1.172941E-06  5.184180E-07
 -6.60000000E+03  0.00000000E+00  3.00000000E+01    3.989614E-04  1.211963E-03   -1.100380E-12  3.637412E-13    1.161850E-06  5.115832E-07
 -6.50000000E+03  0.00000000E+00  3.00000000E+01    3.990411E-04  1.212181E-03   -1.156689E-12  3.837894E-13    1.152026E-06  5.060078E-07
 -6.40000000E+03  0.00000000E+00  3.00000000E+01    3.991191E-04  1.212394E-03   -1.249029E-12  4.163262E-13    1.140006E-06  5.002420E-07
 -6.30000000E+03  0.00000000E+00  3.00000000E+01    3.991950E-04  1.212599E-03   -1.350237E-12  4.514910E-13    1.130709E-06  4.970114E-07
 -6.20000000E+03  0.00000000E+00  3.00000000E+01    3.992690E-04  1.212798E-03   -1.424407E-12  4.768022E-13    1.126360E-06  4.965678E-07
 -6.10000000E+03  0.00000000E+00  3.00000000E+01    3.993410E-04  1.212991E-03   -1.503865E-12  5.034805E-13    1.123465E-06  4.974447E-07
 -6.00000000E+03  0.00000000E+00  3.00000000E+01    3.994109E-04  1.213178E-03   -1.635461E-12  5.464459E-13    1.121975E-06  5.014256E-07
 -5.90000000E+03  0.00000000E+00  3.00000000E+01    3.994783E-04  1.213359E-03   -1.780619E-12  5.923446E-13    1.123450E-06  5.081914E-07
 -5.80000000E+03  0.00000000E+00  3.00000000E+01    3.995432E-04  1.213535E-03   -1.887281E-12  6.248471E-13    1.126441E-06  5.146277E-07
 -5.70000000E+03  0.00000000E+00  3.00000000E+01    3.996057E-04  1.213706E-03   -2.002599E-12  6.588158E-13    1.130948E-06  5.226320E-07
 -5.60000000E+03  0.00000000E+00  3.00000000E+01    3.996655E-04  1.213872E-03   -2.193957E-12  7.123786E-13    1.140870E-06  5.378525E-07
 -5.50000000E+03  0.00000000E+00  3.00000000E+01    3.997220E-04  1.214033E-03   -2.406048E-12  7.683462E-13    1.153994E-06  5.565901E-07
 -5.40000000E+03  0.00000000E+00  3.00000000E+01    3.997755E-04  1.214190E-03   -2.563068E-12  8.070617E-13    1.164917E-06  5.716954E-07
 -5.30000000E+03  0.00000000E+00  3.00000000E+01    3.998257E-04  1.214342E-03   -2.732483E-12  8.464774E-13    1.177472E-06  5.887830E-07
 -5.20000000E+03  0.00000000E+00  3.00000000E+01    3.998726E-04  1.214489E-03   -3.015425E-12  9.064978E-13    1.199648E-06  6.190648E-07
 -5.10000000E+03  0.00000000E+00  3.00000000E+01    3.999150E-04  1.214632E-03   -3.329929E-12  9.664648E-13    1.225161E-06  6.544191E-07
 -5.00000000E+03  0.00000000E+00  3.00000000E+01    3.999533E-04  1.214771E-03   -3.562496E-12  1.005632E-12    1.244375E-06  6.815479E-07
 -4.90000000E+03  0.00000000E+00  3.00000000E+01    3.999873E-04  1.214906E-03   -3.814915E-12  1.043571E-12    1.265287E-06  7.118433E-07
 -4.80000000E+03  0.00000000E+00  3.00000000E+01    4.000167E-04  1.215036E-03   -4.235599E-12  1.096102E-12    1.299829E-06  7.639295E-07
 -4.70000000E+03  0.00000000E+00  3.00000000E+01    4.000401E-04  1.215162E-03   -4.703261E-12  1.142196E-12    1.337434E-06  8.234692E-07
 -4.60000000E+03  0.00000000E+00  3.00000000E+01    4.000579E-04  1.215284E-03   -5.050059E-12  1.166934E-12    1.364442E-06  8.687984E-07
 -4.50000000E+03  0.00000000E+00  3.00000000E+01    4.000698E-04  1.215401E-03   -5.424465E-12  1.185626E-12    1.392676E-06  9.185147E-07
 -4.40000000E+03  0.00000000E+00  3.00000000E+01    4.000752E-04  1.215514E-03   -6.049310E-12  1.197881E-12    1.437271E-06  1.003471E-06
 -4.30000000E+03  0.00000000E+00  3.00000000E+01    4.000725E-04  1.215622E-03   -6.742473E-12  1.189979E-12    1.483583E-06  1.099466E-06
 -4.20000000E+03  0.00000000E+00  3.00000000E+01    4.000621E-04  1.215724E-03   -7.253496E-12  1.167940E-12    1.515151E-06  1.171420E-06
 -4.10000000E+03  0.00000000E+00  3.00000000E+01    4.000435E-04  1.215821E-03   -7.806191E-12  1.130197E-12    1.546930E-06  1.250489E-06
 -4.00000000E+03  0.00000000E+00  3.00000000E+01    4.000162E-04  1.215911E-03   -8.721939E-12  1.035573E-12    1.593948E-06  1.383312E-06
 -3.90000000E+03  0.00000000E+00  3.00000000E+01    3.999780E-04  1.215994E-03   -9.732624E-12  8.948006E-13    1.639216E-06  1.532154E-06
 -3.80000000E+03  0.00000000E+00  3.00000000E+01    3.999296E-04  1.216068E-03   -1.047573E-11  7.637830E-13    1.667335E-06  1.643382E-06
 -3.70000000E+03  0.00000000E+00  3.00000000E+01    3.998705E-04  1.216134E-03   -1.127210E-11  6.002572E-13    1.693168E-06  1.763380E-06
 -3.60000000E+03  0.00000000E+00  3.00000000E+01    3.998003E-04  1.216190E-03   -1.258563E-11  2.767185E-13    1.725440E-06  1.963932E-06
 -3.50000000E+03  0.00000000E+00  3.00000000E+01    3.997164E-04  1.216233E-03   -1.402372E-11 -1.381874E-13    1.748994E-06  2.186165E-06
 -3.40000000E+03  0.00000000E+00  3.00000000E+01    3.996205E-04  1.216262E-03   -1.506856E-11 -4.850707E-13    1.757354E-06  2.349032E-06
 -3.30000000E+03  0.00000000E+00  3.00000000E+01    3.995122E-04  1.216276E-03   -1.618453E-11 -8.942730E-13    1.758623E-06  2.524546E-06
 -3.20000000E+03  0.00000000E+00  3.00000000E+01    3.993916E-04  1.216273E-03   -1.799921E-11 -1.648455E-12    1.743354E-06  2.812444E-06
 -3.10000000E+03  0.00000000E+00  3.00000000E+01    3.992565E-04  1.216247E-03   -1.996116E-11 -2.563924E-12    1.707344E-06  3.126220E-06
 -3.00000000E+03  0.00000000E+00  3.00000000E+01    3.991098E-04  1.216197E-03   -2.137117E-11 -3.297394E-12    1.666677E-06  3.353466E-06
 -2.90000000E+03  0.00000000E+00  3.00000000E+01    3.989523E-04  1.216121E-03   -2.285368E-11 -4.132140E-12    1.611701E-06  3.593261E-06
 -2.80000000E+03  0.00000000E+00  3.00000000E+01    3.987848E-04  1.216017E-03   -2.522937E-11 -5.616460E-12    1.494826E-06  3.980265E-06
 -2.70000000E+03  0.00000000E+00  3.00000000E+01    3.986088E-04  1.215872E-03   -2.774907E-11 -7.356309E-12    1.338858E-06  4.392504E-06
 -2.60000000E+03  0.00000000E+00  3.00000000E+01    3.984277E-04  1.215690E-03   -2.951652E-11 -8.701070E-12    1.205502E-06  4.682628E-06
 -2.50000000E+03  0.00000000E+00  3.00000000E+01    3.982446E-04  1.215466E-03   -3.134851E-11 -1.020113E-11    1.046279E-06  4.984583E-06
 -2.40000000E+03  0.00000000E+00  3.00000000E+01    3.980638E-04  1.215196E-03   -3.419603E-11 -1.277490E-11    7.526129E-07  5.454096E-06
 -2.30000000E+03  0.00000000E+00  3.00000000E+01    3.978917E-04  1.214866E-03   -3.712150E-11 -1.569393E-11    3.976630E-07  5.936753E-06
 -2.20000000E+03  0.00000000E+00  3.00000000E+01    3.977346E-04  1.214480E-03   -3.910511E-11 -1.788257E-11    1.157288E-07  6.264170E-06
 -2.10000000E+03  0.00000000E+00  3.00000000E+01    3.975994E-04  1.214035E-03   -4.108847E-11 -2.024967E-11   -2.005519E-07  6.590502E-06
 -2.00000000E+03  0.00000000E+00  3.00000000E+01    3.974942E-04  1.213526E-03   -4.402537E-11 -2.416676E-11   -7.508269E-07  7.071803E-06
 -1.90000000E+03  0.00000000E+00  3.00000000E+01    3.974386E-04  1.212939E-03   -4.686224E-11 -2.842756E-11   -1.378217E-06  7.533480E-06
 -1.80000000E+03  0.00000000E+00  3.00000000E+01    3.974369E-04  1.212284E-03   -4.864027E-11 -3.146998E-11   -1.846346E-06  7.819420E-06
 -1.70000000E+03  0.00000000E+00  3.00000000E+01    3.975030E-04  1.211559E-03   -5.030003E-11 -3.464576E-11   -2.352725E-06  8.082958E-06
 -1.60000000E+03  0.00000000E+00  3.00000000E+01    3.976518E-04  1.210766E-03   -5.245734E-11 -3.957200E-11   -3.177630E-06  8.415950E-06
 -1.50000000E+03  0.00000000E+00  3.00000000E+01    3.979144E-04  1.209897E-03   -5.419176E-11 -4.455320E-11   -4.057550E-06  8.670485E-06
 -1.40000000E+03  0.00000000E+00  3.00000000E+01    3.982947E-04  1.208969E-03   -5.499990E-11 -4.781660E-11   -4.670273E-06  8.775920E-06
 -1.30000000E+03  0.00000000E+00  3.00000000E+01    3.988073E-04  1.207992E-03   -5.549367E-11 -5.093470E-11   -5.288438E-06  8.824233E-06
 -1.20000000E+03  0.00000000E+00  3.00000000E+01    3.994650E-04  1.206976E-03   -5.550384E-11 -5.511181E-11   -6.198394E-06  8.765382E-06
 -1.10000000E+03  0.00000000E+00  3.00000000E+01    4.003090E-04  1.205935E-03   -5.468351E-11 -5.851713E-11   -7.047028E-06  8.560615E-06
 -1.00000000E+03  0.00000000E+00  3.00000000E+01    4.013178E-04  1.204892E-03   -5.352595E-11 -6.007362E-11   -7.537463E-06  8.319766E-06
 -9.00000000E+02  0.00000000E+00  3.00000000E+01    4.024905E-04  1.203869E-03   -5.186849E-11 -6.094040E-11   -7.942653E-06  7.995544E-06
 -8.00000000E+02  0.00000000E+00  3.00000000E+01    4.038147E-04  1.202887E-03   -4.834380E-11 -6.053560E-11   -8.308991E-06  7.347642E-06
 -7.00000000E+02  0.00000000E+00  3.00000000E+01    4.052805E-04  1.201981E-03   -4.375640E-11 -5.813636E-11   -8.362448E-06  6.544500E-06
 -6.00000000E+02  0.00000000E+00  3.00000000E+01    4.068174E-04  1.201164E-03   -3.999108E-11 -5.504357E-11   -8.141939E-06  5.913725E-06
 -5.00000000E+02  0.00000000E+00  3.00000000E+01    4.083610E-04  1.200450E-03   -3.573039E-11 -5.076870E-11   -7.702430E-06  5.225880E-06
 -4.00000000E+02  0.00000000E+00  3.00000000E+01    4.098326E-04  1.199851E-03   -2.841566E-11 -4.197844E-11   -6.570907E-06  4.096256E-06
 -3.00000000E+02  0.00000000E+00  3.00000000E+01    4.110952E-04  1.199397E-03   -2.031509E-11 -3.099195E-11   -4.977174E-06  2.893313E-06
 -2.00000000E+02  0.00000000E+00  3.00000000E+01    4.120769E-04  1.199070E-03   -1.450823E-11 -2.245132E-11   -3.647651E-06  2.059463E-06
 -1.00000000E+02  0.00000000E+00  3.00000000E+01    4.126980E-04  1.198872E-03   -8.477702E-12 -1.323047E-11   -2.164895E-06  1.207261E-06
  0.00000000E+00  0.00000000E+00  3.00000000E+01    4.129034E-04  1.198804E-03    7.625869E-13  1.234910E-12    2.067200E-07 -8.385459E-08
  1.00000000E+02  0.00000000E+00  3.00000000E+01    4.126087E-04  1.198885E-03    9.980292E-12  1.562587E-11    2.560457E-06 -1.375721E-06
  2.00000000E+02  0.00000000E+00  3.00000000E+01    4.119077E-04  1.199097E-03    1.596635E-11  2.470279E-11    4.009244E-06 -2.228857E-06
  3.00000000E+02  0.00000000E+00  3.00000000E+01    4.108620E-04  1.199441E-03    2.170848E-11  3.304034E-11    5.292140E-06 -3.062897E-06
  4.00000000E+02  0.00000000E+00  3.00000000E+01    4.095548E-04  1.199914E-03    2.967665E-11  4.363586E-11    6.800809E-06 -4.262106E-06
  5.00000000E+02  0.00000000E+00  3.00000000E+01    4.080624E-04  1.200533E-03    3.683043E-11  5.198599E-11    7.842513E-06 -5.382182E-06
  6.00000000E+02  0.00000000E+00  3.00000000E+01    4.065160E-04  1.201266E-03    4.096996E-11  5.595886E-11    8.224740E-06 -6.059363E-06
  7.00000000E+02  0.00000000E+00  3.00000000E+01    4.049911E-04  1.202101E-03    4.460732E-11  5.875765E-11    8.392764E-06 -6.676435E-06
  8.00000000E+02  0.00000000E+00  3.00000000E+01    4.035485E-04  1.203021E-03    4.899747E-11  6.075618E-11    8.273845E-06 -7.454459E-06
  9.00000000E+02  0.00000000E+00  3.00000000E+01    4.022557E-04  1.204012E-03    5.232641E-11  6.081482E-11    7.856405E-06 -8.074372E-06
  1.00000000E+03  0.00000000E+00  3.00000000E+01    4.011180E-04  1.205040E-03    5.385831E-11  5.975878E-11    7.426519E-06 -8.379157E-06
  1.10000000E+03  0.00000000E+00  3.00000000E+01    4.001452E-04  1.206083E-03    5.489693E-11  5.804575E-11    6.917969E-06 -8.600866E-06
  1.20000000E+03  0.00000000E+00  3.00000000E+01    3.993364E-04  1.207122E-03    5.555499E-11  5.446730E-11    6.053349E-06 -8.778585E-06
  1.30000000E+03  0.00000000E+00  3.00000000E+01    3.987113E-04  1.208131E-03    5.540146E-11  5.017356E-11    5.136743E-06 -8.812982E-06
  1.40000000E+03  0.00000000E+00  3.00000000E+01    3.982284E-04  1.209100E-03    5.482572E-11  4.701061E-11    4.519116E-06 -8.750518E-06
  1.50000000E+03  0.00000000E+00  3.00000000E+01    3.978741E-04  1.210016E-03    5.394582E-11  4.372296E-11    3.909760E-06 -8.632636E-06
  1.60000000E+03  0.00000000E+00  3.00000000E+01    3.976338E-04  1.210873E-03    5.212414E-11  3.873889E-11    3.039046E-06 -8.362990E-06
  1.70000000E+03  0.00000000E+00  3.00000000E+01    3.975032E-04  1.211654E-03    4.989876E-11  3.383586E-11    2.226183E-06 -8.018303E-06
  1.80000000E+03  0.00000000E+00  3.00000000E+01    3.974520E-04  1.212366E-03    4.820541E-11  3.068858E-11    1.729018E-06 -7.749089E-06
  1.90000000E+03  0.00000000E+00  3.00000000E+01    3.974654E-04  1.213009E-03    4.640185E-11  2.768142E-11    1.270532E-06 -7.458948E-06
  2.00000000E+03  0.00000000E+00  3.00000000E+01    3.975300E-04  1.213584E-03    4.354084E-11  2.348257E-11    6.578541E-07 -6.993517E-06
  2.10000000E+03  0.00000000E+00  3.00000000E+01    3.976414E-04  1.214081E-03    4.059206E-11  1.963250E-11    1.220143E-07 -6.510692E-06
  2.20000000E+03  0.00000000E+00  3.00000000E+01    3.977808E-04  1.214516E-03    3.860772E-11  1.731137E-11   -1.850889E-07 -6.184598E-06
  2.30000000E+03  0.00000000E+00  3.00000000E+01    3.979404E-04  1.214892E-03    3.662746E-11  1.516857E-11   -4.582728E-07 -5.858186E-06
  2.40000000E+03  0.00000000E+00  3.00000000E+01    3.981136E-04  1.215213E-03    3.371402E-11  1.231609E-11   -8.011936E-07 -5.378282E-06
  2.50000000E+03  0.00000000E+00  3.00000000E+01    3.982940E-04  1.215476E-03    3.088409E-11  9.805497E-12   -1.083988E-06 -4.912484E-06
  2.60000000E+03  0.00000000E+00  3.00000000E+01    3.984759E-04  1.215694E-03    2.906666E-11  8.344800E-12   -1.236744E-06 -4.613489E-06
  2.70000000E+03  0.00000000E+00  3.00000000E+01    3.986552E-04  1.215870E-03    2.731530E-11  7.036948E-12   -1.364253E-06 -4.326568E-06
  2.80000000E+03  0.00000000E+00  3.00000000E+01    3.988288E-04  1.216010E-03    2.482192E-11  5.347576E-12   -1.512588E-06 -3.919465E-06
  2.90000000E+03  0.00000000E+00  3.00000000E+01    3.989935E-04  1.216111E-03    2.247388E-11  3.908702E-12   -1.622925E-06 -3.537767E-06
  3.00000000E+03  0.00000000E+00  3.00000000E+01    3.991480E-04  1.216183E-03    2.101020E-11  3.100914E-12   -1.674235E-06 -3.301528E-06
  3.10000000E+03  0.00000000E+00  3.00000000E+01    3.992916E-04  1.216230E-03    1.961908E-11  2.392082E-12   -1.711696E-06 -3.077816E-06
  3.20000000E+03  0.00000000E+00  3.00000000E+01    3.994235E-04  1.216254E-03    1.768509E-11  1.509035E-12   -1.743763E-06 -2.769188E-06
  3.30000000E+03  0.00000000E+00  3.00000000E+01    3.995410E-04  1.216257E-03    1.589762E-11  7.830995E-13   -1.755855E-06 -2.486230E-06
  3.40000000E+03  0.00000000E+00  3.00000000E+01    3.996463E-04  1.216241E-03    1.479916E-11  3.901766E-13   -1.752920E-06 -2.313844E-06
  3.50000000E+03  0.00000000E+00  3.00000000E+01    3.997393E-04  1.216212E-03    1.377119E-11  5.778352E-14   -1.743200E-06 -2.153952E-06
  3.60000000E+03  0.00000000E+00  3.00000000E+01    3.998204E-04  1.216169E-03    1.235713E-11 -3.385215E-13   -1.718120E-06 -1.935883E-06
  3.70000000E+03  0.00000000E+00  3.00000000E+01    3.998881E-04  1.216113E-03    1.106621E-11 -6.462985E-13   -1.684773E-06 -1.739172E-06
  3.80000000E+03  0.00000000E+00  3.00000000E+01    3.999448E-04  1.216047E-03    1.028389E-11 -8.010326E-13   -1.658480E-06 -1.621512E-06
  3.90000000E+03  0.00000000E+00  3.00000000E+01    3.999910E-04  1.215973E-03    9.554137E-12 -9.243505E-13   -1.630059E-06 -1.512471E-06
  4.00000000E+03  0.00000000E+00  3.00000000E+01    4.000273E-04  1.215891E-03    8.561960E-12 -1.055561E-12   -1.584607E-06 -1.366585E-06
  4.10000000E+03  0.00000000E+00  3.00000000E+01    4.000529E-04  1.215802E-03    7.663293E-12 -1.142341E-12   -1.537623E-06 -1.236415E-06
  4.20000000E+03  0.00000000E+00  3.00000000E+01    4.000698E-04  1.215706E-03    7.121071E-12 -1.175834E-12   -1.505983E-06 -1.158928E-06
  4.30000000E+03  0.00000000E+00  3.00000000E+01    4.000788E-04  1.215605E-03    6.619813E-12 -1.194285E-12   -1.474623E-06 -1.088412E-06
  4.40000000E+03  0.00000000E+00  3.00000000E+01    4.000803E-04  1.215498E-03    5.940028E-12 -1.197899E-12   -1.428729E-06 -9.943269E-07
  4.50000000E+03  0.00000000E+00  3.00000000E+01    4.000738E-04  1.215386E-03    5.327368E-12 -1.182299E-12   -1.384629E-06 -9.110453E-07
  4.60000000E+03  0.00000000E+00  3.00000000E+01    4.000609E-04  1.215270E-03    4.960324E-12 -1.161915E-12   -1.356760E-06 -8.622978E-07
  4.70000000E+03  0.00000000E+00  3.00000000E+01    4.000423E-04  1.215149E-03    4.620360E-12 -1.135819E-12   -1.330136E-06 -8.178416E-07
  4.80000000E+03  0.00000000E+00  3.00000000E+01    4.000182E-04  1.215024E-03    4.161964E-12 -1.088256E-12   -1.293122E-06 -7.594282E-07
  4.90000000E+03  0.00000000E+00  3.00000000E+01    3.999883E-04  1.214894E-03    3.749625E-12 -1.034721E-12   -1.259174E-06 -7.083060E-07
  5.00000000E+03  0.00000000E+00  3.00000000E+01    3.999538E-04  1.214760E-03    3.502216E-12 -9.963608E-13   -1.238655E-06 -6.785572E-07
  5.10000000E+03  0.00000000E+00  3.00000000E+01    3.999150E-04  1.214622E-03    3.274278E-12 -9.569425E-13   -1.219825E-06 -6.519078E-07
  5.20000000E+03  0.00000000E+00  3.00000000E+01    3.998722E-04  1.214480E-03    2.966006E-12 -8.968399E-13   -1.194866E-06 -6.171601E-07
  5.30000000E+03  0.00000000E+00  3.00000000E+01    3.998252E-04  1.214333E-03    2.688638E-12 -8.368819E-13   -1.173216E-06 -5.873820E-07
  5.40000000E+03  0.00000000E+00  3.00000000E+01    3.997747E-04  1.214182E-03    2.522533E-12 -7.976209E-13   -1.160991E-06 -5.705693E-07
  5.50000000E+03  0.00000000E+00  3.00000000E+01    3.997211E-04  1.214026E-03    2.368584E-12 -7.591144E-13   -1.150383E-06 -5.557018E-07
  5.60000000E+03  0.00000000E+00  3.00000000E+01    3.996645E-04  1.213866E-03    2.160586E-12 -7.035530E-13   -1.137695E-06 -5.372515E-07
  5.70000000E+03  0.00000000E+00  3.00000000E+01    3.996046E-04  1.213700E-03    1.972893E-12 -6.504530E-13   -1.128174E-06 -5.222600E-07
  5.80000000E+03  0.00000000E+00  3.00000000E+01    3.995421E-04  1.213530E-03    1.859767E-12 -6.168172E-13   -1.123912E-06 -5.143761E-07
  5.90000000E+03  0.00000000E+00  3.00000000E+01    3.994771E-04  1.213354E-03    1.755104E-12 -5.846677E-13   -1.121148E-06 -5.080380E-07
  6.00000000E+03  0.00000000E+00  3.00000000E+01    3.994097E-04  1.213173E-03    1.612615E-12 -5.393049E-13   -1.119982E-06 -5.013842E-07
  6.10000000E+03  0.00000000E+00  3.00000000E+01    3.993399E-04  1.212986E-03    1.483426E-12 -4.968733E-13   -1.121751E-06 -4.974854E-07
  6.20000000E+03  0.00000000E+00  3.00000000E+01    3.992679E-04  1.212794E-03    1.405376E-12 -4.705476E-13   -1.124811E-06 -4.966466E-07
  6.30000000E+03  0.00000000E+00  3.00000000E+01    3.991939E-04  1.212595E-03    1.332520E-12 -4.455818E-13   -1.129312E-06 -4.971183E-07
  6.40000000E+03  0.00000000E+00  3.00000000E+01    3.991180E-04  1.212391E-03    1.233058E-12 -4.109071E-13   -1.138810E-06 -5.003745E-07
  6.50000000E+03  0.00000000E+00  3.00000000E+01    3.990401E-04  1.212178E-03    1.142293E-12 -3.788451E-13   -1.151009E-06 -5.061529E-07
  6.60000000E+03  0.00000000E+00  3.00000000E+01    3.989604E-04  1.211960E-03    1.086919E-12 -3.590890E-13   -1.160937E-06 -5.117298E-07
  6.70000000E+03  0.00000000E+00  3.00000000E+01    3.988793E-04  1.211734E-03    1.035199E-12 -3.405424E-13   -1.172122E-06 -5.185620E-07
  6.80000000E+03  0.00000000E+00  3.00000000E+01    3.987966E-04  1.211501E-03    9.638692E-13 -3.148933E-13   -1.191577E-06 -5.315688E-07
  6.90000000E+03  0.00000000E+00  3.00000000E+01    3.987124E-04  1.211259E-03    8.983141E-13 -2.913039E-13   -1.213598E-06 -5.473561E-07
  7.00000000E+03  0.00000000E+00  3.00000000E+01    3.986271E-04  1.211010E-03    8.581542E-13 -2.768663E-13   -1.229948E-06 -5.597837E-07
  7.10000000E+03  0.00000000E+00  3.00000000E+01    3.985405E-04  1.210752E-03    8.202544E-13 -2.632962E-13   -1.247680E-06 -5.738714E-07
  7.20000000E+03  0.00000000E+00  3.00000000E+01    3.984531E-04  1.210485E-03    7.678041E-13 -2.446104E-13   -1.276671E-06 -5.980573E-07
  7.30000000E+03  0.00000000E+00  3.00000000E+01    3.983647E-04  1.210208E-03    7.192364E-13 -2.274423E-13   -1.308160E-06 -6.256578E-07
  7.40000000E+03  0.00000000E+00  3.00000000E+01    3.982757E-04  1.209921E-03    6.891830E-13 -2.169100E-13   -1.330911E-06 -6.466395E-07
  7.50000000E+03  0.00000000E+00  3.00000000E+01    3.981863E-04  1.209624E-03    6.608213E-13 -2.070423E-13   -1.354769E-06 -6.693877E-07
  7.60000000E+03  0.00000000E+00  3.00000000E+01    3.980965E-04  1.209317E-03    6.211621E-13 -1.933982E-13   -1.393112E-06 -7.078785E-07
  7.70000000E+03  0.00000000E+00  3.00000000E+01    3.980068E-04  1.208997E-03    5.842104E-13 -1.808331E-13   -1.433908E-06 -7.509708E-07
  7.80000000E+03  0.00000000E+00  3.00000000E+01    3.979172E-04  1.208665E-03    5.612880E-13 -1.731277E-13   -1.462554E-06 -7.826986E-07
  7.90000000E+03  0.00000000E+00  3.00000000E+01    3.978281E-04  1.208321E-03    5.394431E-13 -1.658533E-13   -1.492441E-06 -8.171805E-07
  8.00000000E+03  0.00000000E+00  3.00000000E+01    3.977397E-04  1.207964E-03    5.088345E-13 -1.557818E-13   -1.539344E-06 -8.742969E-07
  8.10000000E+03  0.00000000E+00  3.00000000E+01    3.976525E-04  1.207591E-03    4.801635E-13 -1.464616E-13   -1.588321E-06 -9.374057E-07
  8.20000000E+03  0.00000000E+00  3.00000000E+01    3.975669E-04  1.207205E-03    4.622301E-13 -1.406939E-13   -1.622355E-06 -9.839857E-07
  8.30000000E+03  0.00000000E+00  3.00000000E+01    3.974830E-04  1.206803E-03    4.451502E-13 -1.352598E-13   -1.657170E-06 -1.033842E-06
  8.40000000E+03  0.00000000E+00  3.00000000E+01    3.974012E-04  1.206386E-03    4.210516E-13 -1.276720E-13   -1.711186E-06 -1.116634E-06
  8.50000000E+03  0.00000000E+00  3.00000000E+01    3.973227E-04  1.205949E-03    3.983801E-13 -1.206044E-13   -1.766528E-06 -1.207462E-06
  8.60000000E+03  0.00000000E+00  3.00000000E+01    3.972472E-04  1.205495E-03    3.841780E-13 -1.162211E-13   -1.804063E-06 -1.273664E-06
  8.70000000E+03  0.00000000E+00  3.00000000E+01    3.971755E-04  1.205023E-03    3.705690E-13 -1.120465E-13   -1.842160E-06 -1.345190E-06
  8.80000000E+03  0.00000000E+00  3.00000000E+01    3.971080E-04  1.204532E-03    3.513486E-13 -1.061910E-13   -1.899501E-06 -1.462217E-06
  8.90000000E+03  0.00000000E+00  3.00000000E+01    3.970461E-04  1.204016E-03    3.332060E-13 -1.007113E-13   -1.956770E-06 -1.590459E-06
  9.00000000E+03  0.00000000E+00  3.00000000E+01    3.969898E-04  1.203479E-03    3.217673E-13 -9.728146E-14   -1.994648E-06 -1.684518E-06
  9.10000000E+03  0.00000000E+00  3.00000000E+01    3.969397E-04  1.202918E-03    3.108376E-13 -9.401522E-14   -2.031730E-06 -1.784204E-06
  9.20000000E+03  0.00000000E+00  3.00000000E+01    3.968966E-04  1.202334E-03    2.953167E-13 -8.939345E-14   -2.085405E-06 -1.947994E-06
  9.30000000E+03  0.00000000E+00  3.00000000E+01    3.968627E-04  1.201719E-03    2.806178E-13 -8.504232E-14   -2.136168E-06 -2.126892E-06
  9.40000000E+03  0.00000000E+00  3.00000000E+01    3.968376E-04  1.201077E-03    2.713670E-13 -8.231097E-14   -2.167344E-06 -2.256157E-06
  9.50000000E+03  0.00000000E+00  3.00000000E+01    3.968222E-04  1.200405E-03    2.624633E-13 -7.968248E-14   -2.196061E-06 -2.394777E-06
  9.60000000E+03  0.00000000E+00  3.00000000E+01    3.968173E-04  1.199703E-03    2.498535E-13 -7.596120E-14   -2.232706E-06 -2.620675E-06
  9.70000000E+03  0.00000000E+00  3.00000000E+01    3.968261E-04  1.198960E-03    2.378832E-13 -7.243862E-14   -2.261510E-06 -2.866133E-06
  9.80000000E+03  0.00000000E+00  3.00000000E+01    3.968477E-04  1.198182E-03    2.303122E-13 -7.021220E-14   -2.274285E-06 -3.044237E-06
  9.90000000E+03  0.00000000E+00  3.00000000E+01    3.968831E-04  1.197365E-03    2.230451E-13 -6.807115E-14   -2.281310E-06 -3.232583E-06
  1.00000000E+04  0.00000000E+00  3.00000000E+01    3.969332E-04  1.196506E-03    2.126941E-13 -6.502011E-14   -2.277948E-06 -3.540580E-06
  1.05000000E+04  0.00000000E+00  3.00000000E+01    3.974412E-04  1.191415E-03    1.740437E-13 -5.357926E-14   -2.002040E-06 -5.226493E-06
