 -1.05000000E+04  0.00000000E+00  3.00000000E+01   -1.397082E-04  5.203785E-02    3.682633E-12  5.156454E-13   -7.278150E-05  1.134051E-04
 -1.00000000E+04  0.00000000E+00  3.00000000E+01   -1.683841E-04  5.207065E-02    4.230760E-12  6.948141E-13   -6.543053E-05  9.531594E-05
 -9.90000000E+03  0.00000000E+00  3.00000000E+01   -1.732356E-04  5.207634E-02    4.372249E-12  7.424719E-13   -6.380555E-05  9.082910E-05
 -9.80000000E+03  0.00000000E+00  3.00000000E+01   -1.778567E-04  5.208180E-02    4.467936E-12  7.750672E-13   -6.274774E-05  8.779593E-05
 -9.70000000E+03  0.00000000E+00  3.00000000E+01   -1.822694E-04  5.208707E-02    4.567676E-12  8.105777E-13   -6.169928E-05  8.471061E-05
 -9.60000000E+03  0.00000000E+00  3.00000000E+01   -1.864895E-04  5.209216E-02    4.721607E-12  8.641449E-13   -6.016048E-05  8.002066E-05
 -9.50000000E+03  0.00000000E+00  3.00000000E+01   -1.904885E-04  5.209702E-02    4.880870E-12  9.210321E-13   -5.865124E-05  7.526314E-05
 -9.40000000E+03  0.00000000E+00  3.00000000E+01   -1.943198E-04  5.210174E-02    4.992878E-12  9.616906E-13   -5.766252E-05  7.204186E-05
 -9.30000000E+03  0.00000000E+00  3.00000000E+01   -1.979904E-04  5.210631E-02    5.104756E-12  1.000587E-12   -5.669306E-05  6.880332E-05
 -9.20000000E+03  0.00000000E+00  3.00000000E+01   -2.015035E-04  5.211072E-02    5.281298E-12  1.065230E-12   -5.525821E-05  6.386319E-05
 -9.10000000E+03  0.00000000E+00  3.00000000E+01   -2.048507E-04  5.211498E-02    5.463768E-12  1.132315E-12   -5.384924E-05  5.886311E-05
 -9.00000000E+03  0.00000000E+00  3.00000000E+01   -2.080574E-04  5.211911E-02    5.595084E-12  1.180209E-12   -5.292727E-05  5.549479E-05
 -8.90000000E+03  0.00000000E+00  3.00000000E+01   -2.111287E-04  5.212311E-02    5.724435E-12  1.231197E-12   -5.200876E-05  5.207355E-05
 -8.80000000E+03  0.00000000E+00  3.00000000E+01   -2.140723E-04  5.212700E-02    5.926700E-12  1.307834E-12   -5.065709E-05  4.689902E-05
 -8.70000000E+03  0.00000000E+00  3.00000000E+01   -2.168695E-04  5.213075E-02    6.138358E-12  1.389298E-12   -4.932220E-05  4.165815E-05
 -8.60000000E+03  0.00000000E+00  3.00000000E+01   -2.195502E-04  5.213439E-02    6.283703E-12  1.446118E-12   -4.843702E-05  3.810253E-05
 -8.50000000E+03  0.00000000E+00  3.00000000E+01   -2.221153E-04  5.213793E-02    6.435285E-12  1.506037E-12   -4.756298E-05  3.452970E-05
 -8.40000000E+03  0.00000000E+00  3.00000000E+01   -2.245676E-04  5.214136E-02    6.672159E-12  1.599698E-12   -4.625502E-05  2.907636E-05
 -8.30000000E+03  0.00000000E+00  3.00000000E+01   -2.268966E-04  5.214470E-02    6.917105E-12  1.695885E-12   -4.494964E-05  2.353448E-05
 -8.20000000E+03  0.00000000E+00  3.00000000E+01   -2.291162E-04  5.214793E-02    7.087899E-12  1.765881E-12   -4.408448E-05  1.979757E-05
 -8.10000000E+03  0.00000000E+00  3.00000000E+01   -2.312336E-04  5.215107E-02    7.263585E-12  1.837927E-12   -4.321498E-05  1.600169E-05
 -8.00000000E+03  0.00000000E+00  3.00000000E+01   -2.332536E-04  5.215414E-02    7.536920E-12  1.949880E-12   -4.190988E-05  1.022846E-05
 -7.90000000E+03  0.00000000E+00  3.00000000E+01   -2.351544E-04  5.215710E-02    7.819807E-12  2.067369E-12   -4.059694E-05  4.357586E-06
 -7.80000000E+03  0.00000000E+00  3.00000000E+01   -2.369619E-04  5.215999E-02    8.019584E-12  2.151087E-12   -3.971175E-05  3.655892E-07
 -7.70000000E+03  0.00000000E+00  3.00000000E+01   -2.386754E-04  5.216281E-02    8.222871E-12  2.235459E-12   -3.882305E-05 -3.664501E-06
 -7.60000000E+03  0.00000000E+00  3.00000000E+01   -2.402913E-04  5.216554E-02    8.542766E-12  2.371892E-12   -3.746651E-05 -9.842831E-06
 -7.50000000E+03  0.00000000E+00  3.00000000E+01   -2.418036E-04  5.216820E-02    8.875724E-12  2.514774E-12   -3.609127E-05 -1.612801E-05
 -7.40000000E+03  0.00000000E+00  3.00000000E+01   -2.432249E-04  5.217080E-02    9.106531E-12  2.613830E-12   -3.516139E-05 -2.038477E-05
 -7.30000000E+03  0.00000000E+00  3.00000000E+01   -2.445572E-04  5.217333E-02    9.344152E-12  2.716778E-12   -3.421181E-05 -2.472635E-05
 -7.20000000E+03  0.00000000E+00  3.00000000E+01   -2.458047E-04  5.217582E-02    9.720417E-12  2.879521E-12   -3.276182E-05 -3.134254E-05
 -7.10000000E+03  0.00000000E+00  3.00000000E+01   -2.469498E-04  5.217824E-02    1.011031E-11  3.050547E-12   -3.127516E-05 -3.809563E-05
 -7.00000000E+03  0.00000000E+00  3.00000000E+01   -2.480117E-04  5.218061E-02    1.038207E-11  3.169101E-12   -3.025219E-05 -4.271115E-05
 -6.90000000E+03  0.00000000E+00  3.00000000E+01   -2.489887E-04  5.218293E-02    1.066377E-11  3.296363E-12   -2.921325E-05 -4.737449E-05
 -6.80000000E+03  0.00000000E+00  3.00000000E+01   -2.498814E-04  5.218521E-02    1.110473E-11  3.493131E-12   -2.760155E-05 -5.453913E-05
 -6.70000000E+03  0.00000000E+00  3.00000000E+01   -2.506834E-04  5.218747E-02    1.157077E-11  3.702899E-12   -2.593418E-05 -6.186902E-05
 -6.60000000E+03  0.00000000E+00  3.00000000E+01   -2.514011E-04  5.218967E-02    1.189066E-11  3.849300E-12   -2.478757E-05 -6.684914E-05
 -6.50000000E+03  0.00000000E+00  3.00000000E+01   -2.520399E-04  5.219186E-02    1.222264E-11  3.999930E-12   -2.360353E-05 -7.193660E-05
 -6.40000000E+03  0.00000000E+00  3.00000000E+01   -2.526030E-04  5.219403E-02    1.274533E-11  4.239595E-12   -2.176134E-05 -7.973307E-05
 -6.30000000E+03  0.00000000E+00  3.00000000E+01   -2.530678E-04  5.219615E-02    1.329411E-11  4.492271E-12   -1.984453E-05 -8.771496E-05
 -6.20000000E+03  0.00000000E+00  3.00000000E+01   -2.534590E-04  5.219828E-02    1.367860E-11  4.669467E-12   -1.851036E-05 -9.317504E-05
 -6.10000000E+03  0.00000000E+00  3.00000000E+01   -2.537757E-04  5.220041E-02    1.407387E-11  4.852832E-12   -1.713886E-05 -9.871272E-05
 -6.00000000E+03  0.00000000E+00  3.00000000E+01   -2.540130E-04  5.220251E-02    1.469993E-11  5.145330E-12   -1.498117E-05 -1.072553E-04
 -5.90000000E+03  0.00000000E+00  3.00000000E+01   -2.541704E-04  5.220465E-02    1.535554E-11  5.450378E-12   -1.272534E-05 -1.160082E-04
 -5.80000000E+03  0.00000000E+00  3.00000000E+01   -2.542537E-04  5.220679E-02    1.581298E-11  5.665872E-12   -1.115410E-05 -1.219794E-04
 -5.70000000E+03  0.00000000E+00  3.00000000E+01   -2.542642E-04  5.220895E-02    1.628879E-11  5.890269E-12   -9.516846E-06 -1.280987E-04
 -5.60000000E+03  0.00000000E+00  3.00000000E+01   -2.542085E-04  5.221114E-02    1.703714E-11  6.243346E-12   -6.950076E-06 -1.374823E-04
 -5.50000000E+03  0.00000000E+00  3.00000000E+01   -2.540707E-04  5.221336E-02    1.782301E-11  6.612539E-12   -4.254375E-06 -1.471142E-04
 -5.40000000E+03  0.00000000E+00  3.00000000E+01   -2.538715E-04  5.221565E-02    1.837557E-11  6.874314E-12   -2.357745E-06 -1.537329E-04
 -5.30000000E+03  0.00000000E+00  3.00000000E+01   -2.536089E-04  5.221798E-02    1.894857E-11  7.145426E-12   -3.977650E-07 -1.604533E-04
 -5.20000000E+03  0.00000000E+00  3.00000000E+01   -2.532832E-04  5.222038E-02    1.985287E-11  7.573397E-12    2.707190E-06 -1.708408E-04
 -5.10000000E+03  0.00000000E+00  3.00000000E+01   -2.528971E-04  5.222288E-02    2.080704E-11  8.025499E-12    5.981718E-06 -1.815277E-04
 -5.00000000E+03  0.00000000E+00  3.00000000E+01   -2.524496E-04  5.222545E-02    2.147481E-11  8.341569E-12    8.273392E-06 -1.888253E-04
 -4.90000000E+03  0.00000000E+00  3.00000000E+01   -2.519537E-04  5.222813E-02    2.216981E-11  8.671052E-12    1.066668E-05 -1.963026E-04
 -4.80000000E+03  0.00000000E+00  3.00000000E+01   -2.514194E-04  5.223095E-02    2.327032E-11  9.189531E-12    1.444491E-05 -2.078088E-04
 -4.70000000E+03  0.00000000E+00  3.00000000E+01   -2.508280E-04  5.223389E-02    2.442845E-11  9.733868E-12    1.843071E-05 -2.196398E-04
 -4.60000000E+03  0.00000000E+00  3.00000000E+01   -2.502106E-04  5.223702E-02    2.524412E-11  1.011633E-11    2.124124E-05 -2.277690E-04
 -4.50000000E+03  0.00000000E+00  3.00000000E+01   -2.495678E-04  5.224031E-02    2.609145E-11  1.051136E-11    2.415763E-05 -2.360420E-04
 -4.40000000E+03  0.00000000E+00  3.00000000E+01   -2.488945E-04  5.224378E-02    2.743541E-11  1.113527E-11    2.879247E-05 -2.488467E-04
 -4.30000000E+03  0.00000000E+00  3.00000000E+01   -2.482183E-04  5.224752E-02    2.885214E-11  1.178464E-11    3.368183E-05 -2.620035E-04
 -4.20000000E+03  0.00000000E+00  3.00000000E+01   -2.475380E-04  5.225150E-02    2.984824E-11  1.223972E-11    3.711399E-05 -2.709995E-04
 -4.10000000E+03  0.00000000E+00  3.00000000E+01   -2.468656E-04  5.225574E-02    3.089322E-11  1.271335E-11    4.070648E-05 -2.802279E-04
 -4.00000000E+03  0.00000000E+00  3.00000000E+01   -2.462223E-04  5.226030E-02    3.254285E-11  1.345267E-11    4.637734E-05 -2.944103E-04
 -3.90000000E+03  0.00000000E+00  3.00000000E+01   -2.456132E-04  5.226522E-02    3.428503E-11  1.422283E-11    5.236491E-05 -3.089871E-04
 -3.80000000E+03  0.00000000E+00  3.00000000E+01   -2.450632E-04  5.227053E-02    3.551664E-11  1.475959E-11    5.659243E-05 -3.190045E-04
 -3.70000000E+03  0.00000000E+00  3.00000000E+01   -2.445810E-04  5.227624E-02    3.679529E-11  1.531050E-11    6.097169E-05 -3.291739E-04
 -3.60000000E+03  0.00000000E+00  3.00000000E+01   -2.441823E-04  5.228238E-02    3.882823E-11  1.616712E-11    6.791543E-05 -3.448592E-04
 -3.50000000E+03  0.00000000E+00  3.00000000E+01   -2.439324E-04  5.228914E-02    4.097617E-11  1.705104E-11    7.523840E-05 -3.609483E-04
 -3.40000000E+03  0.00000000E+00  3.00000000E+01   -2.438127E-04  5.229643E-02    4.248733E-11  1.765978E-11    8.036363E-05 -3.719014E-04
 -3.30000000E+03  0.00000000E+00  3.00000000E+01   -2.438661E-04  5.230432E-02    4.406563E-11  1.828095E-11    8.570869E-05 -3.830826E-04
 -3.20000000E+03  0.00000000E+00  3.00000000E+01   -2.441333E-04  5.231292E-02    4.656170E-11  1.922970E-11    9.412458E-05 -4.001873E-04
 -3.10000000E+03  0.00000000E+00  3.00000000E+01   -2.446583E-04  5.232233E-02    4.919471E-11  2.019354E-11    1.029626E-04 -4.176345E-04
 -3.00000000E+03  0.00000000E+00  3.00000000E+01   -2.454820E-04  5.233258E-02    5.104537E-11  2.084248E-11    1.091531E-04 -4.294966E-04
 -2.90000000E+03  0.00000000E+00  3.00000000E+01   -2.466395E-04  5.234374E-02    5.296930E-11  2.149168E-11    1.155393E-04 -4.414578E-04
 -2.80000000E+03  0.00000000E+00  3.00000000E+01   -2.481597E-04  5.235585E-02    5.600124E-11  2.245476E-11    1.255810E-04 -4.596789E-04
 -2.70000000E+03  0.00000000E+00  3.00000000E+01   -2.502154E-04  5.236926E-02    5.918427E-11  2.339740E-11    1.360480E-04 -4.780618E-04
 -2.60000000E+03  0.00000000E+00  3.00000000E+01   -2.527749E-04  5.238385E-02    6.140134E-11  2.400011E-11    1.432901E-04 -4.903577E-04
 -2.50000000E+03  0.00000000E+00  3.00000000E+01   -2.559113E-04  5.239975E-02    6.369483E-11  2.457876E-11    1.507618E-04 -5.027046E-04
 -2.40000000E+03  0.00000000E+00  3.00000000E+01   -2.597155E-04  5.241708E-02    6.726273E-11  2.537034E-11    1.623034E-04 -5.210686E-04
 -2.30000000E+03  0.00000000E+00  3.00000000E+01   -2.643835E-04  5.243622E-02    7.095498E-11  2.606631E-11    1.741670E-04 -5.391871E-04
 -2.20000000E+03  0.00000000E+00  3.00000000E+01   -2.699237E-04  5.245710E-02    7.348460E-11  2.644653E-11    1.822735E-04 -5.510196E-04
 -2.10000000E+03  0.00000000E+00  3.00000000E+01   -2.764229E-04  5.247984E-02    7.605126E-11  2.674888E-11    1.904432E-04 -5.625094E-04
 -2.00000000E+03  0.00000000E+00  3.00000000E+01   -2.839845E-04  5.250458E-02    7.994213E-11  2.701381E-11    2.028023E-04 -5.789146E-04
 -1.90000000E+03  0.00000000E+00  3.00000000E+01   -2.929726E-04  5.253189E-02    8.382467E-11  2.705522E-11    2.151125E-04 -5.941680E-04
 -1.80000000E+03  0.00000000E+00  3.00000000E+01   -3.032914E-04  5.256155E-02    8.636134E-11  2.690355E-11    2.231555E-04 -6.033251E-04
 -1.70000000E+03  0.00000000E+00  3.00000000E+01   -3.150887E-04  5.259372E-02    8.882963E-11  2.660242E-11    2.310037E-04 -6.115408E-04
 -1.60000000E+03  0.00000000E+00  3.00000000E+01   -3.285014E-04  5.262855E-02    9.227768E-11  2.581113E-11    2.420632E-04 -6.214345E-04
 -1.50000000E+03  0.00000000E+00  3.00000000E+01   -3.439373E-04  5.266665E-02    9.535132E-11  2.464869E-11    2.521120E-04 -6.283397E-04
 -1.40000000E+03  0.00000000E+00  3.00000000E+01   -3.612551E-04  5.270763E-02    9.705056E-11  2.361138E-11    2.578831E-04 -6.304846E-04
 -1.30000000E+03  0.00000000E+00  3.00000000E+01   -3.805317E-04  5.275153E-02    9.840308E-11  2.237074E-11    2.627166E-04 -6.304139E-04
 -1.20000000E+03  0.00000000E+00  3.00000000E+01   -4.018242E-04  5.279835E-02    9.952123E-11  2.011531E-11    2.675662E-04 -6.249227E-04
 -1.10000000E+03  0.00000000E+00  3.00000000E+01   -4.254479E-04  5.284833E-02    9.949181E-11  1.749756E-11    2.693711E-04 -6.130643E-04
 -1.00000000E+03  0.00000000E+00  3.00000000E+01   -4.509661E-04  5.290073E-02    9.854175E-11  1.555618E-11    2.680770E-04 -6.002070E-04
 -9.00000000E+02  0.00000000E+00  3.00000000E+01   -4.781806E-04  5.295508E-02    9.674954E-11  1.351041E-11    2.644855E-04 -5.829234E-04
 -8.00000000E+02  0.00000000E+00  3.00000000E+01   -5.067169E-04  5.301063E-02    9.211810E-11  1.037475E-11    2.537475E-04 -5.472069E-04
 -7.00000000E+02  0.00000000E+00  3.00000000E+01   -5.361306E-04  5.306641E-02    8.529402E-11  7.326309E-12    2.368066E-04 -5.004366E-04
 -6.00000000E+02  0.00000000E+00  3.00000000E+01   -5.654047E-04  5.312083E-02    7.914134E-11  5.467410E-12    2.208401E-04 -4.611116E-04
 -5.00000000E+02  0.00000000E+00  3.00000000E+01   -5.935685E-04  5.317229E-02    7.174435E-11  3.833637E-12    2.012193E-04 -4.156399E-04
 -4.00000000E+02  0.00000000E+00  3.00000000E+01   -6.194891E-04  5.321899E-02    5.816262E-11  1.937852E-12    1.641759E-04 -3.346946E-04
 -3.00000000E+02  0.00000000E+00  3.00000000E+01   -6.409910E-04  5.325720E-02    4.229167E-11  6.605488E-13    1.199971E-04 -2.419878E-04
 -2.00000000E+02  0.00000000E+00  3.00000000E+01   -6.574051E-04  5.328616E-02    3.045158E-11  2.157146E-13    8.658336E-05 -1.737628E-04
 -1.00000000E+02  0.00000000E+00  3.00000000E+01   -6.676419E-04  5.330414E-02    1.790432E-11 -1.774465E-14    5.087847E-05 -1.017768E-04
  0.00000000E+00  0.00000000E+00  3.00000000E+01   -6.709564E-04  5.330994E-02   -1.576370E-12 -1.130018E-13   -4.780440E-06  9.558845E-06
  1.00000000E+02  0.00000000E+00  3.00000000E+01   -6.661017E-04  5.330150E-02   -2.098112E-11 -2.317743E-13   -6.017661E-05  1.204795E-04
  2.00000000E+02  0.00000000E+00  3.00000000E+01   -6.544524E-04  5.328109E-02   -3.338467E-11 -5.059546E-13   -9.537880E-05  1.916689E-04
  3.00000000E+02  0.00000000E+00  3.00000000E+01   -6.368412E-04  5.325001E-02   -4.502421E-11 -1.009269E-12   -1.280945E-04  2.587811E-04
  4.00000000E+02  0.00000000E+00  3.00000000E+01   -6.144092E-04  5.321010E-02   -6.050101E-11 -2.376347E-12   -1.709676E-04  3.493809E-04
  5.00000000E+02  0.00000000E+00  3.00000000E+01   -5.878914E-04  5.316221E-02   -7.364592E-11 -4.358132E-12   -2.065831E-04  4.279865E-04
  6.00000000E+02  0.00000000E+00  3.00000000E+01   -5.593939E-04  5.310997E-02   -8.073668E-11 -6.032712E-12   -2.252489E-04  4.718632E-04
  7.00000000E+02  0.00000000E+00  3.00000000E+01   -5.300140E-04  5.305516E-02   -8.659010E-11 -7.917490E-12   -2.402979E-04  5.096287E-04
  8.00000000E+02  0.00000000E+00  3.00000000E+01   -5.006805E-04  5.299929E-02   -9.299883E-11 -1.096919E-11   -2.559972E-04  5.542322E-04
  9.00000000E+02  0.00000000E+00  3.00000000E+01   -4.723810E-04  5.294392E-02   -9.725791E-11 -1.408129E-11   -2.656530E-04  5.880001E-04
  1.00000000E+03  0.00000000E+00  3.00000000E+01   -4.454955E-04  5.288992E-02   -9.883325E-11 -1.609523E-11   -2.686336E-04  6.041425E-04
  1.10000000E+03  0.00000000E+00  3.00000000E+01   -4.203646E-04  5.283801E-02   -9.959675E-11 -1.799177E-11   -2.694012E-04  6.159844E-04
  1.20000000E+03  0.00000000E+00  3.00000000E+01   -3.971604E-04  5.278858E-02   -9.939398E-11 -2.053165E-11   -2.669566E-04  6.265483E-04
  1.30000000E+03  0.00000000E+00  3.00000000E+01   -3.763007E-04  5.274237E-02   -9.809673E-11 -2.270157E-11   -2.616029E-04  6.309576E-04
  1.40000000E+03  0.00000000E+00  3.00000000E+01   -3.574506E-04  5.269909E-02   -9.665425E-11 -2.388409E-11   -2.565129E-04  6.304360E-04
  1.50000000E+03  0.00000000E+00  3.00000000E+01   -3.405446E-04  5.265873E-02   -9.488013E-11 -2.486669E-11   -2.505348E-04  6.277807E-04
  1.60000000E+03  0.00000000E+00  3.00000000E+01   -3.254998E-04  5.262125E-02   -9.172887E-11 -2.594980E-11   -2.402611E-04  6.202572E-04
  1.70000000E+03  0.00000000E+00  3.00000000E+01   -3.124481E-04  5.258700E-02   -8.823031E-11 -2.667114E-11   -2.290470E-04  6.098699E-04
  1.80000000E+03  0.00000000E+00  3.00000000E+01   -3.009851E-04  5.255538E-02   -8.574199E-11 -2.692843E-11   -2.211339E-04  6.013954E-04
  1.90000000E+03  0.00000000E+00  3.00000000E+01   -2.909730E-04  5.252624E-02   -8.319204E-11 -2.704174E-11   -2.130497E-04  5.920254E-04
  2.00000000E+03  0.00000000E+00  3.00000000E+01   -2.822642E-04  5.249941E-02   -7.930279E-11 -2.695308E-11   -2.007149E-04  5.765267E-04
  2.10000000E+03  0.00000000E+00  3.00000000E+01   -2.749517E-04  5.247512E-02   -7.541699E-11 -2.664813E-11   -1.883614E-04  5.599399E-04
  2.20000000E+03  0.00000000E+00  3.00000000E+01   -2.686773E-04  5.245280E-02   -7.285949E-11 -2.632445E-11   -1.802111E-04  5.483647E-04
  2.30000000E+03  0.00000000E+00  3.00000000E+01   -2.633392E-04  5.243231E-02   -7.034009E-11 -2.592619E-11   -1.721330E-04  5.364679E-04
  2.40000000E+03  0.00000000E+00  3.00000000E+01   -2.588521E-04  5.241352E-02   -6.667069E-11 -2.520977E-11   -1.603258E-04  5.182899E-04
  2.50000000E+03  0.00000000E+00  3.00000000E+01   -2.552068E-04  5.239651E-02   -6.312621E-11 -2.440354E-11   -1.488508E-04  4.998963E-04
  2.60000000E+03  0.00000000E+00  3.00000000E+01   -2.522119E-04  5.238091E-02   -6.085141E-11 -2.381463E-11   -1.414285E-04  4.875457E-04
  2.70000000E+03  0.00000000E+00  3.00000000E+01   -2.497782E-04  5.236659E-02   -5.865173E-11 -2.321165E-11   -1.342382E-04  4.752564E-04
  2.80000000E+03  0.00000000E+00  3.00000000E+01   -2.478342E-04  5.235343E-02   -5.549841E-11 -2.226279E-11   -1.238522E-04  4.568995E-04
  2.90000000E+03  0.00000000E+00  3.00000000E+01   -2.464108E-04  5.234154E-02   -5.249234E-11 -2.129612E-11   -1.138933E-04  4.387176E-04
  3.00000000E+03  0.00000000E+00  3.00000000E+01   -2.453390E-04  5.233059E-02   -5.058825E-11 -2.064974E-11   -1.075625E-04  4.267894E-04
  3.10000000E+03  0.00000000E+00  3.00000000E+01   -2.445908E-04  5.232053E-02   -4.875423E-11 -2.000122E-11   -1.014273E-04  4.149644E-04
  3.20000000E+03  0.00000000E+00  3.00000000E+01   -2.441321E-04  5.231129E-02   -4.614587E-11 -1.904175E-11   -9.267098E-05  3.975794E-04
  3.30000000E+03  0.00000000E+00  3.00000000E+01   -2.439220E-04  5.230286E-02   -4.367571E-11 -1.809470E-11   -8.433512E-05  3.805416E-04
  3.40000000E+03  0.00000000E+00  3.00000000E+01   -2.439184E-04  5.229510E-02   -4.211382E-11 -1.747908E-11   -7.904211E-05  3.694074E-04
  3.50000000E+03  0.00000000E+00  3.00000000E+01   -2.440816E-04  5.228795E-02   -4.061888E-11 -1.687589E-11   -7.396757E-05  3.585025E-04
  3.60000000E+03  0.00000000E+00  3.00000000E+01   -2.443694E-04  5.228132E-02   -3.849172E-11 -1.599589E-11   -6.671821E-05  3.424875E-04
  3.70000000E+03  0.00000000E+00  3.00000000E+01   -2.448000E-04  5.227528E-02   -3.648057E-11 -1.514470E-11   -5.984529E-05  3.268772E-04
  3.80000000E+03  0.00000000E+00  3.00000000E+01   -2.453098E-04  5.226967E-02   -3.521291E-11 -1.460014E-11   -5.551125E-05  3.167579E-04
  3.90000000E+03  0.00000000E+00  3.00000000E+01   -2.458834E-04  5.226446E-02   -3.399597E-11 -1.406803E-11   -5.132768E-05  3.067907E-04
  4.00000000E+03  0.00000000E+00  3.00000000E+01   -2.465125E-04  5.225962E-02   -3.227107E-11 -1.330462E-11   -4.540296E-05  2.922883E-04
  4.10000000E+03  0.00000000E+00  3.00000000E+01   -2.471723E-04  5.225514E-02   -3.063837E-11 -1.257333E-11   -3.979209E-05  2.781795E-04
  4.20000000E+03  0.00000000E+00  3.00000000E+01   -2.478583E-04  5.225097E-02   -2.960504E-11 -1.210465E-11   -3.623782E-05  2.689994E-04
  4.30000000E+03  0.00000000E+00  3.00000000E+01   -2.485499E-04  5.224705E-02   -2.861838E-11 -1.165481E-11   -3.284236E-05  2.600510E-04
  4.40000000E+03  0.00000000E+00  3.00000000E+01   -2.492352E-04  5.224337E-02   -2.721534E-11 -1.100928E-11   -2.800548E-05  2.469640E-04
  4.50000000E+03  0.00000000E+00  3.00000000E+01   -2.499154E-04  5.223996E-02   -2.588347E-11 -1.039186E-11   -2.342055E-05  2.342276E-04
  4.60000000E+03  0.00000000E+00  3.00000000E+01   -2.505634E-04  5.223671E-02   -2.504496E-11 -1.000015E-11   -2.053568E-05  2.259990E-04
  4.70000000E+03  0.00000000E+00  3.00000000E+01   -2.511847E-04  5.223364E-02   -2.423834E-11 -9.623617E-12   -1.775555E-05  2.179132E-04
  4.80000000E+03  0.00000000E+00  3.00000000E+01   -2.517785E-04  5.223073E-02   -2.308990E-11 -9.082794E-12   -1.381295E-05  2.061455E-04
  4.90000000E+03  0.00000000E+00  3.00000000E+01   -2.523139E-04  5.222795E-02   -2.200123E-11 -8.569339E-12   -1.007568E-05  1.947006E-04
  5.00000000E+03  0.00000000E+00  3.00000000E+01   -2.528100E-04  5.222531E-02   -2.131231E-11 -8.245256E-12   -7.708344E-06  1.872632E-04
  5.10000000E+03  0.00000000E+00  3.00000000E+01   -2.532566E-04  5.222277E-02   -2.065029E-11 -7.931411E-12   -5.441512E-06  1.800042E-04
  5.20000000E+03  0.00000000E+00  3.00000000E+01   -2.536413E-04  5.222030E-02   -1.970708E-11 -7.485253E-12   -2.202420E-06  1.693736E-04
  5.30000000E+03  0.00000000E+00  3.00000000E+01   -2.539647E-04  5.221793E-02   -1.881030E-11 -7.061764E-12    8.689861E-07  1.590405E-04
  5.40000000E+03  0.00000000E+00  3.00000000E+01   -2.542244E-04  5.221562E-02   -1.824455E-11 -6.795576E-12    2.807834E-06  1.523552E-04
  5.50000000E+03  0.00000000E+00  3.00000000E+01   -2.544202E-04  5.221336E-02   -1.769501E-11 -6.537144E-12    4.684077E-06  1.457706E-04
  5.60000000E+03  0.00000000E+00  3.00000000E+01   -2.545543E-04  5.221115E-02   -1.691624E-11 -6.167785E-12    7.350903E-06  1.361882E-04
  5.70000000E+03  0.00000000E+00  3.00000000E+01   -2.546057E-04  5.220898E-02   -1.617284E-11 -5.819734E-12    9.890314E-06  1.268524E-04
  5.80000000E+03  0.00000000E+00  3.00000000E+01   -2.545905E-04  5.220684E-02   -1.570123E-11 -5.596436E-12    1.151023E-05  1.207639E-04
  5.90000000E+03  0.00000000E+00  3.00000000E+01   -2.545024E-04  5.220471E-02   -1.524873E-11 -5.384283E-12    1.306490E-05  1.148226E-04
  6.00000000E+03  0.00000000E+00  3.00000000E+01   -2.543400E-04  5.220259E-02   -1.459873E-11 -5.081756E-12    1.529713E-05  1.061130E-04
  6.10000000E+03  0.00000000E+00  3.00000000E+01   -2.540974E-04  5.220050E-02   -1.397924E-11 -4.793888E-12    1.743245E-05  9.761226E-05
  6.20000000E+03  0.00000000E+00  3.00000000E+01   -2.537753E-04  5.219839E-02   -1.358647E-11 -4.612175E-12    1.878986E-05  9.210138E-05
  6.30000000E+03  0.00000000E+00  3.00000000E+01   -2.533785E-04  5.219627E-02   -1.320593E-11 -4.436974E-12    2.011045E-05  8.666750E-05
  6.40000000E+03  0.00000000E+00  3.00000000E+01   -2.529081E-04  5.219415E-02   -1.266147E-11 -4.187101E-12    2.200801E-05  7.872344E-05
  6.50000000E+03  0.00000000E+00  3.00000000E+01   -2.523393E-04  5.219199E-02   -1.214369E-11 -3.949043E-12    2.383194E-05  7.096344E-05
  6.60000000E+03  0.00000000E+00  3.00000000E+01   -2.516946E-04  5.218981E-02   -1.181305E-11 -3.799646E-12    2.500443E-05  6.589947E-05
  6.70000000E+03  0.00000000E+00  3.00000000E+01   -2.509711E-04  5.218761E-02   -1.149414E-11 -3.655244E-12    2.613999E-05  6.094214E-05
  6.80000000E+03  0.00000000E+00  3.00000000E+01   -2.501633E-04  5.218537E-02   -1.103579E-11 -3.451428E-12    2.779160E-05  5.364531E-05
  6.90000000E+03  0.00000000E+00  3.00000000E+01   -2.492647E-04  5.218310E-02   -1.059866E-11 -3.255878E-12    2.938838E-05  4.651253E-05
  7.00000000E+03  0.00000000E+00  3.00000000E+01   -2.482819E-04  5.218078E-02   -1.031957E-11 -3.133638E-12    3.041791E-05  4.186962E-05
  7.10000000E+03  0.00000000E+00  3.00000000E+01   -2.472142E-04  5.217841E-02   -1.005002E-11 -3.013747E-12    3.143180E-05  3.727409E-05
  7.20000000E+03  0.00000000E+00  3.00000000E+01   -2.460633E-04  5.217600E-02   -9.660911E-12 -2.844327E-12    3.290559E-05  3.054983E-05
  7.30000000E+03  0.00000000E+00  3.00000000E+01   -2.448101E-04  5.217351E-02   -9.290299E-12 -2.683411E-12    3.434339E-05  2.396144E-05
  7.40000000E+03  0.00000000E+00  3.00000000E+01   -2.434721E-04  5.217098E-02   -9.050888E-12 -2.578027E-12    3.528524E-05  1.963781E-05
  7.50000000E+03  0.00000000E+00  3.00000000E+01   -2.420452E-04  5.216839E-02   -8.824733E-12 -2.483200E-12    3.620773E-05  1.539844E-05
  7.60000000E+03  0.00000000E+00  3.00000000E+01   -2.405274E-04  5.216573E-02   -8.490020E-12 -2.338035E-12    3.757243E-05  9.138506E-06
  7.70000000E+03  0.00000000E+00  3.00000000E+01   -2.389059E-04  5.216300E-02   -8.174518E-12 -2.204935E-12    3.891897E-05  2.984566E-06
  7.80000000E+03  0.00000000E+00  3.00000000E+01   -2.371870E-04  5.216018E-02   -7.970911E-12 -2.121445E-12    3.980137E-05 -1.029879E-06
  7.90000000E+03  0.00000000E+00  3.00000000E+01   -2.353741E-04  5.215729E-02   -7.775568E-12 -2.039212E-12    4.068049E-05 -5.006585E-06
  8.00000000E+03  0.00000000E+00  3.00000000E+01   -2.334680E-04  5.215433E-02   -7.493101E-12 -1.921995E-12    4.198483E-05 -1.085536E-05
  8.10000000E+03  0.00000000E+00  3.00000000E+01   -2.314429E-04  5.215127E-02   -7.222767E-12 -1.813100E-12    4.328177E-05 -1.660725E-05
  8.20000000E+03  0.00000000E+00  3.00000000E+01   -2.293204E-04  5.214812E-02   -7.045327E-12 -1.741651E-12    4.414610E-05 -2.038935E-05
  8.30000000E+03  0.00000000E+00  3.00000000E+01   -2.270958E-04  5.214490E-02   -6.878491E-12 -1.673838E-12    4.500632E-05 -2.411289E-05
  8.40000000E+03  0.00000000E+00  3.00000000E+01   -2.247618E-04  5.214156E-02   -6.633887E-12 -1.574848E-12    4.630465E-05 -2.963533E-05
  8.50000000E+03  0.00000000E+00  3.00000000E+01   -2.223046E-04  5.213813E-02   -6.400816E-12 -1.482271E-12    4.760593E-05 -3.506988E-05
  8.60000000E+03  0.00000000E+00  3.00000000E+01   -2.197348E-04  5.213459E-02   -6.251502E-12 -1.423869E-12    4.847577E-05 -3.863065E-05
  8.70000000E+03  0.00000000E+00  3.00000000E+01   -2.170494E-04  5.213094E-02   -6.105904E-12 -1.367231E-12    4.935690E-05 -4.217446E-05
  8.80000000E+03  0.00000000E+00  3.00000000E+01   -2.142476E-04  5.212720E-02   -5.894329E-12 -1.288249E-12    5.068605E-05 -4.739825E-05
  8.90000000E+03  0.00000000E+00  3.00000000E+01   -2.112995E-04  5.212331E-02   -5.693149E-12 -1.211998E-12    5.203229E-05 -5.255625E-05
  9.00000000E+03  0.00000000E+00  3.00000000E+01   -2.082238E-04  5.211931E-02   -5.563440E-12 -1.163612E-12    5.294735E-05 -5.596680E-05
  9.10000000E+03  0.00000000E+00  3.00000000E+01   -2.050128E-04  5.211518E-02   -5.437427E-12 -1.116821E-12    5.386604E-05 -5.932475E-05
  9.20000000E+03  0.00000000E+00  3.00000000E+01   -2.016614E-04  5.211091E-02   -5.255889E-12 -1.049543E-12    5.527033E-05 -6.430973E-05
  9.30000000E+03  0.00000000E+00  3.00000000E+01   -1.981441E-04  5.210650E-02   -5.078937E-12 -9.861603E-13    5.670076E-05 -6.923525E-05
  9.40000000E+03  0.00000000E+00  3.00000000E+01   -1.944694E-04  5.210193E-02   -4.964603E-12 -9.438176E-13    5.766744E-05 -7.246440E-05
  9.50000000E+03  0.00000000E+00  3.00000000E+01   -1.906341E-04  5.209721E-02   -4.855762E-12 -9.052449E-13    5.865348E-05 -7.567647E-05
  9.60000000E+03  0.00000000E+00  3.00000000E+01   -1.866312E-04  5.209234E-02   -4.696681E-12 -8.492482E-13    6.015894E-05 -8.042066E-05
  9.70000000E+03  0.00000000E+00  3.00000000E+01   -1.824074E-04  5.208725E-02   -4.541835E-12 -7.951158E-13    6.169416E-05 -8.509770E-05
  9.80000000E+03  0.00000000E+00  3.00000000E+01   -1.779908E-04  5.208199E-02   -4.444002E-12 -7.620611E-13    6.274037E-05 -8.817467E-05
  9.90000000E+03  0.00000000E+00  3.00000000E+01   -1.733661E-04  5.207652E-02   -4.347697E-12 -7.289037E-13    6.379603E-05 -9.119972E-05
  1.00000000E+04  0.00000000E+00  3.00000000E+01   -1.685110E-04  5.207083E-02   -4.210319E-12 -6.835185E-13    6.541796E-05 -9.567472E-05
  1.05000000E+04  0.00000000E+00  3.00000000E+01   -1.398182E-04  5.203803E-02   -3.665037E-12 -5.059508E-13    7.275778E-05 -1.137171E-04
