 -1.05000000E+04  0.00000000E+00  3.00000000E+01    2.362346E-14 -1.004123E-14   -3.879599E-04 -1.153314E-03    8.842429E-16 -1.683634E-15
 -1.00000000E+04  0.00000000E+00  3.00000000E+01    2.869059E-14 -1.217906E-14   -3.879118E-04 -1.151774E-03    1.104836E-15 -2.159484E-15
 -9.90000000E+03  0.00000000E+00  3.00000000E+01    2.985698E-14 -1.267183E-14   -3.879077E-04 -1.151435E-03    1.159746E-15 -2.292483E-15
 -9.80000000E+03  0.00000000E+00  3.00000000E+01    3.108364E-14 -1.319604E-14   -3.879033E-04 -1.151218E-03    1.194886E-15 -2.381724E-15
 -9.70000000E+03  0.00000000E+00  3.00000000E+01    3.236474E-14 -1.374356E-14   -3.878975E-04 -1.151008E-03    1.251174E-15 -2.479634E-15
 -9.60000000E+03  0.00000000E+00  3.00000000E+01    3.370741E-14 -1.431841E-14   -3.878855E-04 -1.150707E-03    1.327704E-15 -2.628716E-15
 -9.50000000E+03  0.00000000E+00  3.00000000E+01    3.512577E-14 -1.493011E-14   -3.878703E-04 -1.150420E-03    1.404280E-15 -2.787265E-15
 -9.40000000E+03  0.00000000E+00  3.00000000E+01    3.661871E-14 -1.556806E-14   -3.878581E-04 -1.150237E-03    1.453613E-15 -2.899787E-15
 -9.30000000E+03  0.00000000E+00  3.00000000E+01    3.818820E-14 -1.624113E-14   -3.878445E-04 -1.150061E-03    1.505867E-15 -3.017631E-15
 -9.20000000E+03  0.00000000E+00  3.00000000E+01    3.983359E-14 -1.695085E-14   -3.878214E-04 -1.149810E-03    1.597374E-15 -3.205786E-15
 -9.10000000E+03  0.00000000E+00  3.00000000E+01    4.157894E-14 -1.769868E-14   -3.877960E-04 -1.149570E-03    1.695702E-15 -3.407398E-15
 -9.00000000E+03  0.00000000E+00  3.00000000E+01    4.340842E-14 -1.849345E-14   -3.877777E-04 -1.149419E-03    1.769912E-15 -3.550597E-15
 -8.90000000E+03  0.00000000E+00  3.00000000E+01    4.533223E-14 -1.933523E-14   -3.877583E-04 -1.149272E-03    1.832695E-15 -3.704493E-15
 -8.80000000E+03  0.00000000E+00  3.00000000E+01    4.737356E-14 -2.022471E-14   -3.877278E-04 -1.149064E-03    1.936240E-15 -3.946977E-15
 -8.70000000E+03  0.00000000E+00  3.00000000E+01    4.953741E-14 -2.117143E-14   -3.876960E-04 -1.148865E-03    2.039168E-15 -4.205612E-15
 -8.60000000E+03  0.00000000E+00  3.00000000E+01    5.181489E-14 -2.217378E-14   -3.876739E-04 -1.148739E-03    2.127614E-15 -4.392802E-15
 -8.50000000E+03  0.00000000E+00  3.00000000E+01    5.422399E-14 -2.323879E-14   -3.876514E-04 -1.148618E-03    2.213184E-15 -4.590285E-15
 -8.40000000E+03  0.00000000E+00  3.00000000E+01    5.676536E-14 -2.437091E-14   -3.876169E-04 -1.148446E-03    2.332227E-15 -4.903654E-15
 -8.30000000E+03  0.00000000E+00  3.00000000E+01    5.947109E-14 -2.557947E-14   -3.875817E-04 -1.148281E-03    2.462440E-15 -5.242913E-15
 -8.20000000E+03  0.00000000E+00  3.00000000E+01    6.234466E-14 -2.686826E-14   -3.875580E-04 -1.148178E-03    2.546046E-15 -5.491988E-15
 -8.10000000E+03  0.00000000E+00  3.00000000E+01    6.538129E-14 -2.823674E-14   -3.875341E-04 -1.148078E-03    2.640191E-15 -5.747690E-15
 -8.00000000E+03  0.00000000E+00  3.00000000E+01    6.859791E-14 -2.969413E-14   -3.874981E-04 -1.147936E-03    2.776532E-15 -6.171298E-15
 -7.90000000E+03  0.00000000E+00  3.00000000E+01    7.204892E-14 -3.126747E-14   -3.874619E-04 -1.147802E-03    2.914575E-15 -6.631411E-15
 -7.80000000E+03  0.00000000E+00  3.00000000E+01    7.570507E-14 -3.294218E-14   -3.874378E-04 -1.147717E-03    3.007410E-15 -6.967940E-15
 -7.70000000E+03  0.00000000E+00  3.00000000E+01    7.959518E-14 -3.473307E-14   -3.874138E-04 -1.147636E-03    3.100985E-15 -7.328245E-15
 -7.60000000E+03  0.00000000E+00  3.00000000E+01    8.373597E-14 -3.664864E-14   -3.873778E-04 -1.147522E-03    3.244518E-15 -7.920881E-15
 -7.50000000E+03  0.00000000E+00  3.00000000E+01    8.818857E-14 -3.871713E-14   -3.873421E-04 -1.147414E-03    3.379304E-15 -8.577009E-15
 -7.40000000E+03  0.00000000E+00  3.00000000E+01    9.293824E-14 -4.093644E-14   -3.873184E-04 -1.147347E-03    3.471380E-15 -9.057401E-15
 -7.30000000E+03  0.00000000E+00  3.00000000E+01    9.800624E-14 -4.331258E-14   -3.872949E-04 -1.147283E-03    3.561012E-15 -9.581238E-15
 -7.20000000E+03  0.00000000E+00  3.00000000E+01    1.034233E-13 -4.585742E-14   -3.872600E-04 -1.147194E-03    3.679039E-15 -1.045993E-14
 -7.10000000E+03  0.00000000E+00  3.00000000E+01    1.092900E-13 -4.862240E-14   -3.872254E-04 -1.147111E-03    3.800934E-15 -1.143710E-14
 -7.00000000E+03  0.00000000E+00  3.00000000E+01    1.155803E-13 -5.159350E-14   -3.872025E-04 -1.147060E-03    3.880454E-15 -1.217416E-14
 -6.90000000E+03  0.00000000E+00  3.00000000E+01    1.223271E-13 -5.478625E-14   -3.871799E-04 -1.147013E-03    3.955453E-15 -1.296936E-14
 -6.80000000E+03  0.00000000E+00  3.00000000E+01    1.295778E-13 -5.822274E-14   -3.871463E-04 -1.146948E-03    4.054277E-15 -1.433328E-14
 -6.70000000E+03  0.00000000E+00  3.00000000E+01    1.374701E-13 -6.195554E-14   -3.871130E-04 -1.146890E-03    4.158846E-15 -1.587719E-14
 -6.60000000E+03  0.00000000E+00  3.00000000E+01    1.459904E-13 -6.597522E-14   -3.870911E-04 -1.146855E-03    4.221561E-15 -1.703727E-14
 -6.50000000E+03  0.00000000E+00  3.00000000E+01    1.551845E-13 -7.029924E-14   -3.870693E-04 -1.146824E-03    4.293968E-15 -1.832321E-14
 -6.40000000E+03  0.00000000E+00  3.00000000E+01    1.651175E-13 -7.493810E-14   -3.870368E-04 -1.146785E-03    4.403963E-15 -2.052129E-14
 -6.30000000E+03  0.00000000E+00  3.00000000E+01    1.760235E-13 -8.000295E-14   -3.870046E-04 -1.146752E-03    4.537821E-15 -2.302655E-14
 -6.20000000E+03  0.00000000E+00  3.00000000E+01    1.878452E-13 -8.544359E-14   -3.869831E-04 -1.146735E-03    4.637107E-15 -2.494374E-14
 -6.10000000E+03  0.00000000E+00  3.00000000E+01    2.006798E-13 -9.128549E-14   -3.869618E-04 -1.146721E-03    4.757165E-15 -2.705258E-14
 -6.00000000E+03  0.00000000E+00  3.00000000E+01    2.146486E-13 -9.756584E-14   -3.869297E-04 -1.146709E-03    5.019527E-15 -3.069652E-14
 -5.90000000E+03  0.00000000E+00  3.00000000E+01    2.300590E-13 -1.043720E-13   -3.868975E-04 -1.146704E-03    5.365660E-15 -3.487234E-14
 -5.80000000E+03  0.00000000E+00  3.00000000E+01    2.468845E-13 -1.116748E-13   -3.868760E-04 -1.146706E-03    5.678485E-15 -3.805345E-14
 -5.70000000E+03  0.00000000E+00  3.00000000E+01    2.652644E-13 -1.194975E-13   -3.868542E-04 -1.146712E-03    6.082658E-15 -4.160102E-14
 -5.60000000E+03  0.00000000E+00  3.00000000E+01    2.853499E-13 -1.278426E-13   -3.868212E-04 -1.146729E-03    6.886074E-15 -4.768544E-14
 -5.50000000E+03  0.00000000E+00  3.00000000E+01    3.076951E-13 -1.368530E-13   -3.867876E-04 -1.146755E-03    7.963619E-15 -5.466099E-14
 -5.40000000E+03  0.00000000E+00  3.00000000E+01    3.321811E-13 -1.464300E-13   -3.867647E-04 -1.146778E-03    8.941955E-15 -6.000679E-14
 -5.30000000E+03  0.00000000E+00  3.00000000E+01    3.590513E-13 -1.566003E-13   -3.867414E-04 -1.146806E-03    1.012160E-14 -6.589474E-14
 -5.20000000E+03  0.00000000E+00  3.00000000E+01    3.885798E-13 -1.673759E-13   -3.867053E-04 -1.146857E-03    1.248642E-14 -7.604456E-14
 -5.10000000E+03  0.00000000E+00  3.00000000E+01    4.215433E-13 -1.788224E-13   -3.866680E-04 -1.146919E-03    1.557334E-14 -8.766259E-14
 -5.00000000E+03  0.00000000E+00  3.00000000E+01    4.578627E-13 -1.908789E-13   -3.866421E-04 -1.146966E-03    1.820199E-14 -9.646277E-14
 -4.90000000E+03  0.00000000E+00  3.00000000E+01    4.978496E-13 -2.034876E-13   -3.866154E-04 -1.147019E-03    2.139123E-14 -1.062110E-13
 -4.80000000E+03  0.00000000E+00  3.00000000E+01    5.418712E-13 -2.165748E-13   -3.865735E-04 -1.147110E-03    2.749958E-14 -1.228318E-13
 -4.70000000E+03  0.00000000E+00  3.00000000E+01    5.912655E-13 -2.302285E-13   -3.865295E-04 -1.147211E-03    3.523473E-14 -1.417188E-13
 -4.60000000E+03  0.00000000E+00  3.00000000E+01    6.457159E-13 -2.442027E-13   -3.864984E-04 -1.147287E-03    4.175212E-14 -1.560092E-13
 -4.50000000E+03  0.00000000E+00  3.00000000E+01    7.057876E-13 -2.583951E-13   -3.864662E-04 -1.147368E-03    4.943683E-14 -1.716420E-13
 -4.40000000E+03  0.00000000E+00  3.00000000E+01    7.721428E-13 -2.727277E-13   -3.864147E-04 -1.147503E-03    6.392746E-14 -1.982084E-13
 -4.30000000E+03  0.00000000E+00  3.00000000E+01    8.465234E-13 -2.868535E-13   -3.863599E-04 -1.147650E-03    8.189167E-14 -2.281093E-13
 -4.20000000E+03  0.00000000E+00  3.00000000E+01    9.286675E-13 -3.006113E-13   -3.863210E-04 -1.147756E-03    9.660817E-14 -2.504192E-13
 -4.10000000E+03  0.00000000E+00  3.00000000E+01    1.019328E-12 -3.136884E-13   -3.862801E-04 -1.147869E-03    1.139349E-13 -2.748031E-13
 -4.00000000E+03  0.00000000E+00  3.00000000E+01    1.119232E-12 -3.256770E-13   -3.862146E-04 -1.148052E-03    1.457258E-13 -3.155253E-13
 -3.90000000E+03  0.00000000E+00  3.00000000E+01    1.231325E-12 -3.359278E-13   -3.861444E-04 -1.148249E-03    1.845654E-13 -3.607951E-13
 -3.80000000E+03  0.00000000E+00  3.00000000E+01    1.354841E-12 -3.440058E-13   -3.860942E-04 -1.148390E-03    2.161850E-13 -3.942904E-13
 -3.70000000E+03  0.00000000E+00  3.00000000E+01    1.490899E-12 -3.493400E-13   -3.860414E-04 -1.148537E-03    2.524493E-13 -4.301801E-13
 -3.60000000E+03  0.00000000E+00  3.00000000E+01    1.640690E-12 -3.512384E-13   -3.859563E-04 -1.148773E-03    3.185743E-13 -4.893848E-13
 -3.50000000E+03  0.00000000E+00  3.00000000E+01    1.807715E-12 -3.478162E-13   -3.858651E-04 -1.149023E-03    3.983488E-13 -5.539848E-13
 -3.40000000E+03  0.00000000E+00  3.00000000E+01    1.991351E-12 -3.388563E-13   -3.858000E-04 -1.149199E-03    4.618333E-13 -6.005305E-13
 -3.30000000E+03  0.00000000E+00  3.00000000E+01    2.192647E-12 -3.230872E-13   -3.857312E-04 -1.149383E-03    5.348783E-13 -6.498523E-13
 -3.20000000E+03  0.00000000E+00  3.00000000E+01    2.412690E-12 -2.990998E-13   -3.856207E-04 -1.149674E-03    6.657036E-13 -7.286786E-13
 -3.10000000E+03  0.00000000E+00  3.00000000E+01    2.657318E-12 -2.637220E-13   -3.855024E-04 -1.149978E-03    8.213793E-13 -8.119680E-13
 -3.00000000E+03  0.00000000E+00  3.00000000E+01    2.923699E-12 -2.164018E-13   -3.854179E-04 -1.150192E-03    9.446733E-13 -8.700303E-13
 -2.90000000E+03  0.00000000E+00  3.00000000E+01    3.213327E-12 -1.552565E-13   -3.853293E-04 -1.150412E-03    1.084014E-12 -9.292334E-13
 -2.80000000E+03  0.00000000E+00  3.00000000E+01    3.528153E-12 -7.820795E-14   -3.851870E-04 -1.150758E-03    1.331977E-12 -1.019192E-12
 -2.70000000E+03  0.00000000E+00  3.00000000E+01    3.872290E-12  2.068980E-14   -3.850354E-04 -1.151118E-03    1.623653E-12 -1.108044E-12
 -2.60000000E+03  0.00000000E+00  3.00000000E+01    4.243499E-12  1.411240E-13   -3.849280E-04 -1.151367E-03    1.850863E-12 -1.164722E-12
 -2.50000000E+03  0.00000000E+00  3.00000000E+01    4.642201E-12  2.858861E-13   -3.848153E-04 -1.151624E-03    2.107659E-12 -1.217940E-12
 -2.40000000E+03  0.00000000E+00  3.00000000E+01    5.067465E-12  4.576939E-13   -3.846366E-04 -1.152024E-03    2.555631E-12 -1.286390E-12
 -2.30000000E+03  0.00000000E+00  3.00000000E+01    5.524631E-12  6.648136E-13   -3.844477E-04 -1.152437E-03    3.075880E-12 -1.338310E-12
 -2.20000000E+03  0.00000000E+00  3.00000000E+01    6.006204E-12  9.052299E-13   -3.843148E-04 -1.152722E-03    3.478099E-12 -1.357603E-12
 -2.10000000E+03  0.00000000E+00  3.00000000E+01    6.510515E-12  1.181234E-12   -3.841775E-04 -1.153013E-03    3.923509E-12 -1.361991E-12
 -2.00000000E+03  0.00000000E+00  3.00000000E+01    7.035003E-12  1.494859E-12   -3.839620E-04 -1.153462E-03    4.693153E-12 -1.329330E-12
 -1.90000000E+03  0.00000000E+00  3.00000000E+01    7.573728E-12  1.853247E-12   -3.837382E-04 -1.153923E-03    5.572866E-12 -1.247317E-12
 -1.80000000E+03  0.00000000E+00  3.00000000E+01    8.120064E-12  2.250211E-12   -3.835844E-04 -1.154236E-03    6.236511E-12 -1.152848E-12
 -1.70000000E+03  0.00000000E+00  3.00000000E+01    8.663339E-12  2.683373E-12   -3.834272E-04 -1.154554E-03    6.966104E-12 -1.021363E-12
 -1.60000000E+03  0.00000000E+00  3.00000000E+01    9.190791E-12  3.148114E-12   -3.831878E-04 -1.155035E-03    8.192711E-12 -7.385247E-13
 -1.50000000E+03  0.00000000E+00  3.00000000E+01    9.686949E-12  3.642108E-12   -3.829464E-04 -1.155519E-03    9.558431E-12 -3.562118E-13
 -1.40000000E+03  0.00000000E+00  3.00000000E+01    1.013273E-11  4.147675E-12   -3.827854E-04 -1.155842E-03    1.056511E-11 -2.537387E-14
 -1.30000000E+03  0.00000000E+00  3.00000000E+01    1.051036E-11  4.650743E-12   -3.826263E-04 -1.156162E-03    1.163834E-11  3.663494E-13
 -1.20000000E+03  0.00000000E+00  3.00000000E+01    1.080140E-11  5.134298E-12   -3.823930E-04 -1.156635E-03    1.338355E-11  1.088219E-12
 -1.10000000E+03  0.00000000E+00  3.00000000E+01    1.095310E-11  5.561486E-12   -3.821681E-04 -1.157094E-03    1.524449E-11  1.945738E-12
 -1.00000000E+03  0.00000000E+00  3.00000000E+01    1.096087E-11  5.911059E-12   -3.820260E-04 -1.157387E-03    1.654509E-11  2.604493E-12
 -9.00000000E+02  0.00000000E+00  3.00000000E+01    1.079851E-11  6.152438E-12   -3.818905E-04 -1.157670E-03    1.788144E-11  3.326295E-12
 -8.00000000E+02  0.00000000E+00  3.00000000E+01    1.044057E-11  6.253105E-12   -3.817040E-04 -1.158065E-03    1.990077E-11  4.502904E-12
 -7.00000000E+02  0.00000000E+00  3.00000000E+01    9.833960E-12  6.152324E-12   -3.815360E-04 -1.158425E-03    2.188805E-11  5.740443E-12
 -6.00000000E+02  0.00000000E+00  3.00000000E+01    8.996844E-12  5.849344E-12   -3.814374E-04 -1.158640E-03    2.315431E-11  6.576280E-12
 -5.00000000E+02  0.00000000E+00  3.00000000E+01    7.929754E-12  5.330607E-12   -3.813501E-04 -1.158832E-03    2.433723E-11  7.386787E-12
 -4.00000000E+02  0.00000000E+00  3.00000000E+01    6.641366E-12  4.592996E-12   -3.812422E-04 -1.159072E-03    2.588678E-11  8.493030E-12
 -3.00000000E+02  0.00000000E+00  3.00000000E+01    5.120106E-12  3.615752E-12   -3.811586E-04 -1.159260E-03    2.714231E-11  9.419933E-12
 -2.00000000E+02  0.00000000E+00  3.00000000E+01    3.441763E-12  2.469423E-12   -3.811198E-04 -1.159348E-03    2.774290E-11  9.875246E-12
 -1.00000000E+02  0.00000000E+00  3.00000000E+01    1.649953E-12  1.199128E-12   -3.810936E-04 -1.159407E-03    2.814474E-11  1.018399E-11
  0.00000000E+00  0.00000000E+00  3.00000000E+01   -2.015584E-13 -1.374507E-13   -3.810805E-04 -1.159436E-03    2.831859E-11  1.031944E-11
  1.00000000E+02  0.00000000E+00  3.00000000E+01   -2.045263E-12 -1.465593E-12   -3.810935E-04 -1.159407E-03    2.805743E-11  1.011936E-11
  2.00000000E+02  0.00000000E+00  3.00000000E+01   -3.816278E-12 -2.713764E-12   -3.811196E-04 -1.159348E-03    2.760035E-11  9.770862E-12
  3.00000000E+02  0.00000000E+00  3.00000000E+01   -5.462459E-12 -3.826480E-12   -3.811584E-04 -1.159260E-03    2.694900E-11  9.280642E-12
  4.00000000E+02  0.00000000E+00  3.00000000E+01   -6.942499E-12 -4.761754E-12   -3.812418E-04 -1.159072E-03    2.562904E-11  8.313831E-12
  5.00000000E+02  0.00000000E+00  3.00000000E+01   -8.182501E-12 -5.452288E-12   -3.813497E-04 -1.158832E-03    2.402896E-11  7.181833E-12
  6.00000000E+02  0.00000000E+00  3.00000000E+01   -9.198363E-12 -5.923597E-12   -3.814370E-04 -1.158640E-03    2.282223E-11  6.363643E-12
  7.00000000E+02  0.00000000E+00  3.00000000E+01   -9.983918E-12 -6.181720E-12   -3.815355E-04 -1.158426E-03    2.153938E-11  5.526595E-12
  8.00000000E+02  0.00000000E+00  3.00000000E+01   -1.054082E-11 -6.242448E-12   -3.817035E-04 -1.158065E-03    1.954071E-11  4.298102E-12
  9.00000000E+02  0.00000000E+00  3.00000000E+01   -1.085344E-11 -6.109157E-12   -3.818900E-04 -1.157670E-03    1.752167E-11  3.138823E-12
  1.00000000E+03  0.00000000E+00  3.00000000E+01   -1.097542E-11 -5.842133E-12   -3.820254E-04 -1.157388E-03    1.619202E-11  2.432381E-12
  1.10000000E+03  0.00000000E+00  3.00000000E+01   -1.093281E-11 -5.473812E-12   -3.821675E-04 -1.157094E-03    1.490191E-11  1.790570E-12
  1.20000000E+03  0.00000000E+00  3.00000000E+01   -1.075199E-11 -5.034252E-12   -3.823924E-04 -1.156635E-03    1.306237E-11  9.597694E-13
  1.30000000E+03  0.00000000E+00  3.00000000E+01   -1.043832E-11 -4.544758E-12   -3.826257E-04 -1.156163E-03    1.134240E-11  2.643078E-13
  1.40000000E+03  0.00000000E+00  3.00000000E+01   -1.004319E-11 -4.040193E-12   -3.827848E-04 -1.155843E-03    1.028748E-11 -1.108365E-13
  1.50000000E+03  0.00000000E+00  3.00000000E+01   -9.584564E-12 -3.536675E-12   -3.829458E-04 -1.155520E-03    9.299639E-12 -4.261830E-13
  1.60000000E+03  0.00000000E+00  3.00000000E+01   -9.079669E-12 -3.047438E-12   -3.831873E-04 -1.155035E-03    7.962126E-12 -7.879840E-13
  1.70000000E+03  0.00000000E+00  3.00000000E+01   -8.547416E-12 -2.589538E-12   -3.834267E-04 -1.154554E-03    6.762958E-12 -1.053158E-12
  1.80000000E+03  0.00000000E+00  3.00000000E+01   -8.002159E-12 -2.164335E-12   -3.835839E-04 -1.154236E-03    6.050818E-12 -1.174747E-12
  1.90000000E+03  0.00000000E+00  3.00000000E+01   -7.456125E-12 -1.775926E-12   -3.837377E-04 -1.153923E-03    5.403724E-12 -1.260711E-12
  2.00000000E+03  0.00000000E+00  3.00000000E+01   -6.919470E-12 -1.426266E-12   -3.839616E-04 -1.153463E-03    4.547007E-12 -1.332429E-12
  2.10000000E+03  0.00000000E+00  3.00000000E+01   -6.398671E-12 -1.121220E-12   -3.841771E-04 -1.153014E-03    3.798334E-12 -1.357047E-12
  2.20000000E+03  0.00000000E+00  3.00000000E+01   -5.898995E-12 -8.534058E-13   -3.843145E-04 -1.152723E-03    3.365519E-12 -1.348613E-12
  2.30000000E+03  0.00000000E+00  3.00000000E+01   -5.422745E-12 -6.206698E-13   -3.844473E-04 -1.152438E-03    2.974938E-12 -1.326100E-12
  2.40000000E+03  0.00000000E+00  3.00000000E+01   -4.971371E-12 -4.206340E-13   -3.846362E-04 -1.152024E-03    2.470189E-12 -1.270790E-12
  2.50000000E+03  0.00000000E+00  3.00000000E+01   -4.552150E-12 -2.551515E-13   -3.848151E-04 -1.151625E-03    2.035911E-12 -1.200127E-12
  2.60000000E+03  0.00000000E+00  3.00000000E+01   -4.159577E-12 -1.160625E-13   -3.849277E-04 -1.151367E-03    1.787143E-12 -1.146074E-12
  2.70000000E+03  0.00000000E+00  3.00000000E+01   -3.794448E-12 -6.528523E-16   -3.850351E-04 -1.151118E-03    1.567170E-12 -1.088951E-12
  2.80000000E+03  0.00000000E+00  3.00000000E+01   -3.456240E-12  9.383130E-14   -3.851868E-04 -1.150758E-03    1.284969E-12 -1.000040E-12
  2.90000000E+03  0.00000000E+00  3.00000000E+01   -3.147136E-12  1.671330E-13   -3.853291E-04 -1.150412E-03    1.045211E-12 -9.104846E-13
  3.00000000E+03  0.00000000E+00  3.00000000E+01   -2.862954E-12  2.250556E-13   -3.854177E-04 -1.150192E-03    9.105710E-13 -8.517872E-13
  3.10000000E+03  0.00000000E+00  3.00000000E+01   -2.601740E-12  2.696316E-13   -3.855023E-04 -1.149979E-03    7.914853E-13 -7.943566E-13
  3.20000000E+03  0.00000000E+00  3.00000000E+01   -2.361996E-12  3.026889E-13   -3.856206E-04 -1.149674E-03    6.412050E-13 -7.121864E-13
  3.30000000E+03  0.00000000E+00  3.00000000E+01   -2.146453E-12  3.247981E-13   -3.857310E-04 -1.149384E-03    5.149847E-13 -6.345912E-13
  3.40000000E+03  0.00000000E+00  3.00000000E+01   -1.949351E-12  3.390152E-13   -3.857999E-04 -1.149200E-03    4.445470E-13 -5.861283E-13
  3.50000000E+03  0.00000000E+00  3.00000000E+01   -1.769618E-12  3.467138E-13   -3.858650E-04 -1.149023E-03    3.833554E-13 -5.404506E-13
  3.60000000E+03  0.00000000E+00  3.00000000E+01   -1.606188E-12  3.491263E-13   -3.859563E-04 -1.148773E-03    3.065010E-13 -4.771417E-13
  3.70000000E+03  0.00000000E+00  3.00000000E+01   -1.459658E-12  3.464705E-13   -3.860413E-04 -1.148537E-03    2.428242E-13 -4.191928E-13
  3.80000000E+03  0.00000000E+00  3.00000000E+01   -1.326594E-12  3.405552E-13   -3.860941E-04 -1.148390E-03    2.079213E-13 -3.840977E-13
  3.90000000E+03  0.00000000E+00  3.00000000E+01   -1.205815E-12  3.320465E-13   -3.861443E-04 -1.148249E-03    1.775027E-13 -3.513701E-13
  4.00000000E+03  0.00000000E+00  3.00000000E+01   -1.096215E-12  3.214938E-13   -3.862145E-04 -1.148053E-03    1.401493E-13 -3.071747E-13
  4.10000000E+03  0.00000000E+00  3.00000000E+01   -9.985510E-13  3.093290E-13   -3.862801E-04 -1.147869E-03    1.095923E-13 -2.674520E-13
  4.20000000E+03  0.00000000E+00  3.00000000E+01   -9.099277E-13  2.961572E-13   -3.863210E-04 -1.147756E-03    9.294948E-14 -2.436768E-13
  4.30000000E+03  0.00000000E+00  3.00000000E+01   -8.296389E-13  2.823795E-13   -3.863598E-04 -1.147650E-03    7.882187E-14 -2.219344E-13
  4.40000000E+03  0.00000000E+00  3.00000000E+01   -7.569362E-13  2.682878E-13   -3.864146E-04 -1.147503E-03    6.157534E-14 -1.928186E-13
  4.50000000E+03  0.00000000E+00  3.00000000E+01   -6.920678E-13  2.540406E-13   -3.864661E-04 -1.147368E-03    4.766315E-14 -1.669557E-13
  4.60000000E+03  0.00000000E+00  3.00000000E+01   -6.333443E-13  2.399682E-13   -3.864984E-04 -1.147287E-03    4.030221E-14 -1.517482E-13
  4.70000000E+03  0.00000000E+00  3.00000000E+01   -5.801032E-13  2.261449E-13   -3.865295E-04 -1.147211E-03    3.404705E-14 -1.378439E-13
  4.80000000E+03  0.00000000E+00  3.00000000E+01   -5.318150E-13  2.126519E-13   -3.865735E-04 -1.147110E-03    2.663144E-14 -1.194822E-13
  4.90000000E+03  0.00000000E+00  3.00000000E+01   -4.887639E-13  1.997357E-13   -3.866154E-04 -1.147019E-03    2.078418E-14 -1.033234E-13
  5.00000000E+03  0.00000000E+00  3.00000000E+01   -4.496486E-13  1.873137E-13   -3.866421E-04 -1.146966E-03    1.772390E-14 -9.385276E-14
  5.10000000E+03  0.00000000E+00  3.00000000E+01   -4.141201E-13  1.754472E-13   -3.866679E-04 -1.146919E-03    1.520674E-14 -8.530483E-14
  5.20000000E+03  0.00000000E+00  3.00000000E+01   -3.818621E-13  1.641872E-13   -3.867053E-04 -1.146857E-03    1.224125E-14 -7.401851E-14
  5.30000000E+03  0.00000000E+00  3.00000000E+01   -3.529662E-13  1.535938E-13   -3.867413E-04 -1.146806E-03    9.974208E-15 -6.415899E-14
  5.40000000E+03  0.00000000E+00  3.00000000E+01   -3.266526E-13  1.436045E-13   -3.867647E-04 -1.146778E-03    8.841799E-15 -5.844049E-14
  5.50000000E+03  0.00000000E+00  3.00000000E+01   -3.026763E-13  1.342004E-13   -3.867876E-04 -1.146755E-03    7.911408E-15 -5.324839E-14
  5.60000000E+03  0.00000000E+00  3.00000000E+01   -2.807928E-13  1.253611E-13   -3.868212E-04 -1.146729E-03    6.873288E-15 -4.647201E-14
  5.70000000E+03  0.00000000E+00  3.00000000E+01   -2.611068E-13  1.171744E-13   -3.868542E-04 -1.146712E-03    6.096413E-15 -4.056587E-14
  5.80000000E+03  0.00000000E+00  3.00000000E+01   -2.430935E-13  1.095082E-13   -3.868760E-04 -1.146706E-03    5.705092E-15 -3.711902E-14
  5.90000000E+03  0.00000000E+00  3.00000000E+01   -2.265948E-13  1.023518E-13   -3.868975E-04 -1.146704E-03    5.403844E-15 -3.402989E-14
  6.00000000E+03  0.00000000E+00  3.00000000E+01   -2.114741E-13  9.567867E-14   -3.869297E-04 -1.146709E-03    5.064775E-15 -2.997141E-14
  6.10000000E+03  0.00000000E+00  3.00000000E+01   -1.977717E-13  8.952339E-14   -3.869618E-04 -1.146721E-03    4.806697E-15 -2.642776E-14
  6.20000000E+03  0.00000000E+00  3.00000000E+01   -1.851692E-13  8.380048E-14   -3.869831E-04 -1.146735E-03    4.685039E-15 -2.438087E-14
  6.30000000E+03  0.00000000E+00  3.00000000E+01   -1.735543E-13  7.847000E-14   -3.870046E-04 -1.146752E-03    4.571956E-15 -2.251713E-14
  6.40000000E+03  0.00000000E+00  3.00000000E+01   -1.628424E-13  7.350912E-14   -3.870368E-04 -1.146785E-03    4.436716E-15 -2.008379E-14
  6.50000000E+03  0.00000000E+00  3.00000000E+01   -1.530880E-13  6.895922E-14   -3.870693E-04 -1.146824E-03    4.321863E-15 -1.794181E-14
  6.60000000E+03  0.00000000E+00  3.00000000E+01   -1.440573E-13  6.472351E-14   -3.870911E-04 -1.146855E-03    4.246823E-15 -1.668780E-14
  6.70000000E+03  0.00000000E+00  3.00000000E+01   -1.356814E-13  6.078645E-14   -3.871130E-04 -1.146890E-03    4.182089E-15 -1.555809E-14
  6.80000000E+03  0.00000000E+00  3.00000000E+01   -1.279120E-13  5.712640E-14   -3.871463E-04 -1.146948E-03    4.075513E-15 -1.405192E-14
  6.90000000E+03  0.00000000E+00  3.00000000E+01   -1.207814E-13  5.376765E-14   -3.871799E-04 -1.147013E-03    3.962834E-15 -1.272656E-14
  7.00000000E+03  0.00000000E+00  3.00000000E+01   -1.141383E-13  5.063864E-14   -3.872025E-04 -1.147060E-03    3.889928E-15 -1.194617E-14
  7.10000000E+03  0.00000000E+00  3.00000000E+01   -1.079523E-13  4.772701E-14   -3.872254E-04 -1.147111E-03    3.806202E-15 -1.122739E-14
  7.20000000E+03  0.00000000E+00  3.00000000E+01   -1.021726E-13  4.501586E-14   -3.872600E-04 -1.147194E-03    3.688360E-15 -1.026759E-14
  7.30000000E+03  0.00000000E+00  3.00000000E+01   -9.683291E-14  4.252268E-14   -3.872949E-04 -1.147283E-03    3.560529E-15 -9.411934E-15
  7.40000000E+03  0.00000000E+00  3.00000000E+01   -9.183973E-14  4.019343E-14   -3.873184E-04 -1.147347E-03    3.472968E-15 -8.895077E-15
  7.50000000E+03  0.00000000E+00  3.00000000E+01   -8.716075E-14  3.801755E-14   -3.873421E-04 -1.147414E-03    3.384766E-15 -8.422862E-15
  7.60000000E+03  0.00000000E+00  3.00000000E+01   -8.276626E-14  3.598901E-14   -3.873778E-04 -1.147522E-03    3.245478E-15 -7.782070E-15
  7.70000000E+03  0.00000000E+00  3.00000000E+01   -7.868033E-14  3.411003E-14   -3.874138E-04 -1.147636E-03    3.106058E-15 -7.195866E-15
  7.80000000E+03  0.00000000E+00  3.00000000E+01   -7.484725E-14  3.235834E-14   -3.874378E-04 -1.147717E-03    3.010859E-15 -6.847221E-15
  7.90000000E+03  0.00000000E+00  3.00000000E+01   -7.123165E-14  3.071415E-14   -3.874619E-04 -1.147802E-03    2.915385E-15 -6.519442E-15
  8.00000000E+03  0.00000000E+00  3.00000000E+01   -6.783376E-14  2.917458E-14   -3.874981E-04 -1.147936E-03    2.769722E-15 -6.064586E-15
  8.10000000E+03  0.00000000E+00  3.00000000E+01   -6.466832E-14  2.774430E-14   -3.875341E-04 -1.148078E-03    2.624741E-15 -5.650941E-15
  8.20000000E+03  0.00000000E+00  3.00000000E+01   -6.167549E-14  2.640282E-14   -3.875580E-04 -1.148178E-03    2.538048E-15 -5.395016E-15
  8.30000000E+03  0.00000000E+00  3.00000000E+01   -5.883748E-14  2.513809E-14   -3.875817E-04 -1.148282E-03    2.452842E-15 -5.155623E-15
  8.40000000E+03  0.00000000E+00  3.00000000E+01   -5.616427E-14  2.394894E-14   -3.876169E-04 -1.148446E-03    2.323770E-15 -4.821917E-15
  8.50000000E+03  0.00000000E+00  3.00000000E+01   -5.365435E-14  2.284495E-14   -3.876514E-04 -1.148618E-03    2.197816E-15 -4.509365E-15
  8.60000000E+03  0.00000000E+00  3.00000000E+01   -5.127582E-14  2.179886E-14   -3.876739E-04 -1.148739E-03    2.115016E-15 -4.321592E-15
  8.70000000E+03  0.00000000E+00  3.00000000E+01   -4.901895E-14  2.081430E-14   -3.876960E-04 -1.148865E-03    2.040036E-15 -4.139219E-15
  8.80000000E+03  0.00000000E+00  3.00000000E+01   -4.688350E-14  1.988275E-14   -3.877278E-04 -1.149064E-03    1.930084E-15 -3.884908E-15
  8.90000000E+03  0.00000000E+00  3.00000000E+01   -4.486732E-14  1.900693E-14   -3.877583E-04 -1.149272E-03    1.822257E-15 -3.648502E-15
  9.00000000E+03  0.00000000E+00  3.00000000E+01   -4.295869E-14  1.817741E-14   -3.877777E-04 -1.149419E-03    1.750934E-15 -3.498310E-15
  9.10000000E+03  0.00000000E+00  3.00000000E+01   -4.114634E-14  1.739516E-14   -3.877960E-04 -1.149570E-03    1.683742E-15 -3.355659E-15
  9.20000000E+03  0.00000000E+00  3.00000000E+01   -3.942159E-14  1.665031E-14   -3.878214E-04 -1.149810E-03    1.590657E-15 -3.156361E-15
  9.30000000E+03  0.00000000E+00  3.00000000E+01   -3.779681E-14  1.595338E-14   -3.878445E-04 -1.150061E-03    1.504723E-15 -2.972653E-15
  9.40000000E+03  0.00000000E+00  3.00000000E+01   -3.625138E-14  1.529397E-14   -3.878581E-04 -1.150237E-03    1.447570E-15 -2.852262E-15
  9.50000000E+03  0.00000000E+00  3.00000000E+01   -3.477947E-14  1.466427E-14   -3.878703E-04 -1.150420E-03    1.395058E-15 -2.741604E-15
  9.60000000E+03  0.00000000E+00  3.00000000E+01   -3.337088E-14  1.406904E-14   -3.878855E-04 -1.150707E-03    1.320435E-15 -2.584208E-15
  9.70000000E+03  0.00000000E+00  3.00000000E+01   -3.204555E-14  1.350493E-14   -3.878975E-04 -1.151008E-03    1.245181E-15 -2.433408E-15
  9.80000000E+03  0.00000000E+00  3.00000000E+01   -3.077833E-14  1.297074E-14   -3.879033E-04 -1.151218E-03    1.211063E-15 -2.335392E-15
  9.90000000E+03  0.00000000E+00  3.00000000E+01   -2.957096E-14  1.245770E-14   -3.879077E-04 -1.151435E-03    1.164217E-15 -2.254599E-15
  1.00000000E+04  0.00000000E+00  3.00000000E+01   -2.841737E-14  1.196872E-14   -3.879118E-04 -1.151774E-03    1.107970E-15 -2.127625E-15
  1.05000000E+04  0.00000000E+00  3.00000000E+01   -2.340489E-14  9.863312E-15   -3.879599E-04 -1.153314E-03    8.836234E-16 -1.662420E-15
