 -1.05000000E+04  0.00000000E+00  3.00000000E+01   -9.166001E-13  2.393349E-12   -4.309193E-04 -5.118664E-02   -8.256470E-15  1.126156E-12
 -1.00000000E+04  0.00000000E+00  3.00000000E+01   -1.113776E-12  2.760139E-12   -4.423044E-04 -5.117480E-02   -6.316443E-14  1.346996E-12
 -9.90000000E+03  0.00000000E+00  3.00000000E+01   -1.159517E-12  2.840714E-12   -4.448579E-04 -5.117213E-02   -8.037405E-14  1.403677E-12
 -9.80000000E+03  0.00000000E+00  3.00000000E+01   -1.207923E-12  2.924928E-12   -4.465154E-04 -5.117039E-02   -9.057564E-14  1.444906E-12
 -9.70000000E+03  0.00000000E+00  3.00000000E+01   -1.265654E-12  3.012039E-12   -4.481434E-04 -5.116867E-02   -1.071891E-13  1.484099E-12
 -9.60000000E+03  0.00000000E+00  3.00000000E+01   -1.318057E-12  3.102303E-12   -4.505135E-04 -5.116617E-02   -1.194444E-13  1.548630E-12
 -9.50000000E+03  0.00000000E+00  3.00000000E+01   -1.374012E-12  3.195860E-12   -4.528158E-04 -5.116372E-02   -1.416478E-13  1.616179E-12
 -9.40000000E+03  0.00000000E+00  3.00000000E+01   -1.439737E-12  3.293397E-12   -4.543084E-04 -5.116213E-02   -1.582326E-13  1.663927E-12
 -9.30000000E+03  0.00000000E+00  3.00000000E+01   -1.501910E-12  3.396665E-12   -4.557648E-04 -5.116057E-02   -1.727978E-13  1.712015E-12
 -9.20000000E+03  0.00000000E+00  3.00000000E+01   -1.557865E-12  3.504239E-12   -4.578893E-04 -5.115829E-02   -1.991414E-13  1.788148E-12
 -9.10000000E+03  0.00000000E+00  3.00000000E+01   -1.629363E-12  3.612492E-12   -4.599518E-04 -5.115607E-02   -2.273638E-13  1.867946E-12
 -9.00000000E+03  0.00000000E+00  3.00000000E+01   -1.699085E-12  3.726238E-12   -4.612847E-04 -5.115462E-02   -2.435467E-13  1.923142E-12
 -8.90000000E+03  0.00000000E+00  3.00000000E+01   -1.772804E-12  3.844206E-12   -4.625920E-04 -5.115320E-02   -2.632444E-13  1.980983E-12
 -8.80000000E+03  0.00000000E+00  3.00000000E+01   -1.850964E-12  3.968589E-12   -4.644933E-04 -5.115113E-02   -2.953174E-13  2.072722E-12
 -8.70000000E+03  0.00000000E+00  3.00000000E+01   -1.928235E-12  4.096990E-12   -4.663403E-04 -5.114910E-02   -3.328337E-13  2.168499E-12
 -8.60000000E+03  0.00000000E+00  3.00000000E+01   -2.018830E-12  4.231095E-12   -4.675384E-04 -5.114778E-02   -3.494222E-13  2.235525E-12
 -8.50000000E+03  0.00000000E+00  3.00000000E+01   -2.100542E-12  4.369612E-12   -4.687080E-04 -5.114649E-02   -3.815135E-13  2.304948E-12
 -8.40000000E+03  0.00000000E+00  3.00000000E+01   -2.188472E-12  4.513431E-12   -4.704155E-04 -5.114459E-02   -4.172735E-13  2.415259E-12
 -8.30000000E+03  0.00000000E+00  3.00000000E+01   -2.284839E-12  4.665132E-12   -4.720746E-04 -5.114274E-02   -4.663902E-13  2.528674E-12
 -8.20000000E+03  0.00000000E+00  3.00000000E+01   -2.391864E-12  4.822752E-12   -4.731474E-04 -5.114153E-02   -4.981524E-13  2.609478E-12
 -8.10000000E+03  0.00000000E+00  3.00000000E+01   -2.492229E-12  4.987510E-12   -4.741999E-04 -5.114035E-02   -5.324881E-13  2.692361E-12
 -8.00000000E+03  0.00000000E+00  3.00000000E+01   -2.602363E-12  5.158460E-12   -4.757312E-04 -5.113862E-02   -5.879103E-13  2.823353E-12
 -7.90000000E+03  0.00000000E+00  3.00000000E+01   -2.724487E-12  5.338017E-12   -4.772188E-04 -5.113693E-02   -6.431074E-13  2.961254E-12
 -7.80000000E+03  0.00000000E+00  3.00000000E+01   -2.850609E-12  5.525648E-12   -4.781835E-04 -5.113583E-02   -6.850757E-13  3.059100E-12
 -7.70000000E+03  0.00000000E+00  3.00000000E+01   -2.978062E-12  5.720077E-12   -4.791247E-04 -5.113475E-02   -7.278905E-13  3.160711E-12
 -7.60000000E+03  0.00000000E+00  3.00000000E+01   -3.111289E-12  5.924095E-12   -4.804977E-04 -5.113317E-02   -7.994447E-13  3.320062E-12
 -7.50000000E+03  0.00000000E+00  3.00000000E+01   -3.260947E-12  6.138957E-12   -4.818299E-04 -5.113162E-02   -8.705331E-13  3.490310E-12
 -7.40000000E+03  0.00000000E+00  3.00000000E+01   -3.410161E-12  6.362589E-12   -4.826899E-04 -5.113062E-02   -9.266796E-13  3.607545E-12
 -7.30000000E+03  0.00000000E+00  3.00000000E+01   -3.567813E-12  6.597188E-12   -4.835324E-04 -5.112964E-02   -9.824281E-13  3.732159E-12
 -7.20000000E+03  0.00000000E+00  3.00000000E+01   -3.737455E-12  6.841510E-12   -4.847548E-04 -5.112820E-02   -1.072606E-12  3.927959E-12
 -7.10000000E+03  0.00000000E+00  3.00000000E+01   -3.920197E-12  7.100717E-12   -4.859385E-04 -5.112680E-02   -1.175808E-12  4.133861E-12
 -7.00000000E+03  0.00000000E+00  3.00000000E+01   -4.107825E-12  7.370046E-12   -4.867034E-04 -5.112590E-02   -1.242854E-12  4.280818E-12
 -6.90000000E+03  0.00000000E+00  3.00000000E+01   -4.305889E-12  7.652445E-12   -4.874474E-04 -5.112501E-02   -1.314296E-12  4.433410E-12
 -6.80000000E+03  0.00000000E+00  3.00000000E+01   -4.511946E-12  7.949082E-12   -4.885271E-04 -5.112371E-02   -1.437513E-12  4.674831E-12
 -6.70000000E+03  0.00000000E+00  3.00000000E+01   -4.732215E-12  8.262419E-12   -4.895689E-04 -5.112245E-02   -1.563510E-12  4.932669E-12
 -6.60000000E+03  0.00000000E+00  3.00000000E+01   -4.965361E-12  8.591565E-12   -4.902371E-04 -5.112164E-02   -1.658967E-12  5.113406E-12
 -6.50000000E+03  0.00000000E+00  3.00000000E+01   -5.211831E-12  8.936140E-12   -4.908880E-04 -5.112084E-02   -1.758429E-12  5.304948E-12
 -6.40000000E+03  0.00000000E+00  3.00000000E+01   -5.476508E-12  9.298524E-12   -4.918247E-04 -5.111969E-02   -1.914873E-12  5.606886E-12
 -6.30000000E+03  0.00000000E+00  3.00000000E+01   -5.753176E-12  9.682904E-12   -4.927232E-04 -5.111857E-02   -2.086210E-12  5.929019E-12
 -6.20000000E+03  0.00000000E+00  3.00000000E+01   -6.048939E-12  1.008612E-11   -4.932975E-04 -5.111785E-02   -2.210440E-12  6.159510E-12
 -6.10000000E+03  0.00000000E+00  3.00000000E+01   -6.360246E-12  1.050990E-11   -4.938510E-04 -5.111715E-02   -2.339676E-12  6.398994E-12
 -6.00000000E+03  0.00000000E+00  3.00000000E+01   -6.687984E-12  1.095618E-11   -4.946434E-04 -5.111614E-02   -2.551883E-12  6.781434E-12
 -5.90000000E+03  0.00000000E+00  3.00000000E+01   -7.037926E-12  1.143059E-11   -4.953961E-04 -5.111517E-02   -2.784726E-12  7.190108E-12
 -5.80000000E+03  0.00000000E+00  3.00000000E+01   -7.407408E-12  1.192934E-11   -4.958703E-04 -5.111455E-02   -2.945248E-12  7.479753E-12
 -5.70000000E+03  0.00000000E+00  3.00000000E+01   -7.799983E-12  1.245721E-11   -4.963253E-04 -5.111395E-02   -3.121408E-12  7.786560E-12
 -5.60000000E+03  0.00000000E+00  3.00000000E+01   -8.220091E-12  1.301120E-11   -4.969651E-04 -5.111309E-02   -3.405878E-12  8.278762E-12
 -5.50000000E+03  0.00000000E+00  3.00000000E+01   -8.664403E-12  1.360277E-11   -4.975626E-04 -5.111228E-02   -3.713703E-12  8.804121E-12
 -5.40000000E+03  0.00000000E+00  3.00000000E+01   -9.139800E-12  1.422694E-11   -4.979329E-04 -5.111177E-02   -3.938898E-12  9.179918E-12
 -5.30000000E+03  0.00000000E+00  3.00000000E+01   -9.644729E-12  1.488605E-11   -4.982803E-04 -5.111128E-02   -4.175002E-12  9.575203E-12
 -5.20000000E+03  0.00000000E+00  3.00000000E+01   -1.017675E-11  1.558525E-11   -4.987574E-04 -5.111059E-02   -4.567649E-12  1.021182E-11
 -5.10000000E+03  0.00000000E+00  3.00000000E+01   -1.075495E-11  1.632787E-11   -4.991885E-04 -5.110995E-02   -4.985265E-12  1.090021E-11
 -5.00000000E+03  0.00000000E+00  3.00000000E+01   -1.136602E-11  1.711550E-11   -4.994441E-04 -5.110955E-02   -5.294590E-12  1.139142E-11
 -4.90000000E+03  0.00000000E+00  3.00000000E+01   -1.202238E-11  1.795027E-11   -4.996763E-04 -5.110918E-02   -5.621847E-12  1.191215E-11
 -4.80000000E+03  0.00000000E+00  3.00000000E+01   -1.271516E-11  1.883306E-11   -4.999748E-04 -5.110868E-02   -6.157253E-12  1.275251E-11
 -4.70000000E+03  0.00000000E+00  3.00000000E+01   -1.346256E-11  1.978062E-11   -5.002228E-04 -5.110822E-02   -6.746066E-12  1.366005E-11
 -4.60000000E+03  0.00000000E+00  3.00000000E+01   -1.425748E-11  2.078489E-11   -5.003539E-04 -5.110796E-02   -7.172010E-12  1.431460E-11
 -4.50000000E+03  0.00000000E+00  3.00000000E+01   -1.510392E-11  2.185086E-11   -5.004582E-04 -5.110772E-02   -7.626636E-12  1.500746E-11
 -4.40000000E+03  0.00000000E+00  3.00000000E+01   -1.601386E-11  2.298444E-11   -5.005606E-04 -5.110742E-02   -8.378813E-12  1.613712E-11
 -4.30000000E+03  0.00000000E+00  3.00000000E+01   -1.699241E-11  2.419911E-11   -5.006073E-04 -5.110717E-02   -9.200606E-12  1.736248E-11
 -4.20000000E+03  0.00000000E+00  3.00000000E+01   -1.804024E-11  2.549086E-11   -5.006005E-04 -5.110705E-02   -9.803095E-12  1.824413E-11
 -4.10000000E+03  0.00000000E+00  3.00000000E+01   -1.915623E-11  2.686455E-11   -5.005644E-04 -5.110695E-02   -1.045453E-11  1.918862E-11
 -4.00000000E+03  0.00000000E+00  3.00000000E+01   -2.034817E-11  2.832426E-11   -5.004508E-04 -5.110688E-02   -1.152022E-11  2.072656E-11
 -3.90000000E+03  0.00000000E+00  3.00000000E+01   -2.163625E-11  2.989696E-11   -5.002762E-04 -5.110686E-02   -1.269444E-11  2.240290E-11
 -3.80000000E+03  0.00000000E+00  3.00000000E+01   -2.301448E-11  3.157037E-11   -5.001180E-04 -5.110689E-02   -1.356384E-11  2.362619E-11
 -3.70000000E+03  0.00000000E+00  3.00000000E+01   -2.449063E-11  3.335199E-11   -4.999284E-04 -5.110696E-02   -1.449090E-11  2.492901E-11
 -3.60000000E+03  0.00000000E+00  3.00000000E+01   -2.607159E-11  3.525072E-11   -4.995786E-04 -5.110712E-02   -1.603432E-11  2.706917E-11
 -3.50000000E+03  0.00000000E+00  3.00000000E+01   -2.777678E-11  3.728926E-11   -4.991625E-04 -5.110736E-02   -1.774137E-11  2.941464E-11
 -3.40000000E+03  0.00000000E+00  3.00000000E+01   -2.960432E-11  3.946375E-11   -4.988405E-04 -5.110756E-02   -1.900010E-11  3.112311E-11
 -3.30000000E+03  0.00000000E+00  3.00000000E+01   -3.155698E-11  4.177917E-11   -4.984833E-04 -5.110780E-02   -2.036057E-11  3.296404E-11
 -3.20000000E+03  0.00000000E+00  3.00000000E+01   -3.364153E-11  4.423730E-11   -4.978782E-04 -5.110823E-02   -2.262392E-11  3.599449E-11
 -3.10000000E+03  0.00000000E+00  3.00000000E+01   -3.590062E-11  4.688942E-11   -4.972017E-04 -5.110873E-02   -2.513725E-11  3.932940E-11
 -3.00000000E+03  0.00000000E+00  3.00000000E+01   -3.830825E-11  4.970350E-11   -4.967013E-04 -5.110912E-02   -2.700351E-11  4.178190E-11
 -2.90000000E+03  0.00000000E+00  3.00000000E+01   -4.087219E-11  5.269015E-11   -4.961650E-04 -5.110954E-02   -2.901646E-11  4.441261E-11
 -2.80000000E+03  0.00000000E+00  3.00000000E+01   -4.361311E-11  5.586738E-11   -4.952834E-04 -5.111025E-02   -3.239155E-11  4.878452E-11
 -2.70000000E+03  0.00000000E+00  3.00000000E+01   -4.654777E-11  5.925258E-11   -4.943245E-04 -5.111104E-02   -3.615068E-11  5.361486E-11
 -2.60000000E+03  0.00000000E+00  3.00000000E+01   -4.966849E-11  6.283356E-11   -4.936338E-04 -5.111162E-02   -3.894191E-11  5.716609E-11
 -2.50000000E+03  0.00000000E+00  3.00000000E+01   -5.297651E-11  6.661299E-11   -4.929013E-04 -5.111225E-02   -4.198163E-11  6.101578E-11
 -2.40000000E+03  0.00000000E+00  3.00000000E+01   -5.646150E-11  7.057673E-11   -4.917227E-04 -5.111327E-02   -4.705600E-11  6.739284E-11
 -2.30000000E+03  0.00000000E+00  3.00000000E+01   -6.016432E-11  7.476800E-11   -4.904618E-04 -5.111437E-02   -5.271721E-11  7.445403E-11
 -2.20000000E+03  0.00000000E+00  3.00000000E+01   -6.403167E-11  7.912063E-11   -4.895644E-04 -5.111517E-02   -5.693950E-11  7.968181E-11
 -2.10000000E+03  0.00000000E+00  3.00000000E+01   -6.805267E-11  8.362447E-11   -4.886279E-04 -5.111601E-02   -6.150264E-11  8.530050E-11
 -2.00000000E+03  0.00000000E+00  3.00000000E+01   -7.221379E-11  8.825902E-11   -4.871397E-04 -5.111735E-02   -6.914982E-11  9.465495E-11
 -1.90000000E+03  0.00000000E+00  3.00000000E+01   -7.646034E-11  9.295973E-11   -4.855731E-04 -5.111878E-02   -7.766521E-11  1.050024E-10
 -1.80000000E+03  0.00000000E+00  3.00000000E+01   -8.076018E-11  9.768672E-11   -4.844814E-04 -5.111979E-02   -8.394635E-11  1.125869E-10
 -1.70000000E+03  0.00000000E+00  3.00000000E+01   -8.502732E-11  1.023430E-10   -4.833533E-04 -5.112083E-02   -9.075148E-11  1.207628E-10
 -1.60000000E+03  0.00000000E+00  3.00000000E+01   -8.916201E-11  1.068123E-10   -4.816065E-04 -5.112246E-02   -1.020018E-10  1.342010E-10
 -1.50000000E+03  0.00000000E+00  3.00000000E+01   -9.305229E-11  1.109599E-10   -4.798140E-04 -5.112414E-02   -1.143589E-10  1.488780E-10
 -1.40000000E+03  0.00000000E+00  3.00000000E+01   -9.653478E-11  1.146102E-10   -4.785963E-04 -5.112529E-02   -1.233757E-10  1.595266E-10
 -1.30000000E+03  0.00000000E+00  3.00000000E+01   -9.946344E-11  1.175988E-10   -4.773747E-04 -5.112645E-02   -1.329317E-10  1.707687E-10
 -1.20000000E+03  0.00000000E+00  3.00000000E+01   -1.016836E-10  1.197505E-10   -4.755446E-04 -5.112819E-02   -1.483889E-10  1.888656E-10
 -1.10000000E+03  0.00000000E+00  3.00000000E+01   -1.027368E-10  1.205463E-10   -4.737412E-04 -5.112992E-02   -1.648237E-10  2.080179E-10
 -1.00000000E+03  0.00000000E+00  3.00000000E+01   -1.025627E-10  1.199299E-10   -4.725739E-04 -5.113104E-02   -1.762999E-10  2.213349E-10
 -9.00000000E+02  0.00000000E+00  3.00000000E+01   -1.009107E-10  1.176276E-10   -4.714405E-04 -5.113213E-02   -1.881030E-10  2.349888E-10
 -8.00000000E+02  0.00000000E+00  3.00000000E+01   -9.753254E-11  1.133642E-10   -4.698420E-04 -5.113368E-02   -2.059804E-10  2.556005E-10
 -7.00000000E+02  0.00000000E+00  3.00000000E+01   -9.191278E-11  1.065671E-10   -4.683680E-04 -5.113511E-02   -2.236380E-10  2.758934E-10
 -6.00000000E+02  0.00000000E+00  3.00000000E+01   -8.417761E-11  9.738948E-11   -4.674841E-04 -5.113597E-02   -2.349403E-10  2.888464E-10
 -5.00000000E+02  0.00000000E+00  3.00000000E+01   -7.429929E-11  8.580384E-11   -4.666897E-04 -5.113675E-02   -2.455359E-10  3.009715E-10
 -4.00000000E+02  0.00000000E+00  3.00000000E+01   -6.232720E-11  7.187194E-11   -4.656930E-04 -5.113772E-02   -2.594841E-10  3.168993E-10
 -3.00000000E+02  0.00000000E+00  3.00000000E+01   -4.812382E-11  5.543634E-11   -4.649120E-04 -5.113849E-02   -2.708347E-10  3.298466E-10
 -2.00000000E+02  0.00000000E+00  3.00000000E+01   -3.239342E-11  3.729493E-11   -4.645453E-04 -5.113884E-02   -2.762841E-10  3.360587E-10
 -1.00000000E+02  0.00000000E+00  3.00000000E+01   -1.555345E-11  1.791337E-11   -4.642983E-04 -5.113909E-02   -2.799409E-10  3.402240E-10
  0.00000000E+00  0.00000000E+00  3.00000000E+01    1.873747E-12 -2.124775E-12   -4.641749E-04 -5.113921E-02   -2.815286E-10  3.420369E-10
  1.00000000E+02  0.00000000E+00  3.00000000E+01    1.922622E-11 -2.208014E-11   -4.642998E-04 -5.113908E-02   -2.791618E-10  3.393473E-10
  2.00000000E+02  0.00000000E+00  3.00000000E+01    3.586806E-11 -4.124198E-11   -4.645478E-04 -5.113884E-02   -2.750121E-10  3.346292E-10
  3.00000000E+02  0.00000000E+00  3.00000000E+01    5.129283E-11 -5.904582E-11   -4.649155E-04 -5.113848E-02   -2.691113E-10  3.279101E-10
  4.00000000E+02  0.00000000E+00  3.00000000E+01    6.510908E-11 -7.504876E-11   -4.656979E-04 -5.113771E-02   -2.571982E-10  3.143227E-10
  5.00000000E+02  0.00000000E+00  3.00000000E+01    7.663067E-11 -8.848561E-11   -4.666960E-04 -5.113673E-02   -2.428163E-10  2.978962E-10
  6.00000000E+02  0.00000000E+00  3.00000000E+01    8.603823E-11 -9.955033E-11   -4.674911E-04 -5.113596E-02   -2.320189E-10  2.855403E-10
  7.00000000E+02  0.00000000E+00  3.00000000E+01    9.330592E-11 -1.082095E-10   -4.683758E-04 -5.113509E-02   -2.205796E-10  2.724251E-10
  8.00000000E+02  0.00000000E+00  3.00000000E+01    9.848311E-11 -1.145114E-10   -4.698508E-04 -5.113366E-02   -2.028326E-10  2.520199E-10
  9.00000000E+02  0.00000000E+00  3.00000000E+01    1.014655E-10 -1.183332E-10   -4.714502E-04 -5.113211E-02   -1.849657E-10  2.314089E-10
  1.00000000E+03  0.00000000E+00  3.00000000E+01    1.027731E-10 -1.202456E-10   -4.725841E-04 -5.113102E-02   -1.732211E-10  2.178130E-10
  1.10000000E+03  0.00000000E+00  3.00000000E+01    1.026548E-10 -1.205283E-10   -4.737518E-04 -5.112989E-02   -1.618351E-10  2.045899E-10
  1.20000000E+03  0.00000000E+00  3.00000000E+01    1.013625E-10 -1.194581E-10   -4.755558E-04 -5.112817E-02   -1.455760E-10  1.856266E-10
  1.30000000E+03  0.00000000E+00  3.00000000E+01    9.895884E-11 -1.170939E-10   -4.773863E-04 -5.112642E-02   -1.303209E-10  1.677497E-10
  1.40000000E+03  0.00000000E+00  3.00000000E+01    9.588930E-11 -1.139418E-10   -4.786080E-04 -5.112526E-02   -1.209120E-10  1.566661E-10
  1.50000000E+03  0.00000000E+00  3.00000000E+01    9.230550E-11 -1.101700E-10   -4.798259E-04 -5.112411E-02   -1.120456E-10  1.461783E-10
  1.60000000E+03  0.00000000E+00  3.00000000E+01    8.834511E-11 -1.059377E-10   -4.816184E-04 -5.112243E-02   -9.990459E-11  1.317442E-10
  1.70000000E+03  0.00000000E+00  3.00000000E+01    8.417078E-11 -1.014171E-10   -4.833652E-04 -5.112080E-02   -8.886523E-11  1.185424E-10
  1.80000000E+03  0.00000000E+00  3.00000000E+01    7.988565E-11 -9.673475E-11   -4.844932E-04 -5.111976E-02   -8.219318E-11  1.105153E-10
  1.90000000E+03  0.00000000E+00  3.00000000E+01    7.558176E-11 -9.199935E-11   -4.855849E-04 -5.111875E-02   -7.603910E-11  1.030735E-10
  2.00000000E+03  0.00000000E+00  3.00000000E+01    7.134293E-11 -8.730564E-11   -4.871512E-04 -5.111732E-02   -6.770002E-11  9.292473E-11
  2.10000000E+03  0.00000000E+00  3.00000000E+01    6.720347E-11 -8.269023E-11   -4.886391E-04 -5.111598E-02   -6.021095E-11  8.375178E-11
  2.20000000E+03  0.00000000E+00  3.00000000E+01    6.321144E-11 -7.821451E-11   -4.895754E-04 -5.111514E-02   -5.574694E-11  7.824438E-11
  2.30000000E+03  0.00000000E+00  3.00000000E+01    5.938139E-11 -7.389445E-11   -4.904726E-04 -5.111435E-02   -5.161544E-11  7.311931E-11
  2.40000000E+03  0.00000000E+00  3.00000000E+01    5.571410E-11 -6.974014E-11   -4.917331E-04 -5.111324E-02   -4.607605E-11  6.619705E-11
  2.50000000E+03  0.00000000E+00  3.00000000E+01    5.226664E-11 -6.581532E-11   -4.929113E-04 -5.111222E-02   -4.111186E-11  5.994762E-11
  2.60000000E+03  0.00000000E+00  3.00000000E+01    4.899547E-11 -6.207523E-11   -4.936436E-04 -5.111160E-02   -3.813918E-11  5.617198E-11
  2.70000000E+03  0.00000000E+00  3.00000000E+01    4.591261E-11 -5.853380E-11   -4.943340E-04 -5.111102E-02   -3.541292E-11  5.269170E-11
  2.80000000E+03  0.00000000E+00  3.00000000E+01    4.301226E-11 -5.518991E-11   -4.952925E-04 -5.111023E-02   -3.173197E-11  4.795738E-11
  2.90000000E+03  0.00000000E+00  3.00000000E+01    4.030720E-11 -5.205189E-11   -4.961737E-04 -5.110951E-02   -2.842919E-11  4.366845E-11
  3.00000000E+03  0.00000000E+00  3.00000000E+01    3.777556E-11 -4.910254E-11   -4.967097E-04 -5.110909E-02   -2.645925E-11  4.108937E-11
  3.10000000E+03  0.00000000E+00  3.00000000E+01    3.540235E-11 -4.632441E-11   -4.972098E-04 -5.110871E-02   -2.463284E-11  3.868315E-11
  3.20000000E+03  0.00000000E+00  3.00000000E+01    3.317568E-11 -4.370634E-11   -4.978859E-04 -5.110821E-02   -2.217373E-11  3.541269E-11
  3.30000000E+03  0.00000000E+00  3.00000000E+01    3.112233E-11 -4.128101E-11   -4.984906E-04 -5.110778E-02   -1.995761E-11  3.243833E-11
  3.40000000E+03  0.00000000E+00  3.00000000E+01    2.919731E-11 -3.899688E-11   -4.988475E-04 -5.110754E-02   -1.862514E-11  3.063252E-11
  3.50000000E+03  0.00000000E+00  3.00000000E+01    2.739542E-11 -3.685049E-11   -4.991692E-04 -5.110734E-02   -1.739351E-11  2.895590E-11
  3.60000000E+03  0.00000000E+00  3.00000000E+01    2.571454E-11 -3.483981E-11   -4.995850E-04 -5.110710E-02   -1.572059E-11  2.665164E-11
  3.70000000E+03  0.00000000E+00  3.00000000E+01    2.415934E-11 -3.296566E-11   -4.999345E-04 -5.110694E-02   -1.421032E-11  2.454902E-11
  3.80000000E+03  0.00000000E+00  3.00000000E+01    2.270872E-11 -3.120702E-11   -5.001239E-04 -5.110687E-02   -1.330138E-11  2.327097E-11
  3.90000000E+03  0.00000000E+00  3.00000000E+01    2.134870E-11 -2.955632E-11   -5.002818E-04 -5.110684E-02   -1.245114E-11  2.206889E-11
  4.00000000E+03  0.00000000E+00  3.00000000E+01    2.008260E-11 -2.800526E-11   -5.004560E-04 -5.110686E-02   -1.130006E-11  2.042146E-11
  4.10000000E+03  0.00000000E+00  3.00000000E+01    1.890110E-11 -2.656521E-11   -5.005694E-04 -5.110694E-02   -1.025322E-11  1.890836E-11
  4.20000000E+03  0.00000000E+00  3.00000000E+01    1.779643E-11 -2.520795E-11   -5.006052E-04 -5.110703E-02   -9.619204E-12  1.797913E-11
  4.30000000E+03  0.00000000E+00  3.00000000E+01    1.676703E-11 -2.393278E-11   -5.006119E-04 -5.110715E-02   -9.032184E-12  1.711157E-11
  4.40000000E+03  0.00000000E+00  3.00000000E+01    1.579981E-11 -2.273474E-11   -5.005649E-04 -5.110740E-02   -8.221214E-12  1.590788E-11
  4.50000000E+03  0.00000000E+00  3.00000000E+01    1.490341E-11 -2.161470E-11   -5.004622E-04 -5.110770E-02   -7.483542E-12  1.479635E-11
  4.60000000E+03  0.00000000E+00  3.00000000E+01    1.406697E-11 -2.056365E-11   -5.003578E-04 -5.110794E-02   -7.037054E-12  1.411624E-11
  4.70000000E+03  0.00000000E+00  3.00000000E+01    1.328671E-11 -1.957181E-11   -5.002265E-04 -5.110821E-02   -6.615758E-12  1.347061E-11
  4.80000000E+03  0.00000000E+00  3.00000000E+01    1.254730E-11 -1.863583E-11   -4.999782E-04 -5.110866E-02   -6.042796E-12  1.257690E-11
  4.90000000E+03  0.00000000E+00  3.00000000E+01    1.186762E-11 -1.776358E-11   -4.996796E-04 -5.110917E-02   -5.517035E-12  1.174995E-11
  5.00000000E+03  0.00000000E+00  3.00000000E+01    1.122524E-11 -1.693843E-11   -4.994472E-04 -5.110954E-02   -5.192525E-12  1.123674E-11
  5.10000000E+03  0.00000000E+00  3.00000000E+01    1.061906E-11 -1.615911E-11   -4.991914E-04 -5.110993E-02   -4.895665E-12  1.075417E-11
  5.20000000E+03  0.00000000E+00  3.00000000E+01    1.005240E-11 -1.542467E-11   -4.987601E-04 -5.111058E-02   -4.478887E-12  1.007778E-11
  5.30000000E+03  0.00000000E+00  3.00000000E+01    9.522827E-12 -1.473487E-11   -4.982829E-04 -5.111127E-02   -4.095838E-12  9.448316E-12
  5.40000000E+03  0.00000000E+00  3.00000000E+01    9.026557E-12 -1.408262E-11   -4.979354E-04 -5.111176E-02   -3.862960E-12  9.058846E-12
  5.50000000E+03  0.00000000E+00  3.00000000E+01    8.558487E-12 -1.346703E-11   -4.975650E-04 -5.111227E-02   -3.643325E-12  8.689565E-12
  5.60000000E+03  0.00000000E+00  3.00000000E+01    8.114398E-12 -1.288257E-11   -4.969673E-04 -5.111308E-02   -3.341618E-12  8.171662E-12
  5.70000000E+03  0.00000000E+00  3.00000000E+01    7.699841E-12 -1.233456E-11   -4.963273E-04 -5.111394E-02   -3.061779E-12  7.687057E-12
  5.80000000E+03  0.00000000E+00  3.00000000E+01    7.307488E-12 -1.181398E-11   -4.958723E-04 -5.111454E-02   -2.889565E-12  7.384062E-12
  5.90000000E+03  0.00000000E+00  3.00000000E+01    6.943779E-12 -1.132095E-11   -4.953980E-04 -5.111516E-02   -2.726668E-12  7.099090E-12
  6.00000000E+03  0.00000000E+00  3.00000000E+01    6.595613E-12 -1.085306E-11   -4.946452E-04 -5.111613E-02   -2.502923E-12  6.695665E-12
  6.10000000E+03  0.00000000E+00  3.00000000E+01    6.274314E-12 -1.041091E-11   -4.938526E-04 -5.111714E-02   -2.291926E-12  6.317095E-12
  6.20000000E+03  0.00000000E+00  3.00000000E+01    5.970335E-12 -9.992104E-12   -4.932990E-04 -5.111784E-02   -2.166945E-12  6.081483E-12
  6.30000000E+03  0.00000000E+00  3.00000000E+01    5.682566E-12 -9.593656E-12   -4.927247E-04 -5.111856E-02   -2.043146E-12  5.855307E-12
  6.40000000E+03  0.00000000E+00  3.00000000E+01    5.408118E-12 -9.214088E-12   -4.918260E-04 -5.111968E-02   -1.877220E-12  5.537575E-12
  6.50000000E+03  0.00000000E+00  3.00000000E+01    5.144773E-12 -8.856472E-12   -4.908892E-04 -5.112083E-02   -1.720651E-12  5.239063E-12
  6.60000000E+03  0.00000000E+00  3.00000000E+01    4.903633E-12 -8.515454E-12   -4.902383E-04 -5.112163E-02   -1.625760E-12  5.050011E-12
  6.70000000E+03  0.00000000E+00  3.00000000E+01    4.673595E-12 -8.190428E-12   -4.895700E-04 -5.112244E-02   -1.535699E-12  4.872195E-12
  6.80000000E+03  0.00000000E+00  3.00000000E+01    4.458656E-12 -7.879745E-12   -4.885281E-04 -5.112370E-02   -1.408148E-12  4.618865E-12
  6.90000000E+03  0.00000000E+00  3.00000000E+01    4.251044E-12 -7.586552E-12   -4.874483E-04 -5.112500E-02   -1.291393E-12  4.379587E-12
  7.00000000E+03  0.00000000E+00  3.00000000E+01    4.053646E-12 -7.306685E-12   -4.867043E-04 -5.112589E-02   -1.218015E-12  4.229897E-12
  7.10000000E+03  0.00000000E+00  3.00000000E+01    3.868017E-12 -7.039303E-12   -4.859394E-04 -5.112680E-02   -1.150465E-12  4.084918E-12
  7.20000000E+03  0.00000000E+00  3.00000000E+01    3.694822E-12 -6.783508E-12   -4.847555E-04 -5.112820E-02   -1.052054E-12  3.879549E-12
  7.30000000E+03  0.00000000E+00  3.00000000E+01    3.531397E-12 -6.540243E-12   -4.835330E-04 -5.112963E-02   -9.630795E-13  3.685726E-12
  7.40000000E+03  0.00000000E+00  3.00000000E+01    3.369305E-12 -6.308204E-12   -4.826906E-04 -5.113062E-02   -9.039486E-13  3.564358E-12
  7.50000000E+03  0.00000000E+00  3.00000000E+01    3.215206E-12 -6.085688E-12   -4.818305E-04 -5.113162E-02   -8.516699E-13  3.447768E-12
  7.60000000E+03  0.00000000E+00  3.00000000E+01    3.069545E-12 -5.874322E-12   -4.804982E-04 -5.113316E-02   -7.796446E-13  3.280526E-12
  7.70000000E+03  0.00000000E+00  3.00000000E+01    2.934097E-12 -5.671137E-12   -4.791252E-04 -5.113474E-02   -7.154706E-13  3.122192E-12
  7.80000000E+03  0.00000000E+00  3.00000000E+01    2.807532E-12 -5.477495E-12   -4.781839E-04 -5.113582E-02   -6.685236E-13  3.021952E-12
  7.90000000E+03  0.00000000E+00  3.00000000E+01    2.684963E-12 -5.291087E-12   -4.772192E-04 -5.113692E-02   -6.306508E-13  2.925713E-12
  8.00000000E+03  0.00000000E+00  3.00000000E+01    2.566836E-12 -5.113694E-12   -4.757316E-04 -5.113861E-02   -5.740457E-13  2.789634E-12
  8.10000000E+03  0.00000000E+00  3.00000000E+01    2.453149E-12 -4.945178E-12   -4.742002E-04 -5.114035E-02   -5.187942E-13  2.659890E-12
  8.20000000E+03  0.00000000E+00  3.00000000E+01    2.352785E-12 -4.782735E-12   -4.731477E-04 -5.114153E-02   -4.855312E-13  2.576625E-12
  8.30000000E+03  0.00000000E+00  3.00000000E+01    2.253309E-12 -4.627347E-12   -4.720748E-04 -5.114273E-02   -4.563374E-13  2.498096E-12
  8.40000000E+03  0.00000000E+00  3.00000000E+01    2.160050E-12 -4.476697E-12   -4.704157E-04 -5.114459E-02   -4.131596E-13  2.384801E-12
  8.50000000E+03  0.00000000E+00  3.00000000E+01    2.068568E-12 -4.333684E-12   -4.687082E-04 -5.114648E-02   -3.730648E-13  2.277541E-12
  8.60000000E+03  0.00000000E+00  3.00000000E+01    1.977973E-12 -4.196098E-12   -4.675386E-04 -5.114778E-02   -3.447159E-13  2.208682E-12
  8.70000000E+03  0.00000000E+00  3.00000000E+01    1.898925E-12 -4.063829E-12   -4.663404E-04 -5.114910E-02   -3.224259E-13  2.142616E-12
  8.80000000E+03  0.00000000E+00  3.00000000E+01    1.824318E-12 -3.935720E-12   -4.644934E-04 -5.115112E-02   -2.893928E-13  2.047397E-12
  8.90000000E+03  0.00000000E+00  3.00000000E+01    1.749267E-12 -3.813304E-12   -4.625920E-04 -5.115320E-02   -2.599833E-13  1.957956E-12
  9.00000000E+03  0.00000000E+00  3.00000000E+01    1.675104E-12 -3.695884E-12   -4.612848E-04 -5.115462E-02   -2.390431E-13  1.900718E-12
  9.10000000E+03  0.00000000E+00  3.00000000E+01    1.599609E-12 -3.583207E-12   -4.599518E-04 -5.115606E-02   -2.178864E-13  1.844576E-12
  9.20000000E+03  0.00000000E+00  3.00000000E+01    1.540101E-12 -3.473825E-12   -4.578893E-04 -5.115829E-02   -1.915859E-13  1.766113E-12
  9.30000000E+03  0.00000000E+00  3.00000000E+01    1.478817E-12 -3.369987E-12   -4.557648E-04 -5.116057E-02   -1.677397E-13  1.691107E-12
  9.40000000E+03  0.00000000E+00  3.00000000E+01    1.418421E-12 -3.269413E-12   -4.543084E-04 -5.116213E-02   -1.539700E-13  1.644788E-12
  9.50000000E+03  0.00000000E+00  3.00000000E+01    1.366907E-12 -3.171293E-12   -4.528158E-04 -5.116372E-02   -1.339213E-13  1.596710E-12
  9.60000000E+03  0.00000000E+00  3.00000000E+01    1.316280E-12 -3.076532E-12   -4.505134E-04 -5.116616E-02   -1.206891E-13  1.530051E-12
  9.70000000E+03  0.00000000E+00  3.00000000E+01    1.254108E-12 -2.987569E-12   -4.481433E-04 -5.116867E-02   -9.317301E-14  1.465812E-12
  9.80000000E+03  0.00000000E+00  3.00000000E+01    1.206146E-12 -2.901811E-12   -4.465153E-04 -5.117038E-02   -8.255697E-14  1.426779E-12
  9.90000000E+03  0.00000000E+00  3.00000000E+01    1.169731E-12 -2.818780E-12   -4.448578E-04 -5.117213E-02   -7.615910E-14  1.386471E-12
  1.00000000E+04  0.00000000E+00  3.00000000E+01    1.113776E-12 -2.739246E-12   -4.423043E-04 -5.117480E-02   -6.548915E-14  1.328124E-12
  1.05000000E+04  0.00000000E+00  3.00000000E+01    9.046097E-13 -2.374786E-12   -4.309191E-04 -5.118664E-02   -9.258469E-15  1.111560E-12
