 -1.05000000E+04  0.00000000E+00  3.00000000E+01    5.538586E-15 -9.036583E-15    4.346218E-03 -4.194907E-04
 -1.00000000E+04  0.00000000E+00  3.00000000E+01    6.562935E-15  2.888788E-15    3.138108E-03 -9.312141E-04
 -9.90000000E+03  0.00000000E+00  3.00000000E+01    9.536823E-15 -5.819541E-15    2.939358E-03 -9.821905E-04
 -9.80000000E+03  0.00000000E+00  3.00000000E+01    5.777484E-15 -2.535900E-15    2.752136E-03 -1.021220E-03
 -9.70000000E+03  0.00000000E+00  3.00000000E+01    1.648598E-16 -5.955508E-15    2.575796E-03 -1.050335E-03
 -9.60000000E+03  0.00000000E+00  3.00000000E+01    9.577690E-15 -1.260654E-14    2.410634E-03 -1.070136E-03
 -9.50000000E+03  0.00000000E+00  3.00000000E+01    4.465144E-15 -1.810622E-14    2.255643E-03 -1.082470E-03
 -9.40000000E+03  0.00000000E+00  3.00000000E+01   -3.354941E-15 -3.413494E-15    2.111475E-03 -1.087772E-03
 -9.30000000E+03  0.00000000E+00  3.00000000E+01    7.078435E-15 -1.084761E-14    1.976564E-03 -1.087576E-03
 -9.20000000E+03  0.00000000E+00  3.00000000E+01    3.969200E-15  5.964917E-16    1.850558E-03 -1.082393E-03
 -9.10000000E+03  0.00000000E+00  3.00000000E+01    5.911244E-15 -2.893378E-15    1.732766E-03 -1.073271E-03
 -9.00000000E+03  0.00000000E+00  3.00000000E+01    4.328287E-15 -3.814941E-15    1.623389E-03 -1.060625E-03
 -8.90000000E+03  0.00000000E+00  3.00000000E+01   -1.301032E-15  1.070055E-15    1.520906E-03 -1.045311E-03
 -8.80000000E+03  0.00000000E+00  3.00000000E+01    3.033585E-15  3.292723E-15    1.425736E-03 -1.027588E-03
 -8.70000000E+03  0.00000000E+00  3.00000000E+01   -6.454697E-16  5.805172E-15    1.336929E-03 -1.008085E-03
 -8.60000000E+03  0.00000000E+00  3.00000000E+01    3.544408E-15 -4.867036E-15    1.254527E-03 -9.870800E-04
 -8.50000000E+03  0.00000000E+00  3.00000000E+01    5.364220E-15  2.567288E-15    1.177758E-03 -9.650144E-04
 -8.40000000E+03  0.00000000E+00  3.00000000E+01    6.252580E-15 -3.922063E-15    1.106325E-03 -9.420573E-04
 -8.30000000E+03  0.00000000E+00  3.00000000E+01    5.815633E-15  1.519701E-14    1.039553E-03 -9.185475E-04
 -8.20000000E+03  0.00000000E+00  3.00000000E+01   -2.186188E-15  7.572112E-15    9.777614E-04 -8.947121E-04
 -8.10000000E+03  0.00000000E+00  3.00000000E+01    4.516889E-15  2.277147E-15    9.200797E-04 -8.707007E-04
 -8.00000000E+03  0.00000000E+00  3.00000000E+01    6.517921E-16  7.036588E-15    8.664371E-04 -8.466386E-04
 -7.90000000E+03  0.00000000E+00  3.00000000E+01   -1.074408E-15 -1.133360E-14    8.163109E-04 -8.226842E-04
 -7.80000000E+03  0.00000000E+00  3.00000000E+01   -7.904729E-16  1.246887E-15    7.697918E-04 -7.989819E-04
 -7.70000000E+03  0.00000000E+00  3.00000000E+01    7.845976E-16  4.437364E-15    7.262796E-04 -7.755844E-04
 -7.60000000E+03  0.00000000E+00  3.00000000E+01   -8.848565E-16 -1.806176E-15    6.856442E-04 -7.525366E-04
 -7.50000000E+03  0.00000000E+00  3.00000000E+01    6.979694E-16  8.558673E-15    6.476982E-04 -7.299267E-04
 -7.40000000E+03  0.00000000E+00  3.00000000E+01    4.626637E-15  5.345721E-15    6.124930E-04 -7.078648E-04
 -7.30000000E+03  0.00000000E+00  3.00000000E+01    7.928016E-15 -8.297290E-15    5.794689E-04 -6.862803E-04
 -7.20000000E+03  0.00000000E+00  3.00000000E+01    4.664456E-15 -3.726175E-15    5.486992E-04 -6.652515E-04
 -7.10000000E+03  0.00000000E+00  3.00000000E+01   -2.433093E-15 -1.210168E-15    5.198349E-04 -6.447585E-04
 -7.00000000E+03  0.00000000E+00  3.00000000E+01    8.327556E-16 -8.054258E-15    4.928671E-04 -6.248629E-04
 -6.90000000E+03  0.00000000E+00  3.00000000E+01    5.361343E-15 -5.761855E-15    4.676008E-04 -6.055435E-04
 -6.80000000E+03  0.00000000E+00  3.00000000E+01   -1.729417E-15  6.217297E-15    4.439358E-04 -5.867863E-04
 -6.70000000E+03  0.00000000E+00  3.00000000E+01    5.507741E-15 -1.405006E-14    4.216545E-04 -5.685657E-04
 -6.60000000E+03  0.00000000E+00  3.00000000E+01   -9.162671E-16  4.373363E-16    4.008394E-04 -5.509657E-04
 -6.50000000E+03  0.00000000E+00  3.00000000E+01   -4.534071E-15  1.057787E-14    3.811936E-04 -5.338799E-04
 -6.40000000E+03  0.00000000E+00  3.00000000E+01   -3.749685E-15  1.005423E-15    3.626858E-04 -5.173209E-04
 -6.30000000E+03  0.00000000E+00  3.00000000E+01   -8.168081E-15  1.237811E-14    3.452026E-04 -5.012633E-04
 -6.20000000E+03  0.00000000E+00  3.00000000E+01    2.260611E-15  2.280243E-15    3.288148E-04 -4.857620E-04
 -6.10000000E+03  0.00000000E+00  3.00000000E+01   -5.014684E-16  1.043541E-14    3.133423E-04 -4.707429E-04
 -6.00000000E+03  0.00000000E+00  3.00000000E+01   -5.418575E-15  1.937377E-14    2.987183E-04 -4.561808E-04
 -5.90000000E+03  0.00000000E+00  3.00000000E+01   -6.763729E-15  1.437803E-14    2.848845E-04 -4.420661E-04
 -5.80000000E+03  0.00000000E+00  3.00000000E+01   -1.208521E-14  1.333236E-14    2.718477E-04 -4.284305E-04
 -5.70000000E+03  0.00000000E+00  3.00000000E+01    1.141103E-15  1.061551E-14    2.594346E-04 -4.151776E-04
 -5.60000000E+03  0.00000000E+00  3.00000000E+01   -4.695973E-16  3.629814E-15    2.477030E-04 -4.023445E-04
 -5.50000000E+03  0.00000000E+00  3.00000000E+01    4.542967E-15 -1.114344E-15    2.365561E-04 -3.898866E-04
 -5.40000000E+03  0.00000000E+00  3.00000000E+01    7.466788E-15  4.802777E-15    2.259866E-04 -3.778170E-04
 -5.30000000E+03  0.00000000E+00  3.00000000E+01    6.409209E-15  6.581199E-16    2.159351E-04 -3.661025E-04
 -5.20000000E+03  0.00000000E+00  3.00000000E+01    7.951199E-15 -1.093730E-15    2.063518E-04 -3.547126E-04
 -5.10000000E+03  0.00000000E+00  3.00000000E+01    2.019073E-15 -7.648079E-15    1.971831E-04 -3.436237E-04
 -5.00000000E+03  0.00000000E+00  3.00000000E+01   -5.666419E-15 -1.161692E-15    1.884978E-04 -3.328899E-04
 -4.90000000E+03  0.00000000E+00  3.00000000E+01   -3.634878E-15  6.623350E-16    1.802123E-04 -3.224454E-04
 -4.80000000E+03  0.00000000E+00  3.00000000E+01   -4.451547E-15  5.314032E-15    1.723203E-04 -3.122887E-04
 -4.70000000E+03  0.00000000E+00  3.00000000E+01   -1.053770E-15  6.464742E-15    1.647811E-04 -3.023984E-04
 -4.60000000E+03  0.00000000E+00  3.00000000E+01   -9.222107E-15  5.972047E-15    1.576150E-04 -2.927972E-04
 -4.50000000E+03  0.00000000E+00  3.00000000E+01   -1.029837E-15  1.924485E-15    1.507560E-04 -2.834391E-04
 -4.40000000E+03  0.00000000E+00  3.00000000E+01   -4.516226E-15 -4.558969E-15    1.441834E-04 -2.743050E-04
 -4.30000000E+03  0.00000000E+00  3.00000000E+01    6.247285E-15 -5.365875E-16    1.379024E-04 -2.654027E-04
 -4.20000000E+03  0.00000000E+00  3.00000000E+01    7.542697E-15 -1.108894E-14    1.319231E-04 -2.567495E-04
 -4.10000000E+03  0.00000000E+00  3.00000000E+01    7.758844E-15 -8.363380E-15    1.261706E-04 -2.482836E-04
 -4.00000000E+03  0.00000000E+00  3.00000000E+01    7.218874E-15  1.002196E-14    1.206643E-04 -2.400215E-04
 -3.90000000E+03  0.00000000E+00  3.00000000E+01    8.017584E-15 -2.970042E-15    1.153657E-04 -2.319381E-04
 -3.80000000E+03  0.00000000E+00  3.00000000E+01    7.894882E-15 -1.324515E-14    1.102784E-04 -2.240415E-04
 -3.70000000E+03  0.00000000E+00  3.00000000E+01    2.877693E-15 -8.501566E-15    1.054015E-04 -2.163267E-04
 -3.60000000E+03  0.00000000E+00  3.00000000E+01    1.031077E-15 -1.924133E-15    1.007195E-04 -2.087742E-04
 -3.50000000E+03  0.00000000E+00  3.00000000E+01    2.422053E-15  1.636155E-14    9.621080E-05 -2.013720E-04
 -3.40000000E+03  0.00000000E+00  3.00000000E+01    9.896461E-15 -3.472350E-15    9.189975E-05 -1.941484E-04
 -3.30000000E+03  0.00000000E+00  3.00000000E+01    6.654881E-15 -1.518409E-14    8.773983E-05 -1.870585E-04
 -3.20000000E+03  0.00000000E+00  3.00000000E+01    6.920258E-15  8.249784E-16    8.372351E-05 -1.800965E-04
 -3.10000000E+03  0.00000000E+00  3.00000000E+01    1.106808E-14  3.349526E-16    7.984392E-05 -1.732595E-04
 -3.00000000E+03  0.00000000E+00  3.00000000E+01    1.536849E-14 -8.444188E-15    7.611871E-05 -1.665662E-04
 -2.90000000E+03  0.00000000E+00  3.00000000E+01    6.065670E-15 -1.007716E-14    7.251931E-05 -1.599906E-04
 -2.80000000E+03  0.00000000E+00  3.00000000E+01    1.969058E-14 -1.001568E-14    6.902773E-05 -1.535121E-04
 -2.70000000E+03  0.00000000E+00  3.00000000E+01    1.592319E-14 -5.602819E-15    6.564635E-05 -1.471390E-04
 -2.60000000E+03  0.00000000E+00  3.00000000E+01    1.742950E-14 -1.229674E-14    6.237856E-05 -1.408806E-04
 -2.50000000E+03  0.00000000E+00  3.00000000E+01    1.746881E-14 -8.492876E-15    5.919530E-05 -1.347029E-04
 -2.40000000E+03  0.00000000E+00  3.00000000E+01    1.138680E-14 -6.760106E-15    5.611998E-05 -1.286250E-04
 -2.30000000E+03  0.00000000E+00  3.00000000E+01    1.148767E-14 -3.691544E-15    5.314019E-05 -1.226371E-04
 -2.20000000E+03  0.00000000E+00  3.00000000E+01    1.376826E-14 -5.954785E-15    5.025460E-05 -1.167407E-04
 -2.10000000E+03  0.00000000E+00  3.00000000E+01    1.750763E-14 -1.644157E-14    4.745875E-05 -1.109319E-04
 -2.00000000E+03  0.00000000E+00  3.00000000E+01    2.092180E-14 -5.808142E-15    4.473510E-05 -1.051880E-04
 -1.90000000E+03  0.00000000E+00  3.00000000E+01    1.665968E-14 -4.976397E-15    4.207473E-05 -9.950551E-05
 -1.80000000E+03  0.00000000E+00  3.00000000E+01    1.516089E-14 -1.230743E-14    3.949803E-05 -9.390974E-05
 -1.70000000E+03  0.00000000E+00  3.00000000E+01   -3.285852E-15 -1.490441E-15    3.698462E-05 -8.837422E-05
 -1.60000000E+03  0.00000000E+00  3.00000000E+01    3.721508E-15  5.809370E-15    3.452748E-05 -8.289087E-05
 -1.50000000E+03  0.00000000E+00  3.00000000E+01    8.299870E-16  4.831130E-15    3.212101E-05 -7.745828E-05
 -1.40000000E+03  0.00000000E+00  3.00000000E+01    7.723953E-15 -4.185195E-16    2.976903E-05 -7.208393E-05
 -1.30000000E+03  0.00000000E+00  3.00000000E+01    5.868783E-15 -4.459056E-15    2.745752E-05 -6.675237E-05
 -1.20000000E+03  0.00000000E+00  3.00000000E+01   -6.119669E-16  9.650493E-15    2.517827E-05 -6.144841E-05
 -1.10000000E+03  0.00000000E+00  3.00000000E+01    6.968214E-15  3.496579E-15    2.294505E-05 -5.619030E-05
 -1.00000000E+03  0.00000000E+00  3.00000000E+01    4.500076E-16  9.111949E-16    2.076015E-05 -5.098441E-05
 -9.00000000E+02  0.00000000E+00  3.00000000E+01   -6.572888E-15  2.166281E-14    1.860153E-05 -4.580217E-05
 -8.00000000E+02  0.00000000E+00  3.00000000E+01   -3.171680E-15 -1.831585E-15    1.647425E-05 -4.064906E-05
 -7.00000000E+02  0.00000000E+00  3.00000000E+01   -5.934891E-15  6.332943E-15    1.436817E-05 -3.551751E-05
 -6.00000000E+02  0.00000000E+00  3.00000000E+01   -5.924601E-15  4.061393E-15    1.227929E-05 -3.040584E-05
 -5.00000000E+02  0.00000000E+00  3.00000000E+01   -6.531356E-15  1.257665E-14    1.021467E-05 -2.532097E-05
 -4.00000000E+02  0.00000000E+00  3.00000000E+01   -1.470833E-15 -1.256179E-15    8.160488E-06 -2.024197E-05
 -3.00000000E+02  0.00000000E+00  3.00000000E+01   -4.032455E-15  1.519105E-16    6.112275E-06 -1.516899E-05
 -2.00000000E+02  0.00000000E+00  3.00000000E+01   -5.024021E-15  5.882972E-15    4.078306E-06 -1.011691E-05
 -1.00000000E+02  0.00000000E+00  3.00000000E+01   -1.261017E-14  1.317379E-14    2.043340E-06 -5.063757E-06
  0.00000000E+00  0.00000000E+00  3.00000000E+01   -7.525885E-15  6.552893E-15   -1.282924E-15  1.718738E-15
  1.00000000E+02  0.00000000E+00  3.00000000E+01   -1.035218E-14  3.700634E-15   -2.043340E-06  5.063757E-06
  2.00000000E+02  0.00000000E+00  3.00000000E+01   -1.208947E-14  1.107509E-14   -4.078306E-06  1.011691E-05
  3.00000000E+02  0.00000000E+00  3.00000000E+01   -4.537786E-15 -1.156429E-15   -6.112275E-06  1.516899E-05
  4.00000000E+02  0.00000000E+00  3.00000000E+01   -4.883195E-15 -1.359009E-16   -8.160488E-06  2.024197E-05
  5.00000000E+02  0.00000000E+00  3.00000000E+01   -2.169671E-16  1.016385E-14   -1.021467E-05  2.532097E-05
  6.00000000E+02  0.00000000E+00  3.00000000E+01   -5.715034E-15  7.924059E-15   -1.227929E-05  3.040584E-05
  7.00000000E+02  0.00000000E+00  3.00000000E+01   -3.452069E-15 -2.684887E-15   -1.436817E-05  3.551751E-05
  8.00000000E+02  0.00000000E+00  3.00000000E+01   -5.497154E-16 -3.977553E-15   -1.647425E-05  4.064906E-05
  9.00000000E+02  0.00000000E+00  3.00000000E+01   -7.499671E-15  8.741917E-16   -1.860153E-05  4.580217E-05
  1.00000000E+03  0.00000000E+00  3.00000000E+01   -1.491680E-15  3.286224E-15   -2.076015E-05  5.098441E-05
  1.10000000E+03  0.00000000E+00  3.00000000E+01    9.364459E-16 -6.128694E-15   -2.294505E-05  5.619030E-05
  1.20000000E+03  0.00000000E+00  3.00000000E+01    1.151290E-15 -3.401728E-15   -2.517827E-05  6.144841E-05
  1.30000000E+03  0.00000000E+00  3.00000000E+01   -2.064492E-15 -7.902204E-15   -2.745752E-05  6.675237E-05
  1.40000000E+03  0.00000000E+00  3.00000000E+01   -4.563208E-15  4.521528E-15   -2.976903E-05  7.208393E-05
  1.50000000E+03  0.00000000E+00  3.00000000E+01   -7.705002E-15  2.051853E-14   -3.212101E-05  7.745828E-05
  1.60000000E+03  0.00000000E+00  3.00000000E+01    2.196114E-16  1.590335E-15   -3.452748E-05  8.289087E-05
  1.70000000E+03  0.00000000E+00  3.00000000E+01   -3.687401E-15 -8.682630E-16   -3.698462E-05  8.837422E-05
  1.80000000E+03  0.00000000E+00  3.00000000E+01   -8.195366E-15  4.051145E-15   -3.949803E-05  9.390974E-05
  1.90000000E+03  0.00000000E+00  3.00000000E+01   -1.060344E-14  8.921771E-15   -4.207473E-05  9.950551E-05
  2.00000000E+03  0.00000000E+00  3.00000000E+01    5.363733E-15 -5.767775E-15   -4.473510E-05  1.051880E-04
  2.10000000E+03  0.00000000E+00  3.00000000E+01    5.677363E-15  2.534975E-17   -4.745875E-05  1.109319E-04
  2.20000000E+03  0.00000000E+00  3.00000000E+01    2.468307E-15  6.141800E-15   -5.025460E-05  1.167407E-04
  2.30000000E+03  0.00000000E+00  3.00000000E+01    4.284852E-15  6.378135E-15   -5.314019E-05  1.226371E-04
  2.40000000E+03  0.00000000E+00  3.00000000E+01    2.290168E-15 -4.533671E-15   -5.611998E-05  1.286250E-04
  2.50000000E+03  0.00000000E+00  3.00000000E+01    6.166627E-15  4.740372E-15   -5.919530E-05  1.347029E-04
  2.60000000E+03  0.00000000E+00  3.00000000E+01   -1.879260E-16 -8.405430E-15   -6.237856E-05  1.408806E-04
  2.70000000E+03  0.00000000E+00  3.00000000E+01   -1.158862E-15 -7.217027E-15   -6.564635E-05  1.471390E-04
  2.80000000E+03  0.00000000E+00  3.00000000E+01   -6.594474E-16 -4.772784E-15   -6.902773E-05  1.535121E-04
  2.90000000E+03  0.00000000E+00  3.00000000E+01   -3.335407E-15 -3.025301E-15   -7.251931E-05  1.599906E-04
  3.00000000E+03  0.00000000E+00  3.00000000E+01    2.741936E-15 -3.620998E-15   -7.611871E-05  1.665662E-04
  3.10000000E+03  0.00000000E+00  3.00000000E+01   -4.549157E-15 -1.063880E-14   -7.984392E-05  1.732595E-04
  3.20000000E+03  0.00000000E+00  3.00000000E+01    4.225031E-15 -4.633623E-15   -8.372351E-05  1.800965E-04
  3.30000000E+03  0.00000000E+00  3.00000000E+01    3.608284E-15 -6.739417E-15   -8.773983E-05  1.870585E-04
  3.40000000E+03  0.00000000E+00  3.00000000E+01    1.188774E-14 -1.720114E-14   -9.189975E-05  1.941484E-04
  3.50000000E+03  0.00000000E+00  3.00000000E+01    6.146677E-15 -1.535389E-14   -9.621080E-05  2.013720E-04
  3.60000000E+03  0.00000000E+00  3.00000000E+01    7.533890E-15 -8.819056E-15   -1.007195E-04  2.087742E-04
  3.70000000E+03  0.00000000E+00  3.00000000E+01   -9.271497E-15  4.443734E-15   -1.054015E-04  2.163267E-04
  3.80000000E+03  0.00000000E+00  3.00000000E+01   -1.799138E-15 -3.641319E-15   -1.102784E-04  2.240415E-04
  3.90000000E+03  0.00000000E+00  3.00000000E+01   -5.430886E-15 -4.111488E-15   -1.153657E-04  2.319381E-04
  4.00000000E+03  0.00000000E+00  3.00000000E+01    5.467760E-15 -4.970523E-15   -1.206643E-04  2.400215E-04
  4.10000000E+03  0.00000000E+00  3.00000000E+01    1.022687E-14 -2.222042E-15   -1.261706E-04  2.482836E-04
  4.20000000E+03  0.00000000E+00  3.00000000E+01    1.206266E-14 -6.527817E-15   -1.319231E-04  2.567495E-04
  4.30000000E+03  0.00000000E+00  3.00000000E+01    4.106641E-15 -4.292701E-15   -1.379024E-04  2.654027E-04
  4.40000000E+03  0.00000000E+00  3.00000000E+01    2.390424E-15 -1.464221E-15   -1.441834E-04  2.743050E-04
  4.50000000E+03  0.00000000E+00  3.00000000E+01   -1.602349E-15  2.489300E-15   -1.507560E-04  2.834391E-04
  4.60000000E+03  0.00000000E+00  3.00000000E+01   -5.012561E-15  3.613378E-15   -1.576150E-04  2.927972E-04
  4.70000000E+03  0.00000000E+00  3.00000000E+01   -1.455054E-15  7.089457E-15   -1.647811E-04  3.023984E-04
  4.80000000E+03  0.00000000E+00  3.00000000E+01   -1.917078E-15 -2.161847E-15   -1.723203E-04  3.122887E-04
  4.90000000E+03  0.00000000E+00  3.00000000E+01   -3.444859E-15  7.925794E-15   -1.802123E-04  3.224454E-04
  5.00000000E+03  0.00000000E+00  3.00000000E+01   -9.233283E-15  8.243142E-15   -1.884978E-04  3.328899E-04
  5.10000000E+03  0.00000000E+00  3.00000000E+01   -3.302684E-15  1.914902E-15   -1.971831E-04  3.436237E-04
  5.20000000E+03  0.00000000E+00  3.00000000E+01   -1.608256E-15  4.759697E-15   -2.063518E-04  3.547126E-04
  5.30000000E+03  0.00000000E+00  3.00000000E+01    4.122759E-15 -7.694556E-15   -2.159351E-04  3.661025E-04
  5.40000000E+03  0.00000000E+00  3.00000000E+01    2.938901E-15  2.506449E-15   -2.259866E-04  3.778170E-04
  5.50000000E+03  0.00000000E+00  3.00000000E+01   -9.103858E-16  4.441918E-16   -2.365561E-04  3.898866E-04
  5.60000000E+03  0.00000000E+00  3.00000000E+01    1.962157E-15 -6.914179E-15   -2.477030E-04  4.023445E-04
  5.70000000E+03  0.00000000E+00  3.00000000E+01    5.497325E-15  1.284235E-14   -2.594346E-04  4.151776E-04
  5.80000000E+03  0.00000000E+00  3.00000000E+01    5.900908E-15  4.835848E-16   -2.718477E-04  4.284305E-04
  5.90000000E+03  0.00000000E+00  3.00000000E+01    1.842535E-15  6.302311E-15   -2.848845E-04  4.420661E-04
  6.00000000E+03  0.00000000E+00  3.00000000E+01    1.210467E-14 -1.559526E-14   -2.987183E-04  4.561808E-04
  6.10000000E+03  0.00000000E+00  3.00000000E+01    7.559087E-15 -3.881895E-15   -3.133423E-04  4.707429E-04
  6.20000000E+03  0.00000000E+00  3.00000000E+01    4.468486E-15 -9.849508E-15   -3.288148E-04  4.857620E-04
  6.30000000E+03  0.00000000E+00  3.00000000E+01    7.914891E-15 -6.028764E-15   -3.452026E-04  5.012633E-04
  6.40000000E+03  0.00000000E+00  3.00000000E+01    1.497163E-15 -5.555028E-15   -3.626858E-04  5.173209E-04
  6.50000000E+03  0.00000000E+00  3.00000000E+01    1.285354E-15 -8.276880E-15   -3.811936E-04  5.338799E-04
  6.60000000E+03  0.00000000E+00  3.00000000E+01    5.010114E-15 -3.604471E-15   -4.008394E-04  5.509657E-04
  6.70000000E+03  0.00000000E+00  3.00000000E+01   -8.041956E-15  9.763918E-15   -4.216545E-04  5.685657E-04
  6.80000000E+03  0.00000000E+00  3.00000000E+01    6.180649E-15 -1.608351E-14   -4.439358E-04  5.867863E-04
  6.90000000E+03  0.00000000E+00  3.00000000E+01    5.505027E-15 -2.299298E-15   -4.676008E-04  6.055435E-04
  7.00000000E+03  0.00000000E+00  3.00000000E+01    4.479478E-15 -1.210655E-14   -4.928671E-04  6.248629E-04
  7.10000000E+03  0.00000000E+00  3.00000000E+01   -6.524965E-16  5.840394E-15   -5.198349E-04  6.447585E-04
  7.20000000E+03  0.00000000E+00  3.00000000E+01   -5.336512E-15  1.218573E-15   -5.486992E-04  6.652515E-04
  7.30000000E+03  0.00000000E+00  3.00000000E+01    2.767660E-15 -1.041396E-14   -5.794689E-04  6.862803E-04
  7.40000000E+03  0.00000000E+00  3.00000000E+01   -2.343481E-15 -9.877307E-15   -6.124930E-04  7.078648E-04
  7.50000000E+03  0.00000000E+00  3.00000000E+01   -3.063545E-17 -4.930257E-15   -6.476982E-04  7.299267E-04
  7.60000000E+03  0.00000000E+00  3.00000000E+01    4.311089E-15 -1.562509E-15   -6.856442E-04  7.525366E-04
  7.70000000E+03  0.00000000E+00  3.00000000E+01    5.597416E-15 -1.096639E-14   -7.262796E-04  7.755844E-04
  7.80000000E+03  0.00000000E+00  3.00000000E+01    1.446698E-15  3.527482E-15   -7.697918E-04  7.989819E-04
  7.90000000E+03  0.00000000E+00  3.00000000E+01   -9.111831E-15  9.022460E-15   -8.163109E-04  8.226842E-04
  8.00000000E+03  0.00000000E+00  3.00000000E+01    1.876051E-15  8.968368E-15   -8.664371E-04  8.466386E-04
  8.10000000E+03  0.00000000E+00  3.00000000E+01   -5.386927E-15  8.309429E-16   -9.200797E-04  8.707007E-04
  8.20000000E+03  0.00000000E+00  3.00000000E+01   -1.207727E-15 -6.464048E-15   -9.777614E-04  8.947121E-04
  8.30000000E+03  0.00000000E+00  3.00000000E+01   -6.273175E-15 -1.157354E-14   -1.039553E-03  9.185475E-04
  8.40000000E+03  0.00000000E+00  3.00000000E+01    1.407924E-15 -8.605898E-15   -1.106325E-03  9.420573E-04
  8.50000000E+03  0.00000000E+00  3.00000000E+01   -2.732618E-15 -4.700757E-15   -1.177758E-03  9.650144E-04
  8.60000000E+03  0.00000000E+00  3.00000000E+01    2.522145E-15 -2.918093E-15   -1.254527E-03  9.870800E-04
  8.70000000E+03  0.00000000E+00  3.00000000E+01   -5.477920E-15  3.430686E-15   -1.336929E-03  1.008085E-03
  8.80000000E+03  0.00000000E+00  3.00000000E+01    3.289356E-16  2.367245E-15   -1.425736E-03  1.027588E-03
  8.90000000E+03  0.00000000E+00  3.00000000E+01   -3.714344E-15  7.059532E-15   -1.520906E-03  1.045311E-03
  9.00000000E+03  0.00000000E+00  3.00000000E+01   -2.289086E-15  2.273322E-15   -1.623389E-03  1.060625E-03
  9.10000000E+03  0.00000000E+00  3.00000000E+01    3.191501E-16  1.267292E-16   -1.732766E-03  1.073271E-03
  9.20000000E+03  0.00000000E+00  3.00000000E+01   -3.454926E-15  5.615120E-15   -1.850558E-03  1.082393E-03
  9.30000000E+03  0.00000000E+00  3.00000000E+01   -3.160286E-15 -7.488512E-15   -1.976564E-03  1.087576E-03
  9.40000000E+03  0.00000000E+00  3.00000000E+01    2.592598E-15 -2.102748E-15   -2.111475E-03  1.087772E-03
  9.50000000E+03  0.00000000E+00  3.00000000E+01   -4.431328E-15 -9.799450E-15   -2.255643E-03  1.082470E-03
  9.60000000E+03  0.00000000E+00  3.00000000E+01   -7.474196E-15 -2.951974E-16   -2.410634E-03  1.070136E-03
  9.70000000E+03  0.00000000E+00  3.00000000E+01   -2.970337E-15  8.928946E-16   -2.575796E-03  1.050335E-03
  9.80000000E+03  0.00000000E+00  3.00000000E+01   -1.283131E-14  1.228393E-14   -2.752136E-03  1.021220E-03
  9.90000000E+03  0.00000000E+00  3.00000000E+01   -3.256620E-15  7.959630E-15   -2.939358E-03  9.821905E-04
  1.00000000E+04  0.00000000E+00  3.00000000E+01   -1.782132E-15 -1.260310E-14   -3.138108E-03  9.312141E-04
  1.05000000E+04  0.00000000E+00  3.00000000E+01   -2.701980E-16 -3.117963E-15   -4.346218E-03  4.194907E-04
 
