 -1.05000000E+04  0.00000000E+00  3.00000000E+01    3.973828E-04  1.190227E-03    6.062442E-18  1.660492E-18    2.226402E-06  5.006287E-06
 -1.00000000E+04  0.00000000E+00  3.00000000E+01    3.968369E-04  1.195259E-03    1.003621E-17  1.261455E-17    2.358359E-06  3.381310E-06
 -9.90000000E+03  0.00000000E+00  3.00000000E+01    3.967887E-04  1.196102E-03    9.555547E-19  1.284409E-18    2.341104E-06  3.126049E-06
 -9.80000000E+03  0.00000000E+00  3.00000000E+01    3.967569E-04  1.196900E-03    9.548098E-18 -6.717363E-19    2.314228E-06  2.888855E-06
 -9.70000000E+03  0.00000000E+00  3.00000000E+01    3.967411E-04  1.197655E-03    9.227038E-18  8.137502E-18    2.279863E-06  2.668204E-06
 -9.60000000E+03  0.00000000E+00  3.00000000E+01    3.967387E-04  1.198374E-03   -3.429884E-18 -5.750359E-18    2.238815E-06  2.464276E-06
 -9.50000000E+03  0.00000000E+00  3.00000000E+01    3.967493E-04  1.199055E-03   -9.034566E-19 -1.513811E-17    2.192865E-06  2.275170E-06
 -9.40000000E+03  0.00000000E+00  3.00000000E+01    3.967709E-04  1.199704E-03    1.103772E-17 -7.305253E-18    2.142777E-06  2.101549E-06
 -9.30000000E+03  0.00000000E+00  3.00000000E+01    3.968031E-04  1.200321E-03   -9.809545E-18 -1.129624E-18    2.089747E-06  1.940958E-06
 -9.20000000E+03  0.00000000E+00  3.00000000E+01    3.968440E-04  1.200910E-03    5.732070E-18  1.644250E-18    2.034240E-06  1.792813E-06
 -9.10000000E+03  0.00000000E+00  3.00000000E+01    3.968934E-04  1.201471E-03    3.884823E-18  1.553100E-18    1.977227E-06  1.655894E-06
 -9.00000000E+03  0.00000000E+00  3.00000000E+01    3.969496E-04  1.202007E-03    2.508065E-18  4.876951E-18    1.919282E-06  1.530311E-06
 -8.90000000E+03  0.00000000E+00  3.00000000E+01    3.970124E-04  1.202518E-03    1.655365E-17 -1.827341E-18    1.860823E-06  1.413915E-06
 -8.80000000E+03  0.00000000E+00  3.00000000E+01    3.970805E-04  1.203007E-03   -9.650105E-18 -3.022956E-18    1.802327E-06  1.307134E-06
 -8.70000000E+03  0.00000000E+00  3.00000000E+01    3.971536E-04  1.203472E-03    2.248691E-17 -1.378997E-18    1.744169E-06  1.208593E-06
 -8.60000000E+03  0.00000000E+00  3.00000000E+01    3.972308E-04  1.203919E-03    1.151897E-18  6.525183E-18    1.686701E-06  1.118250E-06
 -8.50000000E+03  0.00000000E+00  3.00000000E+01    3.973117E-04  1.204344E-03   -1.108405E-17 -1.080331E-17    1.630147E-06  1.035015E-06
 -8.40000000E+03  0.00000000E+00  3.00000000E+01    3.973955E-04  1.204753E-03   -2.874246E-18  6.774168E-18    1.574595E-06  9.584791E-07
 -8.30000000E+03  0.00000000E+00  3.00000000E+01    3.974820E-04  1.205142E-03    6.664175E-18  9.014916E-18    1.520184E-06  8.877035E-07
 -8.20000000E+03  0.00000000E+00  3.00000000E+01    3.975703E-04  1.205516E-03   -8.566960E-18 -1.407436E-18    1.467319E-06  8.229961E-07
 -8.10000000E+03  0.00000000E+00  3.00000000E+01    3.976605E-04  1.205873E-03   -7.378371E-18  4.780486E-18    1.415834E-06  7.632563E-07
 -8.00000000E+03  0.00000000E+00  3.00000000E+01    3.977520E-04  1.206216E-03   -5.814704E-18  5.702685E-18    1.365856E-06  7.083582E-07
 -7.90000000E+03  0.00000000E+00  3.00000000E+01    3.978443E-04  1.206544E-03    1.428003E-17  2.237406E-18    1.317369E-06  6.576145E-07
 -7.80000000E+03  0.00000000E+00  3.00000000E+01    3.979372E-04  1.206858E-03    5.810567E-19  7.340360E-18    1.270587E-06  6.110850E-07
 -7.70000000E+03  0.00000000E+00  3.00000000E+01    3.980306E-04  1.207159E-03   -2.969110E-18  6.245017E-18    1.225336E-06  5.680289E-07
 -7.60000000E+03  0.00000000E+00  3.00000000E+01    3.981240E-04  1.207448E-03    8.299226E-18  2.398993E-18    1.181621E-06  5.282770E-07
 -7.50000000E+03  0.00000000E+00  3.00000000E+01    3.982173E-04  1.207725E-03   -1.953350E-17 -6.858320E-19    1.139475E-06  4.915719E-07
 -7.40000000E+03  0.00000000E+00  3.00000000E+01    3.983103E-04  1.207991E-03   -5.215874E-18 -5.700441E-18    1.099057E-06  4.579362E-07
 -7.30000000E+03  0.00000000E+00  3.00000000E+01    3.984027E-04  1.208246E-03    2.156566E-17  7.587544E-18    1.060057E-06  4.267248E-07
 -7.20000000E+03  0.00000000E+00  3.00000000E+01    3.984946E-04  1.208491E-03    7.596348E-18  4.167772E-18    1.022604E-06  3.979987E-07
 -7.10000000E+03  0.00000000E+00  3.00000000E+01    3.985857E-04  1.208725E-03   -3.502181E-18  1.014389E-17    9.865346E-07  3.713461E-07
 -7.00000000E+03  0.00000000E+00  3.00000000E+01    3.986758E-04  1.208951E-03    3.460566E-17  7.009336E-18    9.519228E-07  3.467345E-07
 -6.90000000E+03  0.00000000E+00  3.00000000E+01    3.987649E-04  1.209168E-03    2.174240E-17  8.425059E-18    9.186664E-07  3.239383E-07
 -6.80000000E+03  0.00000000E+00  3.00000000E+01    3.988530E-04  1.209376E-03    1.164638E-17 -4.162671E-18    8.867106E-07  3.028439E-07
 -6.70000000E+03  0.00000000E+00  3.00000000E+01    3.989399E-04  1.209576E-03    1.548837E-17 -1.816824E-18    8.559383E-07  2.831998E-07
 -6.60000000E+03  0.00000000E+00  3.00000000E+01    3.990255E-04  1.209769E-03   -2.574953E-18  4.026751E-18    8.264863E-07  2.650736E-07
 -6.50000000E+03  0.00000000E+00  3.00000000E+01    3.991098E-04  1.209954E-03    7.944417E-18  3.674130E-18    7.981081E-07  2.481500E-07
 -6.40000000E+03  0.00000000E+00  3.00000000E+01    3.991928E-04  1.210132E-03    5.304446E-18  7.289927E-18    7.708082E-07  2.323870E-07
 -6.30000000E+03  0.00000000E+00  3.00000000E+01    3.992743E-04  1.210303E-03    2.552961E-18  9.930544E-19    7.445112E-07  2.176583E-07
 -6.20000000E+03  0.00000000E+00  3.00000000E+01    3.993544E-04  1.210468E-03    5.602257E-18  4.269439E-18    7.193130E-07  2.040287E-07
 -6.10000000E+03  0.00000000E+00  3.00000000E+01    3.994330E-04  1.210627E-03    1.277336E-17 -6.207712E-18    6.950532E-07  1.913103E-07
 -6.00000000E+03  0.00000000E+00  3.00000000E+01    3.995102E-04  1.210780E-03   -5.313172E-18 -5.285857E-18    6.716754E-07  1.794332E-07
 -5.90000000E+03  0.00000000E+00  3.00000000E+01    3.995858E-04  1.210927E-03    6.676889E-18  4.353355E-18    6.491454E-07  1.683309E-07
 -5.80000000E+03  0.00000000E+00  3.00000000E+01    3.996600E-04  1.211068E-03    7.260039E-19  2.176638E-18    6.275053E-07  1.579996E-07
 -5.70000000E+03  0.00000000E+00  3.00000000E+01    3.997326E-04  1.211205E-03    3.768592E-19  5.626131E-18    6.065696E-07  1.482684E-07
 -5.60000000E+03  0.00000000E+00  3.00000000E+01    3.998038E-04  1.211336E-03   -1.751502E-19  9.438878E-18    5.864071E-07  1.391928E-07
 -5.50000000E+03  0.00000000E+00  3.00000000E+01    3.998733E-04  1.211463E-03   -1.843448E-17 -2.345347E-19    5.669256E-07  1.306737E-07
 -5.40000000E+03  0.00000000E+00  3.00000000E+01    3.999414E-04  1.211585E-03   -1.945532E-18 -4.876188E-20    5.481389E-07  1.226973E-07
 -5.30000000E+03  0.00000000E+00  3.00000000E+01    4.000079E-04  1.211703E-03    6.955450E-18  1.074957E-18    5.299831E-07  1.152053E-07
 -5.20000000E+03  0.00000000E+00  3.00000000E+01    4.000730E-04  1.211816E-03   -6.169161E-18  2.633109E-19    5.124022E-07  1.081495E-07
 -5.10000000E+03  0.00000000E+00  3.00000000E+01    4.001364E-04  1.211925E-03    1.774059E-17 -8.116366E-18    4.953463E-07  1.014748E-07
 -5.00000000E+03  0.00000000E+00  3.00000000E+01    4.001984E-04  1.212031E-03    4.511682E-18 -3.690135E-18    4.789093E-07  9.524309E-08
 -4.90000000E+03  0.00000000E+00  3.00000000E+01    4.002588E-04  1.212132E-03   -6.189096E-18 -7.667277E-18    4.629779E-07  8.937943E-08
 -4.80000000E+03  0.00000000E+00  3.00000000E+01    4.003179E-04  1.212230E-03   -2.159405E-18 -6.156433E-18    4.475485E-07  8.387707E-08
 -4.70000000E+03  0.00000000E+00  3.00000000E+01    4.003753E-04  1.212324E-03   -1.362476E-17 -5.039938E-18    4.325791E-07  7.869532E-08
 -4.60000000E+03  0.00000000E+00  3.00000000E+01    4.004314E-04  1.212415E-03   -1.591670E-18 -8.242534E-18    4.181058E-07  7.384966E-08
 -4.50000000E+03  0.00000000E+00  3.00000000E+01    4.004860E-04  1.212503E-03    2.065501E-17 -1.225973E-18    4.040464E-07  6.927861E-08
 -4.40000000E+03  0.00000000E+00  3.00000000E+01    4.005392E-04  1.212587E-03    4.866643E-18  6.199844E-18    3.903698E-07  6.496499E-08
 -4.30000000E+03  0.00000000E+00  3.00000000E+01    4.005909E-04  1.212668E-03   -5.995954E-18 -2.930544E-18    3.770879E-07  6.091195E-08
 -4.20000000E+03  0.00000000E+00  3.00000000E+01    4.006413E-04  1.212747E-03   -3.876479E-18  8.122749E-19    3.642260E-07  5.712484E-08
 -4.10000000E+03  0.00000000E+00  3.00000000E+01    4.006902E-04  1.212822E-03   -1.305569E-17  8.585346E-18    3.516792E-07  5.353773E-08
 -4.00000000E+03  0.00000000E+00  3.00000000E+01    4.007378E-04  1.212895E-03   -2.551385E-18 -1.184803E-17    3.394756E-07  5.016739E-08
 -3.90000000E+03  0.00000000E+00  3.00000000E+01    4.007840E-04  1.212965E-03   -1.282185E-17 -1.078706E-17    3.275694E-07  4.697748E-08
 -3.80000000E+03  0.00000000E+00  3.00000000E+01    4.008289E-04  1.213032E-03   -3.489622E-18 -5.012405E-18    3.159723E-07  4.396903E-08
 -3.70000000E+03  0.00000000E+00  3.00000000E+01    4.008724E-04  1.213097E-03    2.047853E-17 -1.165145E-18    3.046778E-07  4.114282E-08
 -3.60000000E+03  0.00000000E+00  3.00000000E+01    4.009146E-04  1.213159E-03    9.140074E-18 -5.219356E-18    2.936563E-07  3.848821E-08
 -3.50000000E+03  0.00000000E+00  3.00000000E+01    4.009554E-04  1.213219E-03   -1.689466E-17 -3.107208E-18    2.828846E-07  3.598361E-08
 -3.40000000E+03  0.00000000E+00  3.00000000E+01    4.009950E-04  1.213277E-03    1.678082E-17 -1.590090E-18    2.724071E-07  3.364732E-08
 -3.30000000E+03  0.00000000E+00  3.00000000E+01    4.010333E-04  1.213332E-03   -5.862508E-18  1.055169E-17    2.621507E-07  3.144087E-08
 -3.20000000E+03  0.00000000E+00  3.00000000E+01    4.010703E-04  1.213385E-03    9.113084E-18  1.604901E-18    2.521055E-07  2.935753E-08
 -3.10000000E+03  0.00000000E+00  3.00000000E+01    4.011061E-04  1.213436E-03   -2.979793E-17  8.542199E-18    2.422653E-07  2.739007E-08
 -3.00000000E+03  0.00000000E+00  3.00000000E+01    4.011406E-04  1.213485E-03   -7.950654E-18 -1.071808E-17    2.326599E-07  2.555248E-08
 -2.90000000E+03  0.00000000E+00  3.00000000E+01    4.011739E-04  1.213532E-03    3.498345E-18 -1.083080E-17    2.232466E-07  2.382048E-08
 -2.80000000E+03  0.00000000E+00  3.00000000E+01    4.012059E-04  1.213577E-03   -2.402449E-18  4.740616E-18    2.139931E-07  2.218051E-08
 -2.70000000E+03  0.00000000E+00  3.00000000E+01    4.012367E-04  1.213620E-03   -1.089870E-17 -5.646334E-18    2.049106E-07  2.063215E-08
 -2.60000000E+03  0.00000000E+00  3.00000000E+01    4.012664E-04  1.213661E-03    7.303406E-18  6.608958E-19    1.960117E-07  1.917578E-08
 -2.50000000E+03  0.00000000E+00  3.00000000E+01    4.012948E-04  1.213700E-03    4.845672E-18 -1.126519E-18    1.872437E-07  1.778978E-08
 -2.40000000E+03  0.00000000E+00  3.00000000E+01    4.013220E-04  1.213737E-03   -1.525484E-17 -6.378820E-18    1.786392E-07  1.649489E-08
 -2.30000000E+03  0.00000000E+00  3.00000000E+01    4.013480E-04  1.213773E-03    1.671086E-17 -4.794376E-19    1.701812E-07  1.527999E-08
 -2.20000000E+03  0.00000000E+00  3.00000000E+01    4.013729E-04  1.213807E-03    1.177779E-17  6.398416E-18    1.618715E-07  1.414283E-08
 -2.10000000E+03  0.00000000E+00  3.00000000E+01    4.013966E-04  1.213839E-03   -2.240975E-17  2.613149E-18    1.537032E-07  1.307960E-08
 -2.00000000E+03  0.00000000E+00  3.00000000E+01    4.014191E-04  1.213869E-03   -7.983475E-19  7.738268E-18    1.456419E-07  1.207810E-08
 -1.90000000E+03  0.00000000E+00  3.00000000E+01    4.014405E-04  1.213898E-03   -1.035532E-17  1.346146E-17    1.376800E-07  1.112888E-08
 -1.80000000E+03  0.00000000E+00  3.00000000E+01    4.014608E-04  1.213925E-03   -3.720418E-18  1.675035E-18    1.298563E-07  1.024657E-08
 -1.70000000E+03  0.00000000E+00  3.00000000E+01    4.014799E-04  1.213950E-03   -9.116512E-18 -8.721948E-19    1.221305E-07  9.417028E-09
 -1.60000000E+03  0.00000000E+00  3.00000000E+01    4.014979E-04  1.213974E-03   -1.514339E-17  2.078398E-18    1.144901E-07  8.634957E-09
 -1.50000000E+03  0.00000000E+00  3.00000000E+01    4.015148E-04  1.213997E-03   -7.172792E-19  2.096023E-18    1.069311E-07  7.894151E-09
 -1.40000000E+03  0.00000000E+00  3.00000000E+01    4.015306E-04  1.214017E-03    5.870316E-20  8.263715E-18    9.946432E-08  7.196227E-09
 -1.30000000E+03  0.00000000E+00  3.00000000E+01    4.015452E-04  1.214037E-03   -9.526284E-18 -3.969285E-18    9.206526E-08  6.530336E-09
 -1.20000000E+03  0.00000000E+00  3.00000000E+01    4.015588E-04  1.214054E-03    1.114014E-17  8.528831E-18    8.471227E-08  5.892648E-09
 -1.10000000E+03  0.00000000E+00  3.00000000E+01    4.015712E-04  1.214071E-03    2.015255E-17  5.973353E-18    7.743307E-08  5.292502E-09
 -1.00000000E+03  0.00000000E+00  3.00000000E+01    4.015826E-04  1.214086E-03    3.448287E-18  5.687795E-18    7.023636E-08  4.730149E-09
 -9.00000000E+02  0.00000000E+00  3.00000000E+01    4.015928E-04  1.214099E-03    1.517051E-17  8.817668E-18    6.307861E-08  4.190277E-09
 -8.00000000E+02  0.00000000E+00  3.00000000E+01    4.016020E-04  1.214111E-03    1.171632E-17  4.852388E-18    5.596856E-08  3.676827E-09
 -7.00000000E+02  0.00000000E+00  3.00000000E+01    4.016101E-04  1.214121E-03    7.932185E-18  1.739238E-17    4.889297E-08  3.180508E-09
 -6.00000000E+02  0.00000000E+00  3.00000000E+01    4.016171E-04  1.214131E-03    3.171852E-20  1.298692E-17    4.184823E-08  2.697156E-09
 -5.00000000E+02  0.00000000E+00  3.00000000E+01    4.016230E-04  1.214138E-03    6.193347E-18  1.709504E-17    3.484561E-08  2.232538E-09
 -4.00000000E+02  0.00000000E+00  3.00000000E+01    4.016279E-04  1.214144E-03    6.223981E-18  1.066454E-17    2.785416E-08  1.778270E-09
 -3.00000000E+02  0.00000000E+00  3.00000000E+01    4.016317E-04  1.214149E-03    2.322406E-17  1.225936E-17    2.087230E-08  1.328869E-09
 -2.00000000E+02  0.00000000E+00  3.00000000E+01    4.016344E-04  1.214153E-03    9.798362E-18  1.347080E-17    1.392146E-08  8.883884E-10
 -1.00000000E+02  0.00000000E+00  3.00000000E+01    4.016360E-04  1.214155E-03   -4.690852E-18  1.458361E-17    6.968864E-09  4.471448E-10
  0.00000000E+00  0.00000000E+00  3.00000000E+01    4.016366E-04  1.214156E-03    1.190853E-17  6.394546E-18   -2.602085E-18 -8.673617E-19
  1.00000000E+02  0.00000000E+00  3.00000000E+01    4.016360E-04  1.214155E-03    1.373242E-17  4.980680E-18   -6.968864E-09 -4.471448E-10
  2.00000000E+02  0.00000000E+00  3.00000000E+01    4.016344E-04  1.214153E-03    6.009010E-18  5.883319E-18   -1.392146E-08 -8.883884E-10
  3.00000000E+02  0.00000000E+00  3.00000000E+01    4.016317E-04  1.214149E-03   -2.576578E-18 -1.721778E-18   -2.087230E-08 -1.328869E-09
  4.00000000E+02  0.00000000E+00  3.00000000E+01    4.016279E-04  1.214144E-03   -8.161529E-18 -9.051251E-18   -2.785416E-08 -1.778270E-09
  5.00000000E+02  0.00000000E+00  3.00000000E+01    4.016230E-04  1.214138E-03   -3.899982E-18  1.579871E-19   -3.484561E-08 -2.232538E-09
  6.00000000E+02  0.00000000E+00  3.00000000E+01    4.016171E-04  1.214131E-03   -8.920786E-18 -3.054866E-18   -4.184823E-08 -2.697156E-09
  7.00000000E+02  0.00000000E+00  3.00000000E+01    4.016101E-04  1.214121E-03    7.604210E-18 -2.252941E-18   -4.889297E-08 -3.180508E-09
  8.00000000E+02  0.00000000E+00  3.00000000E+01    4.016020E-04  1.214111E-03    1.015153E-17  4.609386E-18   -5.596856E-08 -3.676827E-09
  9.00000000E+02  0.00000000E+00  3.00000000E+01    4.015928E-04  1.214099E-03    4.702644E-18 -9.848022E-19   -6.307861E-08 -4.190277E-09
  1.00000000E+03  0.00000000E+00  3.00000000E+01    4.015826E-04  1.214086E-03    3.983248E-18  9.117186E-18   -7.023636E-08 -4.730149E-09
  1.10000000E+03  0.00000000E+00  3.00000000E+01    4.015712E-04  1.214071E-03   -1.499664E-17  1.837688E-18   -7.743307E-08 -5.292502E-09
  1.20000000E+03  0.00000000E+00  3.00000000E+01    4.015588E-04  1.214054E-03    1.814547E-17 -1.675760E-18   -8.471227E-08 -5.892648E-09
  1.30000000E+03  0.00000000E+00  3.00000000E+01    4.015452E-04  1.214037E-03    1.424426E-18  1.207671E-18   -9.206526E-08 -6.530336E-09
  1.40000000E+03  0.00000000E+00  3.00000000E+01    4.015306E-04  1.214017E-03    4.009316E-18 -1.262935E-18   -9.946432E-08 -7.196227E-09
  1.50000000E+03  0.00000000E+00  3.00000000E+01    4.015148E-04  1.213997E-03    3.413133E-17 -3.454799E-18   -1.069311E-07 -7.894151E-09
  1.60000000E+03  0.00000000E+00  3.00000000E+01    4.014979E-04  1.213974E-03    6.573023E-18  1.074322E-17   -1.144901E-07 -8.634957E-09
  1.70000000E+03  0.00000000E+00  3.00000000E+01    4.014799E-04  1.213950E-03    1.300564E-17  1.628284E-17   -1.221305E-07 -9.417028E-09
  1.80000000E+03  0.00000000E+00  3.00000000E+01    4.014608E-04  1.213925E-03    1.490080E-17  1.505830E-17   -1.298563E-07 -1.024657E-08
  1.90000000E+03  0.00000000E+00  3.00000000E+01    4.014405E-04  1.213898E-03   -1.509706E-17  2.912404E-18   -1.376800E-07 -1.112888E-08
  2.00000000E+03  0.00000000E+00  3.00000000E+01    4.014191E-04  1.213869E-03   -7.759560E-18  8.139251E-18   -1.456419E-07 -1.207810E-08
  2.10000000E+03  0.00000000E+00  3.00000000E+01    4.013966E-04  1.213839E-03   -5.633571E-18  7.664912E-18   -1.537032E-07 -1.307960E-08
  2.20000000E+03  0.00000000E+00  3.00000000E+01    4.013729E-04  1.213807E-03    3.733407E-18  1.637064E-18   -1.618715E-07 -1.414283E-08
  2.30000000E+03  0.00000000E+00  3.00000000E+01    4.013480E-04  1.213773E-03   -1.719621E-17 -1.808141E-18   -1.701812E-07 -1.527999E-08
  2.40000000E+03  0.00000000E+00  3.00000000E+01    4.013220E-04  1.213737E-03    2.246595E-18  7.188950E-18   -1.786392E-07 -1.649489E-08
  2.50000000E+03  0.00000000E+00  3.00000000E+01    4.012948E-04  1.213700E-03   -3.025276E-18  1.292409E-17   -1.872437E-07 -1.778978E-08
  2.60000000E+03  0.00000000E+00  3.00000000E+01    4.012664E-04  1.213661E-03   -2.486100E-19  3.207610E-18   -1.960117E-07 -1.917578E-08
  2.70000000E+03  0.00000000E+00  3.00000000E+01    4.012367E-04  1.213620E-03    1.479503E-17  9.792273E-18   -2.049106E-07 -2.063215E-08
  2.80000000E+03  0.00000000E+00  3.00000000E+01    4.012059E-04  1.213577E-03    5.662335E-18  3.684112E-18   -2.139931E-07 -2.218051E-08
  2.90000000E+03  0.00000000E+00  3.00000000E+01    4.011739E-04  1.213532E-03   -8.377184E-18  3.083704E-18   -2.232466E-07 -2.382048E-08
  3.00000000E+03  0.00000000E+00  3.00000000E+01    4.011406E-04  1.213485E-03   -5.331856E-18  4.386125E-18   -2.326599E-07 -2.555248E-08
  3.10000000E+03  0.00000000E+00  3.00000000E+01    4.011061E-04  1.213436E-03    6.244686E-18  7.219639E-18   -2.422653E-07 -2.739007E-08
  3.20000000E+03  0.00000000E+00  3.00000000E+01    4.010703E-04  1.213385E-03    1.441835E-18 -4.911262E-18   -2.521055E-07 -2.935753E-08
  3.30000000E+03  0.00000000E+00  3.00000000E+01    4.010333E-04  1.213332E-03    5.320158E-18 -9.800596E-18   -2.621507E-07 -3.144087E-08
  3.40000000E+03  0.00000000E+00  3.00000000E+01    4.009950E-04  1.213277E-03   -1.083604E-17 -2.390240E-18   -2.724071E-07 -3.364732E-08
  3.50000000E+03  0.00000000E+00  3.00000000E+01    4.009554E-04  1.213219E-03   -1.283532E-17 -4.699601E-18   -2.828846E-07 -3.598361E-08
  3.60000000E+03  0.00000000E+00  3.00000000E+01    4.009146E-04  1.213159E-03   -2.121098E-17 -3.832565E-18   -2.936563E-07 -3.848821E-08
  3.70000000E+03  0.00000000E+00  3.00000000E+01    4.008724E-04  1.213097E-03    5.128968E-18  2.690590E-18   -3.046778E-07 -4.114282E-08
  3.80000000E+03  0.00000000E+00  3.00000000E+01    4.008289E-04  1.213032E-03   -6.646473E-18 -5.330999E-18   -3.159723E-07 -4.396903E-08
  3.90000000E+03  0.00000000E+00  3.00000000E+01    4.007840E-04  1.212965E-03    1.184929E-18 -6.533173E-18   -3.275694E-07 -4.697748E-08
  4.00000000E+03  0.00000000E+00  3.00000000E+01    4.007378E-04  1.212895E-03   -9.215239E-18 -1.153249E-17   -3.394756E-07 -5.016739E-08
  4.10000000E+03  0.00000000E+00  3.00000000E+01    4.006902E-04  1.212822E-03    1.447522E-17 -5.115792E-20   -3.516792E-07 -5.353773E-08
  4.20000000E+03  0.00000000E+00  3.00000000E+01    4.006413E-04  1.212747E-03    7.950094E-18  2.246453E-18   -3.642260E-07 -5.712484E-08
  4.30000000E+03  0.00000000E+00  3.00000000E+01    4.005909E-04  1.212668E-03   -1.292282E-17 -9.888911E-18   -3.770879E-07 -6.091195E-08
  4.40000000E+03  0.00000000E+00  3.00000000E+01    4.005392E-04  1.212587E-03    9.599137E-18  6.078173E-18   -3.903698E-07 -6.496499E-08
  4.50000000E+03  0.00000000E+00  3.00000000E+01    4.004860E-04  1.212503E-03   -3.661292E-18 -1.887275E-18   -4.040464E-07 -6.927861E-08
  4.60000000E+03  0.00000000E+00  3.00000000E+01    4.004314E-04  1.212415E-03    8.083004E-18 -2.272236E-18   -4.181058E-07 -7.384966E-08
  4.70000000E+03  0.00000000E+00  3.00000000E+01    4.003753E-04  1.212324E-03   -2.233230E-17 -9.901205E-18   -4.325791E-07 -7.869532E-08
  4.80000000E+03  0.00000000E+00  3.00000000E+01    4.003179E-04  1.212230E-03   -2.891478E-18  1.183364E-18   -4.475485E-07 -8.387707E-08
  4.90000000E+03  0.00000000E+00  3.00000000E+01    4.002588E-04  1.212132E-03    1.373133E-18 -4.908613E-18   -4.629779E-07 -8.937943E-08
  5.00000000E+03  0.00000000E+00  3.00000000E+01    4.001984E-04  1.212031E-03    2.021386E-17 -2.173433E-18   -4.789093E-07 -9.524309E-08
  5.10000000E+03  0.00000000E+00  3.00000000E+01    4.001364E-04  1.211925E-03   -1.823658E-17  1.130102E-17   -4.953463E-07 -1.014748E-07
  5.20000000E+03  0.00000000E+00  3.00000000E+01    4.000730E-04  1.211816E-03    2.740932E-18  8.250537E-18   -5.124022E-07 -1.081495E-07
  5.30000000E+03  0.00000000E+00  3.00000000E+01    4.000079E-04  1.211703E-03   -5.725398E-18 -3.717917E-18   -5.299831E-07 -1.152053E-07
  5.40000000E+03  0.00000000E+00  3.00000000E+01    3.999414E-04  1.211585E-03    1.042680E-17  1.108003E-17   -5.481389E-07 -1.226973E-07
  5.50000000E+03  0.00000000E+00  3.00000000E+01    3.998733E-04  1.211463E-03   -5.320988E-18  1.476145E-17   -5.669256E-07 -1.306737E-07
  5.60000000E+03  0.00000000E+00  3.00000000E+01    3.998038E-04  1.211336E-03   -2.965594E-18 -4.291328E-19   -5.864071E-07 -1.391928E-07
  5.70000000E+03  0.00000000E+00  3.00000000E+01    3.997326E-04  1.211205E-03   -2.237939E-17  1.034021E-17   -6.065696E-07 -1.482684E-07
  5.80000000E+03  0.00000000E+00  3.00000000E+01    3.996600E-04  1.211068E-03    2.894877E-17  6.343294E-18   -6.275053E-07 -1.579996E-07
  5.90000000E+03  0.00000000E+00  3.00000000E+01    3.995858E-04  1.210927E-03   -2.073837E-17  2.069528E-17   -6.491454E-07 -1.683309E-07
  6.00000000E+03  0.00000000E+00  3.00000000E+01    3.995102E-04  1.210780E-03   -9.499984E-19 -4.716377E-18   -6.716754E-07 -1.794332E-07
  6.10000000E+03  0.00000000E+00  3.00000000E+01    3.994330E-04  1.210627E-03    1.756736E-17 -3.656517E-18   -6.950532E-07 -1.913103E-07
  6.20000000E+03  0.00000000E+00  3.00000000E+01    3.993544E-04  1.210468E-03   -5.509879E-19 -2.189841E-18   -7.193130E-07 -2.040287E-07
  6.30000000E+03  0.00000000E+00  3.00000000E+01    3.992743E-04  1.210303E-03   -1.743836E-17 -2.222688E-19   -7.445112E-07 -2.176583E-07
  6.40000000E+03  0.00000000E+00  3.00000000E+01    3.991928E-04  1.210132E-03   -1.763350E-19 -3.192265E-18   -7.708082E-07 -2.323870E-07
  6.50000000E+03  0.00000000E+00  3.00000000E+01    3.991098E-04  1.209954E-03    1.440743E-17  4.543222E-18   -7.981081E-07 -2.481500E-07
  6.60000000E+03  0.00000000E+00  3.00000000E+01    3.990255E-04  1.209769E-03   -1.848259E-18 -2.810298E-18   -8.264863E-07 -2.650736E-07
  6.70000000E+03  0.00000000E+00  3.00000000E+01    3.989399E-04  1.209576E-03    6.162782E-19  8.387134E-19   -8.559383E-07 -2.831998E-07
  6.80000000E+03  0.00000000E+00  3.00000000E+01    3.988530E-04  1.209376E-03   -5.831552E-18  5.510780E-18   -8.867106E-07 -3.028439E-07
  6.90000000E+03  0.00000000E+00  3.00000000E+01    3.987649E-04  1.209168E-03    1.871601E-17  8.875233E-18   -9.186664E-07 -3.239383E-07
  7.00000000E+03  0.00000000E+00  3.00000000E+01    3.986758E-04  1.208951E-03   -2.258752E-18  5.017448E-18   -9.519228E-07 -3.467345E-07
  7.10000000E+03  0.00000000E+00  3.00000000E+01    3.985857E-04  1.208725E-03   -1.184757E-17  8.699439E-19   -9.865346E-07 -3.713461E-07
  7.20000000E+03  0.00000000E+00  3.00000000E+01    3.984946E-04  1.208491E-03   -1.183179E-17 -1.907637E-18   -1.022604E-06 -3.979987E-07
  7.30000000E+03  0.00000000E+00  3.00000000E+01    3.984027E-04  1.208246E-03   -8.313682E-18 -1.097028E-17   -1.060057E-06 -4.267248E-07
  7.40000000E+03  0.00000000E+00  3.00000000E+01    3.983103E-04  1.207991E-03    1.643229E-17 -2.510940E-19   -1.099057E-06 -4.579362E-07
  7.50000000E+03  0.00000000E+00  3.00000000E+01    3.982173E-04  1.207725E-03    2.775772E-19  2.483791E-18   -1.139475E-06 -4.915719E-07
  7.60000000E+03  0.00000000E+00  3.00000000E+01    3.981240E-04  1.207448E-03    1.597330E-17  4.951840E-18   -1.181621E-06 -5.282770E-07
  7.70000000E+03  0.00000000E+00  3.00000000E+01    3.980306E-04  1.207159E-03    2.641128E-17  3.017700E-18   -1.225336E-06 -5.680289E-07
  7.80000000E+03  0.00000000E+00  3.00000000E+01    3.979372E-04  1.206858E-03    2.127309E-17  6.089583E-18   -1.270587E-06 -6.110850E-07
  7.90000000E+03  0.00000000E+00  3.00000000E+01    3.978443E-04  1.206544E-03   -7.948550E-19  3.577026E-18   -1.317369E-06 -6.576145E-07
  8.00000000E+03  0.00000000E+00  3.00000000E+01    3.977520E-04  1.206216E-03   -5.824601E-18 -4.565778E-18   -1.365856E-06 -7.083582E-07
  8.10000000E+03  0.00000000E+00  3.00000000E+01    3.976605E-04  1.205873E-03    8.387705E-18 -1.253092E-17   -1.415834E-06 -7.632563E-07
  8.20000000E+03  0.00000000E+00  3.00000000E+01    3.975703E-04  1.205516E-03   -2.228490E-18 -2.539601E-18   -1.467319E-06 -8.229961E-07
  8.30000000E+03  0.00000000E+00  3.00000000E+01    3.974820E-04  1.205142E-03   -2.292669E-17 -1.569532E-17   -1.520184E-06 -8.877035E-07
  8.40000000E+03  0.00000000E+00  3.00000000E+01    3.973955E-04  1.204753E-03    7.390807E-21 -1.608047E-18   -1.574595E-06 -9.584791E-07
  8.50000000E+03  0.00000000E+00  3.00000000E+01    3.973117E-04  1.204344E-03    4.276430E-18  1.340061E-18   -1.630147E-06 -1.035015E-06
  8.60000000E+03  0.00000000E+00  3.00000000E+01    3.972308E-04  1.203919E-03   -1.611526E-17 -9.997431E-19   -1.686701E-06 -1.118250E-06
  8.70000000E+03  0.00000000E+00  3.00000000E+01    3.971536E-04  1.203472E-03    4.553454E-18 -2.303114E-18   -1.744169E-06 -1.208593E-06
  8.80000000E+03  0.00000000E+00  3.00000000E+01    3.970805E-04  1.203007E-03    1.448905E-18  6.428637E-18   -1.802327E-06 -1.307134E-06
  8.90000000E+03  0.00000000E+00  3.00000000E+01    3.970124E-04  1.202518E-03   -6.167131E-18  5.485498E-18   -1.860823E-06 -1.413915E-06
  9.00000000E+03  0.00000000E+00  3.00000000E+01    3.969496E-04  1.202007E-03   -3.116013E-18  7.077878E-18   -1.919282E-06 -1.530311E-06
  9.10000000E+03  0.00000000E+00  3.00000000E+01    3.968934E-04  1.201471E-03    2.228671E-17  3.050934E-18   -1.977227E-06 -1.655894E-06
  9.20000000E+03  0.00000000E+00  3.00000000E+01    3.968440E-04  1.200910E-03    2.593086E-18 -2.975233E-18   -2.034240E-06 -1.792813E-06
  9.30000000E+03  0.00000000E+00  3.00000000E+01    3.968031E-04  1.200321E-03    3.197163E-17  8.425467E-18   -2.089747E-06 -1.940958E-06
  9.40000000E+03  0.00000000E+00  3.00000000E+01    3.967709E-04  1.199704E-03   -1.035159E-18 -5.110324E-18   -2.142777E-06 -2.101549E-06
  9.50000000E+03  0.00000000E+00  3.00000000E+01    3.967493E-04  1.199055E-03   -7.473550E-19 -8.457270E-18   -2.192865E-06 -2.275170E-06
  9.60000000E+03  0.00000000E+00  3.00000000E+01    3.967387E-04  1.198374E-03    1.019628E-17 -6.374881E-18   -2.238815E-06 -2.464276E-06
  9.70000000E+03  0.00000000E+00  3.00000000E+01    3.967411E-04  1.197655E-03    1.749418E-17 -2.431725E-18   -2.279863E-06 -2.668204E-06
  9.80000000E+03  0.00000000E+00  3.00000000E+01    3.967569E-04  1.196900E-03    1.750537E-17 -9.815667E-19   -2.314228E-06 -2.888855E-06
  9.90000000E+03  0.00000000E+00  3.00000000E+01    3.967887E-04  1.196102E-03    4.745523E-18  2.054758E-18   -2.341104E-06 -3.126049E-06
  1.00000000E+04  0.00000000E+00  3.00000000E+01    3.968369E-04  1.195259E-03   -3.497354E-18  1.157433E-17   -2.358359E-06 -3.381310E-06
  1.05000000E+04  0.00000000E+00  3.00000000E+01    3.973828E-04  1.190227E-03    1.012611E-17  7.819852E-18   -2.226402E-06 -5.006287E-06
