 -1.05000000E+04  0.00000000E+00  3.00000000E+01   -3.469447E-18  1.127570E-17   -3.887507E-04 -1.152346E-03   -1.257675E-17 -2.818926E-18
 -1.00000000E+04  0.00000000E+00  3.00000000E+01    2.775558E-17  8.673617E-18   -3.888271E-04 -1.150667E-03    8.673617E-19 -8.673617E-18
 -9.90000000E+03  0.00000000E+00  3.00000000E+01   -5.204170E-18  9.974660E-18   -3.888317E-04 -1.150369E-03   -1.040834E-17 -8.673617E-18
 -9.80000000E+03  0.00000000E+00  3.00000000E+01   -1.561251E-17  1.734723E-18   -3.888317E-04 -1.150087E-03   -5.204170E-18 -5.637851E-18
 -9.70000000E+03  0.00000000E+00  3.00000000E+01   -1.474515E-17  1.040834E-17   -3.888276E-04 -1.149817E-03   -6.938894E-18  2.168404E-18
 -9.60000000E+03  0.00000000E+00  3.00000000E+01   -5.204170E-18  1.301043E-17   -3.888194E-04 -1.149560E-03   -1.821460E-17 -6.071532E-18
 -9.50000000E+03  0.00000000E+00  3.00000000E+01   -9.540979E-18  1.474515E-17   -3.888077E-04 -1.149316E-03   -2.255141E-17  1.951564E-18
 -9.40000000E+03  0.00000000E+00  3.00000000E+01    1.734723E-18  1.127570E-17   -3.887926E-04 -1.149083E-03   -2.602085E-18  5.204170E-18
 -9.30000000E+03  0.00000000E+00  3.00000000E+01    1.127570E-17  1.214306E-17   -3.887747E-04 -1.148862E-03   -1.517883E-17 -3.903128E-18
 -9.20000000E+03  0.00000000E+00  3.00000000E+01   -8.673617E-18  6.071532E-18   -3.887542E-04 -1.148651E-03   -8.673617E-19 -4.770490E-18
 -9.10000000E+03  0.00000000E+00  3.00000000E+01   -1.387779E-17  6.505213E-18   -3.887316E-04 -1.148449E-03   -5.637851E-18 -5.637851E-18
 -9.00000000E+03  0.00000000E+00  3.00000000E+01   -8.673617E-18  5.204170E-18   -3.887070E-04 -1.148258E-03   -6.071532E-18 -3.469447E-18
 -8.90000000E+03  0.00000000E+00  3.00000000E+01   -1.734723E-18  3.035766E-18   -3.886807E-04 -1.148075E-03    1.734723E-18  1.084202E-18
 -8.80000000E+03  0.00000000E+00  3.00000000E+01    3.469447E-18 -3.469447E-18   -3.886531E-04 -1.147900E-03    2.602085E-18 -4.770490E-18
 -8.70000000E+03  0.00000000E+00  3.00000000E+01    1.301043E-17  7.806256E-18   -3.886242E-04 -1.147733E-03    6.938894E-18 -1.517883E-18
 -8.60000000E+03  0.00000000E+00  3.00000000E+01    8.673617E-18  1.301043E-17   -3.885944E-04 -1.147573E-03   -6.938894E-18 -2.168404E-18
 -8.50000000E+03  0.00000000E+00  3.00000000E+01    4.336809E-18  8.673617E-19   -3.885638E-04 -1.147420E-03    8.673617E-19 -7.155734E-18
 -8.40000000E+03  0.00000000E+00  3.00000000E+01   -1.040834E-17  1.734723E-18   -3.885325E-04 -1.147274E-03   -6.938894E-18 -5.637851E-18
 -8.30000000E+03  0.00000000E+00  3.00000000E+01    3.469447E-18  1.734723E-18   -3.885008E-04 -1.147134E-03    1.517883E-17 -1.257675E-17
 -8.20000000E+03  0.00000000E+00  3.00000000E+01    3.469447E-18  3.469447E-18   -3.884687E-04 -1.147001E-03    9.540979E-18 -4.336809E-19
 -8.10000000E+03  0.00000000E+00  3.00000000E+01    9.540979E-18  1.734723E-18   -3.884363E-04 -1.146872E-03    8.673617E-19 -6.071532E-18
 -8.00000000E+03  0.00000000E+00  3.00000000E+01   -1.214306E-17  8.673617E-19   -3.884038E-04 -1.146749E-03    7.806256E-18 -3.469447E-18
 -7.90000000E+03  0.00000000E+00  3.00000000E+01   -1.734723E-18  3.469447E-18   -3.883712E-04 -1.146631E-03   -1.257675E-17  5.637851E-18
 -7.80000000E+03  0.00000000E+00  3.00000000E+01   -8.673617E-18  6.071532E-18   -3.883386E-04 -1.146518E-03    1.734723E-18  4.336809E-19
 -7.70000000E+03  0.00000000E+00  3.00000000E+01   -2.168404E-17  4.987330E-18   -3.883061E-04 -1.146409E-03    4.770490E-18 -2.602085E-18
 -7.60000000E+03  0.00000000E+00  3.00000000E+01   -1.908196E-17  6.938894E-18   -3.882738E-04 -1.146305E-03   -1.734723E-18  1.734723E-18
 -7.50000000E+03  0.00000000E+00  3.00000000E+01   -8.673617E-19  3.469447E-18   -3.882416E-04 -1.146204E-03    9.540979E-18 -4.119968E-18
 -7.40000000E+03  0.00000000E+00  3.00000000E+01    0.000000E+00  8.673617E-18   -3.882097E-04 -1.146108E-03    4.336809E-18 -7.372575E-18
 -7.30000000E+03  0.00000000E+00  3.00000000E+01   -1.734723E-18  1.539567E-17   -3.881781E-04 -1.146016E-03   -1.257675E-17 -5.854692E-18
 -7.20000000E+03  0.00000000E+00  3.00000000E+01    1.040834E-17  4.770490E-18   -3.881468E-04 -1.145927E-03   -6.071532E-18 -3.903128E-18
 -7.10000000E+03  0.00000000E+00  3.00000000E+01    1.127570E-17  4.336809E-18   -3.881159E-04 -1.145841E-03   -4.336809E-19  3.252607E-18
 -7.00000000E+03  0.00000000E+00  3.00000000E+01    1.127570E-17  7.806256E-18   -3.880853E-04 -1.145758E-03   -9.540979E-18  2.168404E-18
 -6.90000000E+03  0.00000000E+00  3.00000000E+01    3.035766E-18  1.105886E-17   -3.880552E-04 -1.145679E-03   -8.673617E-18 -3.903128E-18
 -6.80000000E+03  0.00000000E+00  3.00000000E+01    1.301043E-17  1.170938E-17   -3.880254E-04 -1.145603E-03    7.806256E-18 -4.336809E-19
 -6.70000000E+03  0.00000000E+00  3.00000000E+01    2.515349E-17  1.149254E-17   -3.879961E-04 -1.145529E-03   -1.821460E-17 -8.673617E-19
 -6.60000000E+03  0.00000000E+00  3.00000000E+01    2.428613E-17  2.168404E-18   -3.879673E-04 -1.145458E-03    8.673617E-19  8.673617E-19
 -6.50000000E+03  0.00000000E+00  3.00000000E+01    9.540979E-18 -1.084202E-18   -3.879390E-04 -1.145390E-03    1.387779E-17  1.084202E-18
 -6.40000000E+03  0.00000000E+00  3.00000000E+01   -1.734723E-18 -6.505213E-18   -3.879111E-04 -1.145324E-03    2.602085E-18  3.903128E-18
 -6.30000000E+03  0.00000000E+00  3.00000000E+01    2.168404E-18  4.119968E-18   -3.878837E-04 -1.145260E-03    1.734723E-17  4.553649E-18
 -6.20000000E+03  0.00000000E+00  3.00000000E+01   -5.204170E-18  3.903128E-18   -3.878568E-04 -1.145199E-03    1.734723E-18 -3.469447E-18
 -6.10000000E+03  0.00000000E+00  3.00000000E+01   -6.505213E-18  1.301043E-18   -3.878304E-04 -1.145140E-03    1.214306E-17 -3.469447E-18
 -6.00000000E+03  0.00000000E+00  3.00000000E+01   -1.127570E-17  7.806256E-18   -3.878045E-04 -1.145083E-03    2.428613E-17 -1.301043E-18
 -5.90000000E+03  0.00000000E+00  3.00000000E+01   -3.035766E-18 -7.372575E-18   -3.877791E-04 -1.145028E-03    1.908196E-17  2.168404E-18
 -5.80000000E+03  0.00000000E+00  3.00000000E+01   -1.214306E-17  3.035766E-18   -3.877543E-04 -1.144976E-03    1.994932E-17  8.673617E-18
 -5.70000000E+03  0.00000000E+00  3.00000000E+01   -4.770490E-18 -2.168404E-18   -3.877299E-04 -1.144924E-03    1.170938E-17 -5.421011E-18
 -5.60000000E+03  0.00000000E+00  3.00000000E+01   -5.204170E-18  8.673617E-19   -3.877060E-04 -1.144875E-03    4.336809E-18 -8.673617E-19
 -5.50000000E+03  0.00000000E+00  3.00000000E+01    4.336809E-18  4.336809E-19   -3.876827E-04 -1.144827E-03   -3.035766E-18 -4.770490E-18
 -5.40000000E+03  0.00000000E+00  3.00000000E+01   -4.336809E-18 -1.301043E-18   -3.876598E-04 -1.144782E-03    2.602085E-18 -1.040834E-17
 -5.30000000E+03  0.00000000E+00  3.00000000E+01   -9.540979E-18 -4.336809E-18   -3.876375E-04 -1.144737E-03   -1.734723E-18 -7.589415E-18
 -5.20000000E+03  0.00000000E+00  3.00000000E+01   -1.214306E-17 -8.673617E-19   -3.876157E-04 -1.144694E-03   -4.336809E-18 -8.673617E-18
 -5.10000000E+03  0.00000000E+00  3.00000000E+01    8.673617E-19 -1.214306E-17   -3.875943E-04 -1.144653E-03   -9.540979E-18  6.505213E-19
 -5.00000000E+03  0.00000000E+00  3.00000000E+01   -5.204170E-18  5.637851E-18   -3.875735E-04 -1.144613E-03    8.673617E-19  6.938894E-18
 -4.90000000E+03  0.00000000E+00  3.00000000E+01    3.469447E-18  3.035766E-18   -3.875531E-04 -1.144575E-03    2.168404E-18  3.903128E-18
 -4.80000000E+03  0.00000000E+00  3.00000000E+01   -1.734723E-18 -2.168404E-18   -3.875333E-04 -1.144537E-03    7.806256E-18  3.035766E-18
 -4.70000000E+03  0.00000000E+00  3.00000000E+01    3.469447E-18 -5.204170E-18   -3.875139E-04 -1.144502E-03    7.806256E-18 -1.301043E-18
 -4.60000000E+03  0.00000000E+00  3.00000000E+01    8.673617E-19 -4.336809E-19   -3.874950E-04 -1.144467E-03    1.040834E-17  8.239937E-18
 -4.50000000E+03  0.00000000E+00  3.00000000E+01   -1.301043E-18  2.818926E-18   -3.874766E-04 -1.144434E-03    2.602085E-18  4.336809E-19
 -4.40000000E+03  0.00000000E+00  3.00000000E+01   -1.474515E-17  4.336809E-19   -3.874586E-04 -1.144401E-03   -3.469447E-18  6.938894E-18
 -4.30000000E+03  0.00000000E+00  3.00000000E+01   -9.107298E-18  0.000000E+00   -3.874412E-04 -1.144370E-03   -3.035766E-18 -6.938894E-18
 -4.20000000E+03  0.00000000E+00  3.00000000E+01    3.469447E-18 -4.770490E-18   -3.874242E-04 -1.144340E-03   -1.561251E-17 -4.336809E-18
 -4.10000000E+03  0.00000000E+00  3.00000000E+01   -3.035766E-18 -8.673617E-19   -3.874076E-04 -1.144311E-03   -1.257675E-17 -5.637851E-18
 -4.00000000E+03  0.00000000E+00  3.00000000E+01    4.336809E-18  6.938894E-18   -3.873916E-04 -1.144284E-03    8.673617E-18 -1.214306E-17
 -3.90000000E+03  0.00000000E+00  3.00000000E+01   -3.469447E-18 -2.168404E-18   -3.873759E-04 -1.144257E-03   -6.505213E-18 -8.023096E-18
 -3.80000000E+03  0.00000000E+00  3.00000000E+01   -8.673617E-19 -3.686287E-18   -3.873608E-04 -1.144231E-03   -1.821460E-17 -3.903128E-18
 -3.70000000E+03  0.00000000E+00  3.00000000E+01    1.734723E-18  0.000000E+00   -3.873461E-04 -1.144206E-03   -1.084202E-17  0.000000E+00
 -3.60000000E+03  0.00000000E+00  3.00000000E+01   -5.204170E-18 -3.035766E-18   -3.873318E-04 -1.144182E-03   -2.602085E-18 -4.336809E-19
 -3.50000000E+03  0.00000000E+00  3.00000000E+01   -6.505213E-18 -2.818926E-18   -3.873180E-04 -1.144159E-03    1.778092E-17 -9.107298E-18
 -3.40000000E+03  0.00000000E+00  3.00000000E+01   -1.517883E-17  4.770490E-18   -3.873046E-04 -1.144137E-03   -7.806256E-18 -9.974660E-18
 -3.30000000E+03  0.00000000E+00  3.00000000E+01    7.155734E-18 -1.192622E-18   -3.872916E-04 -1.144115E-03   -1.994932E-17 -1.734723E-18
 -3.20000000E+03  0.00000000E+00  3.00000000E+01    1.691355E-17  4.336809E-19   -3.872791E-04 -1.144095E-03   -1.734723E-18 -8.239937E-18
 -3.10000000E+03  0.00000000E+00  3.00000000E+01    5.421011E-18 -2.710505E-18   -3.872669E-04 -1.144075E-03   -3.903128E-18 -1.279359E-17
 -3.00000000E+03  0.00000000E+00  3.00000000E+01   -5.204170E-18  2.168404E-19   -3.872553E-04 -1.144056E-03   -1.561251E-17 -1.431147E-17
 -2.90000000E+03  0.00000000E+00  3.00000000E+01   -7.155734E-18  1.734723E-18   -3.872440E-04 -1.144038E-03   -1.387779E-17 -3.035766E-18
 -2.80000000E+03  0.00000000E+00  3.00000000E+01    3.903128E-18  4.987330E-18   -3.872331E-04 -1.144020E-03   -1.908196E-17 -1.864828E-17
 -2.70000000E+03  0.00000000E+00  3.00000000E+01   -5.854692E-18 -6.071532E-18   -3.872227E-04 -1.144004E-03   -1.257675E-17 -1.604619E-17
 -2.60000000E+03  0.00000000E+00  3.00000000E+01    5.637851E-18 -5.637851E-18   -3.872126E-04 -1.143988E-03   -2.081668E-17 -1.517883E-17
 -2.50000000E+03  0.00000000E+00  3.00000000E+01    7.589415E-18 -5.421011E-18   -3.872030E-04 -1.143973E-03   -1.647987E-17 -1.669671E-17
 -2.40000000E+03  0.00000000E+00  3.00000000E+01   -3.903128E-18 -5.204170E-18   -3.871938E-04 -1.143958E-03   -1.214306E-17 -1.040834E-17
 -2.30000000E+03  0.00000000E+00  3.00000000E+01   -2.602085E-17 -1.192622E-17   -3.871849E-04 -1.143944E-03   -8.673617E-18 -1.170938E-17
 -2.20000000E+03  0.00000000E+00  3.00000000E+01   -3.469447E-18 -2.385245E-18   -3.871765E-04 -1.143931E-03   -1.214306E-17 -1.344411E-17
 -2.10000000E+03  0.00000000E+00  3.00000000E+01   -8.456777E-18 -4.878910E-18   -3.871684E-04 -1.143919E-03   -2.558717E-17 -1.366095E-17
 -2.00000000E+03  0.00000000E+00  3.00000000E+01   -2.602085E-18 -9.107298E-18   -3.871608E-04 -1.143907E-03   -1.474515E-17 -2.168404E-17
 -1.90000000E+03  0.00000000E+00  3.00000000E+01   -1.951564E-18 -6.505213E-18   -3.871535E-04 -1.143896E-03   -1.214306E-17 -1.713039E-17
 -1.80000000E+03  0.00000000E+00  3.00000000E+01   -1.301043E-17 -1.095044E-17   -3.871466E-04 -1.143885E-03   -1.994932E-17 -1.257675E-17
 -1.70000000E+03  0.00000000E+00  3.00000000E+01   -1.507041E-17 -3.740497E-18   -3.871401E-04 -1.143875E-03   -4.336809E-19  4.336809E-18
 -1.60000000E+03  0.00000000E+00  3.00000000E+01   -8.239937E-18  4.336809E-19   -3.871340E-04 -1.143866E-03    5.204170E-18 -6.505213E-18
 -1.50000000E+03  0.00000000E+00  3.00000000E+01   -1.095044E-17 -3.740497E-18   -3.871283E-04 -1.143857E-03    5.204170E-18 -2.818926E-18
 -1.40000000E+03  0.00000000E+00  3.00000000E+01    4.119968E-18 -1.008308E-17   -3.871229E-04 -1.143849E-03   -3.469447E-18 -8.673617E-18
 -1.30000000E+03  0.00000000E+00  3.00000000E+01    5.963112E-18 -5.583641E-18   -3.871179E-04 -1.143842E-03   -7.372575E-18 -4.987330E-18
 -1.20000000E+03  0.00000000E+00  3.00000000E+01    2.168404E-19  3.686287E-18   -3.871134E-04 -1.143835E-03    1.127570E-17 -3.035766E-18
 -1.10000000E+03  0.00000000E+00  3.00000000E+01   -4.011548E-18 -1.588356E-17   -3.871091E-04 -1.143828E-03    1.301043E-18 -9.324139E-18
 -1.00000000E+03  0.00000000E+00  3.00000000E+01   -6.288373E-18 -1.084202E-17   -3.871053E-04 -1.143823E-03    8.673617E-19 -8.673617E-19
 -9.00000000E+02  0.00000000E+00  3.00000000E+01   -8.998878E-18 -1.330858E-17   -3.871018E-04 -1.143817E-03    2.732189E-17 -8.673617E-19
 -8.00000000E+02  0.00000000E+00  3.00000000E+01   -9.757820E-19 -2.656295E-18   -3.870987E-04 -1.143813E-03   -8.673617E-19  4.336809E-18
 -7.00000000E+02  0.00000000E+00  3.00000000E+01    2.114194E-18 -2.764716E-18   -3.870959E-04 -1.143809E-03    9.540979E-18  4.336809E-18
 -6.00000000E+02  0.00000000E+00  3.00000000E+01    8.782038E-18 -1.029992E-18   -3.870935E-04 -1.143805E-03    6.938894E-18  5.204170E-18
 -5.00000000E+02  0.00000000E+00  3.00000000E+01    7.697835E-18  1.585646E-18   -3.870915E-04 -1.143802E-03    1.691355E-17  2.602085E-18
 -4.00000000E+02  0.00000000E+00  3.00000000E+01    9.866240E-18  1.490778E-18   -3.870899E-04 -1.143800E-03   -8.673617E-19  2.168404E-18
 -3.00000000E+02  0.00000000E+00  3.00000000E+01   -6.694948E-18  6.071532E-18   -3.870886E-04 -1.143798E-03    1.734723E-18  4.553649E-18
 -2.00000000E+02  0.00000000E+00  3.00000000E+01   -1.973248E-17  3.848918E-18   -3.870877E-04 -1.143796E-03    8.673617E-18  3.469447E-18
 -1.00000000E+02  0.00000000E+00  3.00000000E+01   -1.809262E-17 -8.809143E-20   -3.870871E-04 -1.143796E-03    1.994932E-17  9.324139E-18
  0.00000000E+00  0.00000000E+00  3.00000000E+01   -7.323857E-18 -3.231278E-18   -3.870870E-04 -1.143795E-03    1.040834E-17  6.071532E-18
  1.00000000E+02  0.00000000E+00  3.00000000E+01    7.901123E-18  1.995610E-18   -3.870871E-04 -1.143796E-03    8.239937E-18  1.040834E-17
  2.00000000E+02  0.00000000E+00  3.00000000E+01    1.341700E-17  4.025101E-18   -3.870877E-04 -1.143796E-03    1.734723E-17  9.540979E-18
  3.00000000E+02  0.00000000E+00  3.00000000E+01   -2.791821E-18  9.297034E-18   -3.870886E-04 -1.143798E-03    4.336809E-19  5.637851E-18
  4.00000000E+02  0.00000000E+00  3.00000000E+01   -5.258381E-18  5.502326E-18   -3.870899E-04 -1.143800E-03    1.734723E-18  5.637851E-18
  5.00000000E+02  0.00000000E+00  3.00000000E+01   -3.523657E-18  2.656295E-18   -3.870915E-04 -1.143802E-03    1.170938E-17 -3.686287E-18
  6.00000000E+02  0.00000000E+00  3.00000000E+01   -9.757820E-19  4.662069E-18   -3.870935E-04 -1.143805E-03    1.127570E-17  3.469447E-18
  7.00000000E+02  0.00000000E+00  3.00000000E+01   -1.165517E-17  4.960225E-18   -3.870959E-04 -1.143809E-03   -1.734723E-18  4.987330E-18
  8.00000000E+02  0.00000000E+00  3.00000000E+01   -1.301043E-18  1.192622E-18   -3.870987E-04 -1.143813E-03   -4.336809E-18  2.168404E-18
  9.00000000E+02  0.00000000E+00  3.00000000E+01    9.757820E-19 -2.059984E-18   -3.871018E-04 -1.143817E-03    3.903128E-18  8.239937E-18
  1.00000000E+03  0.00000000E+00  3.00000000E+01   -1.062518E-17 -5.746272E-18   -3.871053E-04 -1.143823E-03    4.336809E-18  4.336809E-19
  1.10000000E+03  0.00000000E+00  3.00000000E+01   -5.204170E-18  2.168404E-19   -3.871091E-04 -1.143828E-03   -7.372575E-18  1.301043E-18
  1.20000000E+03  0.00000000E+00  3.00000000E+01    1.084202E-18  1.409463E-18   -3.871134E-04 -1.143835E-03   -4.336809E-18  0.000000E+00
  1.30000000E+03  0.00000000E+00  3.00000000E+01    7.480995E-18  9.215718E-19   -3.871179E-04 -1.143842E-03   -8.239937E-18  5.421011E-18
  1.40000000E+03  0.00000000E+00  3.00000000E+01    4.336809E-19 -6.071532E-18   -3.871229E-04 -1.143849E-03    6.938894E-18  3.469447E-18
  1.50000000E+03  0.00000000E+00  3.00000000E+01   -3.697129E-17 -3.252607E-18   -3.871283E-04 -1.143857E-03    2.645453E-17  8.673617E-19
  1.60000000E+03  0.00000000E+00  3.00000000E+01   -7.589415E-18 -4.228388E-18   -3.871340E-04 -1.143866E-03    1.734723E-18 -8.673617E-19
  1.70000000E+03  0.00000000E+00  3.00000000E+01   -1.301043E-18  8.185726E-18   -3.871401E-04 -1.143875E-03    4.336809E-19  4.553649E-18
  1.80000000E+03  0.00000000E+00  3.00000000E+01    3.035766E-18  5.095750E-18   -3.871466E-04 -1.143885E-03    7.806256E-18  7.806256E-18
  1.90000000E+03  0.00000000E+00  3.00000000E+01   -1.561251E-17 -7.589415E-19   -3.871535E-04 -1.143896E-03    1.431147E-17  8.673617E-18
  2.00000000E+03  0.00000000E+00  3.00000000E+01   -7.372575E-18 -4.553649E-18   -3.871608E-04 -1.143907E-03   -8.673617E-18 -3.903128E-18
  2.10000000E+03  0.00000000E+00  3.00000000E+01   -9.540979E-18 -2.168404E-18   -3.871684E-04 -1.143919E-03   -2.168404E-18 -6.505213E-18
  2.20000000E+03  0.00000000E+00  3.00000000E+01   -2.341877E-17 -1.951564E-18   -3.871765E-04 -1.143931E-03    6.071532E-18 -5.204170E-18
  2.30000000E+03  0.00000000E+00  3.00000000E+01   -1.170938E-17 -2.168404E-19   -3.871849E-04 -1.143944E-03    5.637851E-18 -7.372575E-18
  2.40000000E+03  0.00000000E+00  3.00000000E+01   -2.341877E-17 -1.734723E-18   -3.871938E-04 -1.143958E-03   -6.071532E-18 -8.673617E-19
  2.50000000E+03  0.00000000E+00  3.00000000E+01   -4.987330E-18 -2.602085E-18   -3.872030E-04 -1.143973E-03    3.035766E-18 -8.890458E-18
  2.60000000E+03  0.00000000E+00  3.00000000E+01   -6.505213E-18 -1.105886E-17   -3.872126E-04 -1.143988E-03   -9.540979E-18  3.469447E-18
  2.70000000E+03  0.00000000E+00  3.00000000E+01   -5.421011E-18 -6.505213E-18   -3.872227E-04 -1.144004E-03   -7.806256E-18  4.119968E-18
  2.80000000E+03  0.00000000E+00  3.00000000E+01   -4.336809E-18 -2.168404E-18   -3.872331E-04 -1.144020E-03   -5.204170E-18  2.602085E-18
  2.90000000E+03  0.00000000E+00  3.00000000E+01   -2.602085E-18 -5.312591E-18   -3.872440E-04 -1.144038E-03   -2.168404E-18  4.987330E-18
  3.00000000E+03  0.00000000E+00  3.00000000E+01   -8.673617E-19 -1.301043E-18   -3.872553E-04 -1.144056E-03   -5.204170E-18 -1.734723E-18
  3.10000000E+03  0.00000000E+00  3.00000000E+01   -5.637851E-18 -6.071532E-18   -3.872669E-04 -1.144075E-03   -1.040834E-17  9.324139E-18
  3.20000000E+03  0.00000000E+00  3.00000000E+01    1.908196E-17 -1.517883E-18   -3.872791E-04 -1.144095E-03   -6.938894E-18 -3.035766E-18
  3.30000000E+03  0.00000000E+00  3.00000000E+01   -4.336809E-19 -4.228388E-18   -3.872916E-04 -1.144115E-03   -9.107298E-18 -1.517883E-18
  3.40000000E+03  0.00000000E+00  3.00000000E+01    3.903128E-18  5.854692E-18   -3.873046E-04 -1.144137E-03   -2.428613E-17 -6.938894E-18
  3.50000000E+03  0.00000000E+00  3.00000000E+01    9.540979E-18  1.951564E-18   -3.873180E-04 -1.144159E-03   -1.994932E-17 -1.084202E-18
  3.60000000E+03  0.00000000E+00  3.00000000E+01    3.469447E-18  6.505213E-18   -3.873318E-04 -1.144182E-03   -1.301043E-17 -5.204170E-18
  3.70000000E+03  0.00000000E+00  3.00000000E+01    1.604619E-17  2.385245E-18   -3.873461E-04 -1.144206E-03    8.673617E-18  8.890458E-18
  3.80000000E+03  0.00000000E+00  3.00000000E+01    8.673617E-19 -1.084202E-18   -3.873608E-04 -1.144231E-03   -3.469447E-18  3.469447E-18
  3.90000000E+03  0.00000000E+00  3.00000000E+01   -4.336809E-19  5.746272E-18   -3.873759E-04 -1.144257E-03   -2.602085E-18  7.806256E-18
  4.00000000E+03  0.00000000E+00  3.00000000E+01   -1.821460E-17  1.084202E-17   -3.873916E-04 -1.144284E-03   -7.806256E-18 -4.336809E-18
  4.10000000E+03  0.00000000E+00  3.00000000E+01    4.336809E-19  1.951564E-18   -3.874076E-04 -1.144311E-03   -6.505213E-18 -1.084202E-17
  4.20000000E+03  0.00000000E+00  3.00000000E+01   -3.469447E-18  4.336809E-19   -3.874242E-04 -1.144340E-03   -1.214306E-17 -1.127570E-17
  4.30000000E+03  0.00000000E+00  3.00000000E+01    4.336809E-18  4.119968E-18   -3.874412E-04 -1.144370E-03   -6.505213E-18 -3.035766E-18
  4.40000000E+03  0.00000000E+00  3.00000000E+01    0.000000E+00  8.673617E-19   -3.874586E-04 -1.144401E-03   -2.602085E-18 -2.168404E-18
  4.50000000E+03  0.00000000E+00  3.00000000E+01   -4.770490E-18  3.469447E-18   -3.874766E-04 -1.144434E-03    3.469447E-18  8.673617E-19
  4.60000000E+03  0.00000000E+00  3.00000000E+01    9.540979E-18  1.604619E-17   -3.874950E-04 -1.144467E-03    6.071532E-18  4.336809E-18
  4.70000000E+03  0.00000000E+00  3.00000000E+01    0.000000E+00  1.366095E-17   -3.875139E-04 -1.144502E-03    8.673617E-18 -1.084202E-18
  4.80000000E+03  0.00000000E+00  3.00000000E+01    1.387779E-17  3.035766E-18   -3.875333E-04 -1.144537E-03   -1.734723E-18  3.035766E-18
  4.90000000E+03  0.00000000E+00  3.00000000E+01   -1.127570E-17  1.301043E-18   -3.875531E-04 -1.144575E-03    1.040834E-17  8.673617E-19
  5.00000000E+03  0.00000000E+00  3.00000000E+01    1.734723E-18  9.107298E-18   -3.875735E-04 -1.144613E-03    1.301043E-17  7.372575E-18
  5.10000000E+03  0.00000000E+00  3.00000000E+01   -2.168404E-18  8.673617E-18   -3.875943E-04 -1.144653E-03    3.469447E-18  3.035766E-18
  5.20000000E+03  0.00000000E+00  3.00000000E+01    8.673617E-18 -4.336809E-18   -3.876157E-04 -1.144694E-03    6.071532E-18  0.000000E+00
  5.30000000E+03  0.00000000E+00  3.00000000E+01    6.505213E-18  1.517883E-18   -3.876375E-04 -1.144737E-03   -1.040834E-17 -1.734723E-18
  5.40000000E+03  0.00000000E+00  3.00000000E+01   -6.938894E-18 -8.239937E-18   -3.876598E-04 -1.144782E-03    1.734723E-18 -4.336809E-18
  5.50000000E+03  0.00000000E+00  3.00000000E+01   -1.170938E-17 -8.023096E-18   -3.876827E-04 -1.144827E-03    8.673617E-19  8.673617E-19
  5.60000000E+03  0.00000000E+00  3.00000000E+01   -4.336809E-18 -4.770490E-18   -3.877060E-04 -1.144875E-03   -8.673617E-18  4.336809E-19
  5.70000000E+03  0.00000000E+00  3.00000000E+01   -9.107298E-18 -5.637851E-18   -3.877299E-04 -1.144924E-03    1.257675E-17 -1.127570E-17
  5.80000000E+03  0.00000000E+00  3.00000000E+01    8.673617E-18 -4.770490E-18   -3.877543E-04 -1.144976E-03   -1.734723E-18 -6.938894E-18
  5.90000000E+03  0.00000000E+00  3.00000000E+01   -3.469447E-18 -5.421011E-18   -3.877791E-04 -1.145028E-03    6.505213E-18 -4.553649E-18
  6.00000000E+03  0.00000000E+00  3.00000000E+01    9.540979E-18 -7.806256E-18   -3.878045E-04 -1.145083E-03   -2.255141E-17 -7.806256E-18
  6.10000000E+03  0.00000000E+00  3.00000000E+01   -1.170938E-17 -1.517883E-18   -3.878304E-04 -1.145140E-03   -7.372575E-18 -7.155734E-18
  6.20000000E+03  0.00000000E+00  3.00000000E+01   -7.806256E-18  4.336809E-19   -3.878568E-04 -1.145199E-03   -1.301043E-17 -1.301043E-18
  6.30000000E+03  0.00000000E+00  3.00000000E+01    5.637851E-18 -3.686287E-18   -3.878837E-04 -1.145260E-03   -9.974660E-18 -6.722053E-18
  6.40000000E+03  0.00000000E+00  3.00000000E+01   -1.214306E-17  4.336809E-19   -3.879111E-04 -1.145324E-03   -6.938894E-18  4.336809E-19
  6.50000000E+03  0.00000000E+00  3.00000000E+01   -8.673617E-18 -1.734723E-18   -3.879390E-04 -1.145390E-03   -9.974660E-18  1.734723E-18
  6.60000000E+03  0.00000000E+00  3.00000000E+01    3.469447E-18 -4.336809E-18   -3.879673E-04 -1.145458E-03   -6.071532E-18 -4.336809E-18
  6.70000000E+03  0.00000000E+00  3.00000000E+01   -8.673617E-18 -4.770490E-18   -3.879961E-04 -1.145529E-03    1.431147E-17  5.421011E-18
  6.80000000E+03  0.00000000E+00  3.00000000E+01   -3.556183E-17  1.517883E-17   -3.880254E-04 -1.145603E-03   -2.081668E-17 -8.673617E-19
  6.90000000E+03  0.00000000E+00  3.00000000E+01   -6.505213E-18  4.987330E-18   -3.880552E-04 -1.145679E-03   -4.770490E-18 -5.421011E-18
  7.00000000E+03  0.00000000E+00  3.00000000E+01    2.602085E-18  2.602085E-18   -3.880853E-04 -1.145758E-03   -1.561251E-17 -4.336809E-19
  7.10000000E+03  0.00000000E+00  3.00000000E+01    6.071532E-18  5.204170E-18   -3.881159E-04 -1.145841E-03    6.938894E-18 -1.517883E-18
  7.20000000E+03  0.00000000E+00  3.00000000E+01   -5.204170E-18  1.734723E-18   -3.881468E-04 -1.145927E-03    3.469447E-18  5.637851E-18
  7.30000000E+03  0.00000000E+00  3.00000000E+01   -1.734723E-18  3.686287E-18   -3.881781E-04 -1.146016E-03   -1.301043E-17  8.673617E-19
  7.40000000E+03  0.00000000E+00  3.00000000E+01   -1.387779E-17  8.673617E-18   -3.882097E-04 -1.146108E-03   -1.040834E-17  6.505213E-18
  7.50000000E+03  0.00000000E+00  3.00000000E+01    8.673617E-19 -2.602085E-18   -3.882416E-04 -1.146204E-03   -5.637851E-18  1.951564E-18
  7.60000000E+03  0.00000000E+00  3.00000000E+01    1.734723E-18  4.336809E-18   -3.882738E-04 -1.146305E-03   -3.469447E-18 -4.336809E-18
  7.70000000E+03  0.00000000E+00  3.00000000E+01   -6.938894E-18  6.071532E-18   -3.883061E-04 -1.146409E-03   -1.474515E-17 -2.168404E-18
  7.80000000E+03  0.00000000E+00  3.00000000E+01    3.469447E-18  1.301043E-17   -3.883386E-04 -1.146518E-03    3.469447E-18 -3.035766E-18
  7.90000000E+03  0.00000000E+00  3.00000000E+01    8.673617E-19  6.938894E-18   -3.883712E-04 -1.146631E-03    1.387779E-17  6.938894E-18
  8.00000000E+03  0.00000000E+00  3.00000000E+01    6.938894E-18  1.040834E-17   -3.884038E-04 -1.146749E-03    9.540979E-18 -5.637851E-18
  8.10000000E+03  0.00000000E+00  3.00000000E+01    5.204170E-18  5.637851E-18   -3.884363E-04 -1.146872E-03    3.035766E-18  5.854692E-18
  8.20000000E+03  0.00000000E+00  3.00000000E+01    0.000000E+00 -6.938894E-18   -3.884687E-04 -1.147001E-03   -6.938894E-18  3.903128E-18
  8.30000000E+03  0.00000000E+00  3.00000000E+01    9.540979E-18 -7.806256E-18   -3.885008E-04 -1.147134E-03   -1.084202E-17  1.170938E-17
  8.40000000E+03  0.00000000E+00  3.00000000E+01   -3.469447E-18 -8.673617E-18   -3.885325E-04 -1.147274E-03   -1.040834E-17  1.734723E-18
  8.50000000E+03  0.00000000E+00  3.00000000E+01    1.301043E-17 -1.084202E-17   -3.885638E-04 -1.147420E-03   -4.336809E-18  4.987330E-18
  8.60000000E+03  0.00000000E+00  3.00000000E+01    1.387779E-17 -9.540979E-18   -3.885944E-04 -1.147573E-03   -4.336809E-18 -1.734723E-18
  8.70000000E+03  0.00000000E+00  3.00000000E+01    9.540979E-18 -1.778092E-17   -3.886242E-04 -1.147733E-03    6.071532E-18  4.987330E-18
  8.80000000E+03  0.00000000E+00  3.00000000E+01   -6.938894E-18 -2.602085E-18   -3.886531E-04 -1.147900E-03    2.602085E-18 -1.301043E-18
  8.90000000E+03  0.00000000E+00  3.00000000E+01    2.602085E-18  3.469447E-18   -3.886807E-04 -1.148075E-03    9.540979E-18  1.517883E-18
  9.00000000E+03  0.00000000E+00  3.00000000E+01    1.040834E-17  1.301043E-17   -3.887070E-04 -1.148258E-03    3.469447E-18  1.734723E-18
  9.10000000E+03  0.00000000E+00  3.00000000E+01    4.336809E-18  1.301043E-17   -3.887316E-04 -1.148449E-03    0.000000E+00 -4.336809E-19
  9.20000000E+03  0.00000000E+00  3.00000000E+01   -1.734723E-17  1.734723E-17   -3.887542E-04 -1.148651E-03    7.806256E-18  1.734723E-18
  9.30000000E+03  0.00000000E+00  3.00000000E+01   -8.673617E-18  1.387779E-17   -3.887747E-04 -1.148862E-03   -7.372575E-18  6.505213E-18
  9.40000000E+03  0.00000000E+00  3.00000000E+01    1.561251E-17  1.127570E-17   -3.887926E-04 -1.149083E-03   -3.469447E-18 -2.168404E-18
  9.50000000E+03  0.00000000E+00  3.00000000E+01   -1.734723E-18  4.770490E-18   -3.888077E-04 -1.149316E-03   -9.540979E-18  8.890458E-18
  9.60000000E+03  0.00000000E+00  3.00000000E+01   -1.734723E-17  6.071532E-18   -3.888194E-04 -1.149560E-03    2.602085E-18  8.673617E-18
  9.70000000E+03  0.00000000E+00  3.00000000E+01    0.000000E+00  1.257675E-17   -3.888276E-04 -1.149817E-03    2.168404E-18  3.035766E-18
  9.80000000E+03  0.00000000E+00  3.00000000E+01    1.040834E-17  6.071532E-18   -3.888317E-04 -1.150087E-03    1.908196E-17  9.974660E-18
  9.90000000E+03  0.00000000E+00  3.00000000E+01    4.336809E-18  1.734723E-18   -3.888317E-04 -1.150369E-03    1.040834E-17  6.505213E-19
  1.00000000E+04  0.00000000E+00  3.00000000E+01    1.908196E-17  9.540979E-18   -3.888271E-04 -1.150667E-03   -1.387779E-17  6.938894E-18
  1.05000000E+04  0.00000000E+00  3.00000000E+01   -4.336809E-18  8.673617E-19   -3.887507E-04 -1.152346E-03   -3.469447E-18  1.517883E-18
