 -1.05000000E+04  0.00000000E+00  3.00000000E+01    1.622731E-15  1.153192E-16    1.291694E-02 -4.192834E-03
 -1.00000000E+04  0.00000000E+00  3.00000000E+01    2.818298E-15  1.630905E-15    8.768319E-03 -4.763612E-03
 -9.90000000E+03  0.00000000E+00  3.00000000E+01    3.626541E-15 -3.548191E-15    8.131001E-03 -4.766630E-03
 -9.80000000E+03  0.00000000E+00  3.00000000E+01    2.499577E-15 -1.906435E-15    7.530485E-03 -4.746098E-03
 -9.70000000E+03  0.00000000E+00  3.00000000E+01    3.663474E-15 -7.461560E-16    6.968577E-03 -4.705867E-03
 -9.60000000E+03  0.00000000E+00  3.00000000E+01    1.306681E-15  1.659621E-15    6.447616E-03 -4.647198E-03
 -9.50000000E+03  0.00000000E+00  3.00000000E+01    1.062201E-15 -1.215262E-15    5.962892E-03 -4.574148E-03
 -9.40000000E+03  0.00000000E+00  3.00000000E+01   -6.705248E-16 -1.412168E-15    5.514969E-03 -4.488113E-03
 -9.30000000E+03  0.00000000E+00  3.00000000E+01   -3.060076E-16  1.119020E-15    5.099019E-03 -4.392297E-03
 -9.20000000E+03  0.00000000E+00  3.00000000E+01    5.683543E-16  1.388123E-15    4.715298E-03 -4.287959E-03
 -9.10000000E+03  0.00000000E+00  3.00000000E+01   -5.970793E-16  1.854752E-16    4.359483E-03 -4.177513E-03
 -9.00000000E+03  0.00000000E+00  3.00000000E+01    1.716268E-15 -2.211003E-16    4.031761E-03 -4.062066E-03
 -8.90000000E+03  0.00000000E+00  3.00000000E+01   -4.000767E-15  1.407593E-15    3.728269E-03 -3.943372E-03
 -8.80000000E+03  0.00000000E+00  3.00000000E+01    3.620368E-15  1.196008E-15    3.449110E-03 -3.822385E-03
 -8.70000000E+03  0.00000000E+00  3.00000000E+01    8.744671E-16 -1.113736E-16    3.190900E-03 -3.700327E-03
 -8.60000000E+03  0.00000000E+00  3.00000000E+01    2.347232E-15  3.176103E-15    2.953699E-03 -3.578020E-03
 -8.50000000E+03  0.00000000E+00  3.00000000E+01    8.139806E-15 -2.824570E-15    2.734521E-03 -3.456256E-03
 -8.40000000E+03  0.00000000E+00  3.00000000E+01    5.753770E-15 -2.828758E-15    2.533363E-03 -3.335726E-03
 -8.30000000E+03  0.00000000E+00  3.00000000E+01    5.161516E-15 -4.613639E-15    2.347634E-03 -3.216892E-03
 -8.20000000E+03  0.00000000E+00  3.00000000E+01    1.957973E-15  3.041181E-15    2.177314E-03 -3.100341E-03
 -8.10000000E+03  0.00000000E+00  3.00000000E+01    2.146374E-15  4.330393E-15    2.020138E-03 -2.986272E-03
 -8.00000000E+03  0.00000000E+00  3.00000000E+01    1.262597E-15 -7.507765E-16    1.876051E-03 -2.875168E-03
 -7.90000000E+03  0.00000000E+00  3.00000000E+01    1.081950E-15 -8.171643E-16    1.743112E-03 -2.767044E-03
 -7.80000000E+03  0.00000000E+00  3.00000000E+01   -2.024684E-15  2.520323E-15    1.621263E-03 -2.662301E-03
 -7.70000000E+03  0.00000000E+00  3.00000000E+01   -1.901613E-15  3.374141E-15    1.508829E-03 -2.560812E-03
 -7.60000000E+03  0.00000000E+00  3.00000000E+01   -2.012909E-15  4.931483E-15    1.405736E-03 -2.462899E-03
 -7.50000000E+03  0.00000000E+00  3.00000000E+01    1.384570E-16  6.844683E-15    1.310567E-03 -2.368344E-03
 -7.40000000E+03  0.00000000E+00  3.00000000E+01   -3.629480E-15  5.565763E-15    1.223256E-03 -2.277417E-03
 -7.30000000E+03  0.00000000E+00  3.00000000E+01   -2.208765E-15  6.057797E-15    1.142592E-03 -2.189828E-03
 -7.20000000E+03  0.00000000E+00  3.00000000E+01   -3.702899E-15  1.563327E-15    1.068506E-03 -2.105793E-03
 -7.10000000E+03  0.00000000E+00  3.00000000E+01   -3.109152E-15  2.160298E-15    9.999852E-04 -2.024994E-03
 -7.00000000E+03  0.00000000E+00  3.00000000E+01   -1.668374E-15  3.836939E-15    9.369710E-04 -1.947606E-03
 -6.90000000E+03  0.00000000E+00  3.00000000E+01    8.434824E-16 -1.183198E-16    8.786067E-04 -1.873291E-03
 -6.80000000E+03  0.00000000E+00  3.00000000E+01    5.363164E-16  1.376901E-15    8.248379E-04 -1.802188E-03
 -6.70000000E+03  0.00000000E+00  3.00000000E+01    4.132595E-15 -1.007137E-15    7.749511E-04 -1.733960E-03
 -6.60000000E+03  0.00000000E+00  3.00000000E+01    3.957506E-15  1.258122E-16    7.289060E-04 -1.668724E-03
 -6.50000000E+03  0.00000000E+00  3.00000000E+01    4.076696E-15 -3.826622E-15    6.861018E-04 -1.606146E-03
 -6.40000000E+03  0.00000000E+00  3.00000000E+01    4.370245E-15  6.669557E-16    6.465027E-04 -1.546319E-03
 -6.30000000E+03  0.00000000E+00  3.00000000E+01    4.610897E-15 -5.100558E-17    6.096121E-04 -1.488928E-03
 -6.20000000E+03  0.00000000E+00  3.00000000E+01    1.487146E-15  5.696800E-15    5.754054E-04 -1.434051E-03
 -6.10000000E+03  0.00000000E+00  3.00000000E+01    1.612300E-15  2.942555E-15    5.434662E-04 -1.381392E-03
 -6.00000000E+03  0.00000000E+00  3.00000000E+01   -6.016803E-16  3.000924E-15    5.137732E-04 -1.331011E-03
 -5.90000000E+03  0.00000000E+00  3.00000000E+01   -1.795346E-15  7.803443E-15    4.859831E-04 -1.282637E-03
 -5.80000000E+03  0.00000000E+00  3.00000000E+01    1.270230E-16  8.552060E-16    4.600841E-04 -1.236323E-03
 -5.70000000E+03  0.00000000E+00  3.00000000E+01   -7.151421E-16 -1.430149E-15    4.357868E-04 -1.191818E-03
 -5.60000000E+03  0.00000000E+00  3.00000000E+01   -1.443426E-15  5.517891E-15    4.130827E-04 -1.149165E-03
 -5.50000000E+03  0.00000000E+00  3.00000000E+01    2.635860E-15  5.283557E-15    3.917330E-04 -1.108138E-03
 -5.40000000E+03  0.00000000E+00  3.00000000E+01    1.682857E-15  9.654445E-16    3.717348E-04 -1.068776E-03
 -5.30000000E+03  0.00000000E+00  3.00000000E+01   -1.441007E-15  4.319538E-15    3.528867E-04 -1.030872E-03
 -5.20000000E+03  0.00000000E+00  3.00000000E+01    2.219003E-15 -5.339329E-17    3.351874E-04 -9.944590E-04
 -5.10000000E+03  0.00000000E+00  3.00000000E+01    1.439126E-15 -1.914775E-15    3.184693E-04 -9.593524E-04
 -5.00000000E+03  0.00000000E+00  3.00000000E+01    4.849888E-16  2.172288E-15    3.027361E-04 -9.255839E-04
 -4.90000000E+03  0.00000000E+00  3.00000000E+01   -1.913816E-15  9.659984E-16    2.878445E-04 -8.929854E-04
 -4.80000000E+03  0.00000000E+00  3.00000000E+01    2.280891E-15  1.567759E-15    2.737985E-04 -8.615835E-04
 -4.70000000E+03  0.00000000E+00  3.00000000E+01   -1.495930E-15  3.053971E-16    2.604783E-04 -8.312299E-04
 -4.60000000E+03  0.00000000E+00  3.00000000E+01   -1.259996E-15  6.781037E-15    2.478904E-04 -8.019502E-04
 -4.50000000E+03  0.00000000E+00  3.00000000E+01    1.020887E-15 -1.251561E-15    2.359316E-04 -7.736101E-04
 -4.40000000E+03  0.00000000E+00  3.00000000E+01    7.791884E-16  6.671362E-16    2.246077E-04 -7.462311E-04
 -4.30000000E+03  0.00000000E+00  3.00000000E+01    6.034681E-16 -5.920119E-16    2.138317E-04 -7.196948E-04
 -4.20000000E+03  0.00000000E+00  3.00000000E+01   -1.174654E-16  3.966655E-15    2.036114E-04 -6.940230E-04
 -4.10000000E+03  0.00000000E+00  3.00000000E+01    2.386533E-16  4.850076E-16    1.938701E-04 -6.691076E-04
 -4.00000000E+03  0.00000000E+00  3.00000000E+01   -2.818058E-15 -5.366604E-16    1.846148E-04 -6.449670E-04
 -3.90000000E+03  0.00000000E+00  3.00000000E+01   -3.599124E-16  2.285679E-15    1.757804E-04 -6.215064E-04
 -3.80000000E+03  0.00000000E+00  3.00000000E+01   -7.193317E-16  2.164034E-15    1.673743E-04 -5.987437E-04
 -3.70000000E+03  0.00000000E+00  3.00000000E+01   -2.410330E-16  3.124064E-15    1.593391E-04 -5.765926E-04
 -3.60000000E+03  0.00000000E+00  3.00000000E+01    2.282431E-15 -3.232830E-15    1.516810E-04 -5.550682E-04
 -3.50000000E+03  0.00000000E+00  3.00000000E+01    3.119508E-15  2.448842E-16    1.443506E-04 -5.340942E-04
 -3.40000000E+03  0.00000000E+00  3.00000000E+01    2.388864E-16  2.883053E-15    1.373547E-04 -5.136857E-04
 -3.30000000E+03  0.00000000E+00  3.00000000E+01   -3.418096E-15 -2.338993E-15    1.306487E-04 -4.937727E-04
 -3.20000000E+03  0.00000000E+00  3.00000000E+01   -1.825827E-18  1.201103E-15    1.242382E-04 -4.743675E-04
 -3.10000000E+03  0.00000000E+00  3.00000000E+01   -1.318825E-15 -8.381518E-16    1.180846E-04 -4.554084E-04
 -3.00000000E+03  0.00000000E+00  3.00000000E+01   -1.139045E-15 -7.788026E-16    1.121938E-04 -4.369076E-04
 -2.90000000E+03  0.00000000E+00  3.00000000E+01   -1.558998E-15 -1.183297E-16    1.065309E-04 -4.188082E-04
 -2.80000000E+03  0.00000000E+00  3.00000000E+01   -1.618608E-15 -5.394863E-16    1.011001E-04 -4.011196E-04
 -2.70000000E+03  0.00000000E+00  3.00000000E+01    1.861932E-15 -2.577389E-15    9.587133E-05 -3.837917E-04
 -2.60000000E+03  0.00000000E+00  3.00000000E+01   -6.584482E-16 -1.019380E-15    9.084893E-05 -3.668339E-04
 -2.50000000E+03  0.00000000E+00  3.00000000E+01   -2.521172E-15  3.960189E-15    8.600524E-05 -3.501993E-04
 -2.40000000E+03  0.00000000E+00  3.00000000E+01   -4.366100E-19  2.401804E-15    8.134354E-05 -3.338953E-04
 -2.30000000E+03  0.00000000E+00  3.00000000E+01    6.015400E-17  4.207026E-16    7.683982E-05 -3.178804E-04
 -2.20000000E+03  0.00000000E+00  3.00000000E+01    1.680546E-15 -1.438739E-15    7.249706E-05 -3.021615E-04
 -2.10000000E+03  0.00000000E+00  3.00000000E+01    1.620527E-15 -3.059759E-15    6.829340E-05 -2.867001E-04
 -2.00000000E+03  0.00000000E+00  3.00000000E+01   -4.211843E-16  3.061781E-15    6.423060E-05 -2.715005E-04
 -1.90000000E+03  0.00000000E+00  3.00000000E+01    4.203749E-16 -6.592013E-16    6.028959E-05 -2.565290E-04
 -1.80000000E+03  0.00000000E+00  3.00000000E+01   -2.395866E-16 -4.797033E-16    5.647219E-05 -2.417898E-04
 -1.70000000E+03  0.00000000E+00  3.00000000E+01   -1.441246E-15  3.120375E-15    5.276078E-05 -2.272509E-04
 -1.60000000E+03  0.00000000E+00  3.00000000E+01    3.362853E-15 -4.079630E-15    4.915601E-05 -2.129144E-04
 -1.50000000E+03  0.00000000E+00  3.00000000E+01   -2.404414E-16 -4.813720E-16    4.564267E-05 -1.987524E-04
 -1.40000000E+03  0.00000000E+00  3.00000000E+01   -6.600680E-16  1.796089E-16    4.222122E-05 -1.847664E-04
 -1.30000000E+03  0.00000000E+00  3.00000000E+01   -4.081296E-15  1.438917E-15    3.887767E-05 -1.709304E-04
 -1.20000000E+03  0.00000000E+00  3.00000000E+01    1.560695E-15  1.203142E-16    3.561133E-05 -1.572433E-04
 -1.10000000E+03  0.00000000E+00  3.00000000E+01    1.799118E-16  5.970815E-17    3.241027E-05 -1.436829E-04
 -1.00000000E+03  0.00000000E+00  3.00000000E+01    1.561078E-15 -2.280601E-15    2.927365E-05 -1.302477E-04
 -9.00000000E+02  0.00000000E+00  3.00000000E+01   -1.201241E-15  3.600998E-15    2.619031E-05 -1.169165E-04
 -8.00000000E+02  0.00000000E+00  3.00000000E+01   -4.220562E-16  6.662556E-15    2.315836E-05 -1.036858E-04
 -7.00000000E+02  0.00000000E+00  3.00000000E+01   -4.205443E-16  1.860885E-15    2.016837E-05 -9.053744E-05
 -6.00000000E+02  0.00000000E+00  3.00000000E+01   -1.021035E-15  2.460830E-15    1.721808E-05 -7.746715E-05
 -5.00000000E+02  0.00000000E+00  3.00000000E+01   -6.014914E-16  4.201706E-15    1.429892E-05 -6.445822E-05
 -4.00000000E+02  0.00000000E+00  3.00000000E+01   -3.781539E-15 -6.083899E-17    1.140747E-05 -5.150391E-05
 -3.00000000E+02  0.00000000E+00  3.00000000E+01   -1.194966E-16 -2.040591E-15    8.536537E-06 -3.859018E-05
 -2.00000000E+02  0.00000000E+00  3.00000000E+01    1.201141E-15 -2.400336E-15    5.682476E-06 -2.570984E-05
 -1.00000000E+02  0.00000000E+00  3.00000000E+01   -3.961481E-15 -1.210685E-16    2.838586E-06 -1.284967E-05
  0.00000000E+00  0.00000000E+00  3.00000000E+01   -5.342017E-15 -1.815640E-16   -2.109586E-15 -1.272119E-15
  1.00000000E+02  0.00000000E+00  3.00000000E+01   -5.281417E-15 -2.162331E-15   -2.838586E-06  1.284967E-05
  2.00000000E+02  0.00000000E+00  3.00000000E+01   -2.940740E-15 -1.381398E-15   -5.682476E-06  2.570984E-05
  3.00000000E+02  0.00000000E+00  3.00000000E+01   -4.682063E-15  8.389729E-16   -8.536537E-06  3.859018E-05
  4.00000000E+02  0.00000000E+00  3.00000000E+01   -5.642689E-15  1.318830E-15   -1.140747E-05  5.150391E-05
  5.00000000E+02  0.00000000E+00  3.00000000E+01   -5.103107E-15  3.900074E-15   -1.429892E-05  6.445822E-05
  6.00000000E+02  0.00000000E+00  3.00000000E+01   -2.939641E-15 -4.982462E-15   -1.721808E-05  7.746715E-05
  7.00000000E+02  0.00000000E+00  3.00000000E+01   -5.644076E-15  6.120749E-15   -2.016837E-05  9.053744E-05
  8.00000000E+02  0.00000000E+00  3.00000000E+01   -4.502437E-15  8.988681E-16   -2.315836E-05  1.036858E-04
  9.00000000E+02  0.00000000E+00  3.00000000E+01   -7.811428E-16  2.940899E-15   -2.619031E-05  1.169165E-04
  1.00000000E+03  0.00000000E+00  3.00000000E+01   -2.100901E-15  2.100039E-15   -2.927365E-05  1.302477E-04
  1.10000000E+03  0.00000000E+00  3.00000000E+01    1.080162E-15  3.606986E-16   -3.241027E-05  1.436829E-04
  1.20000000E+03  0.00000000E+00  3.00000000E+01    1.381218E-15 -1.138486E-15   -3.561133E-05  1.572433E-04
  1.30000000E+03  0.00000000E+00  3.00000000E+01    1.260318E-15 -7.793602E-16   -3.887767E-05  1.709304E-04
  1.40000000E+03  0.00000000E+00  3.00000000E+01    4.796693E-16 -2.395003E-16   -4.222122E-05  1.847664E-04
  1.50000000E+03  0.00000000E+00  3.00000000E+01   -2.410504E-16  7.203518E-16   -4.564267E-05  1.987524E-04
  1.60000000E+03  0.00000000E+00  3.00000000E+01   -7.208896E-16 -1.440975E-15   -4.915601E-05  2.129144E-04
  1.70000000E+03  0.00000000E+00  3.00000000E+01    1.261361E-15 -4.380558E-15   -5.276078E-05  2.272509E-04
  1.80000000E+03  0.00000000E+00  3.00000000E+01    1.440353E-15 -1.920261E-15   -5.647219E-05  2.417898E-04
  1.90000000E+03  0.00000000E+00  3.00000000E+01    1.499988E-15 -1.499117E-15   -6.028959E-05  2.565290E-04
  2.00000000E+03  0.00000000E+00  3.00000000E+01    1.619732E-15  5.408287E-16   -6.423060E-05  2.715005E-04
  2.10000000E+03  0.00000000E+00  3.00000000E+01    2.280133E-15 -2.039002E-15   -6.829340E-05  2.867001E-04
  2.20000000E+03  0.00000000E+00  3.00000000E+01    3.421629E-15 -4.858547E-15   -7.249706E-05  3.021615E-04
  2.30000000E+03  0.00000000E+00  3.00000000E+01    1.920261E-15 -2.158590E-15   -7.683982E-05  3.178804E-04
  2.40000000E+03  0.00000000E+00  3.00000000E+01    3.660376E-15 -4.378480E-15   -8.134354E-05  3.338953E-04
  2.50000000E+03  0.00000000E+00  3.00000000E+01    3.481654E-15 -6.839118E-15   -8.600524E-05  3.501993E-04
  2.60000000E+03  0.00000000E+00  3.00000000E+01    3.541427E-15 -4.018226E-15   -9.084893E-05  3.668339E-04
  2.70000000E+03  0.00000000E+00  3.00000000E+01    2.881340E-15 -5.038629E-15   -9.587133E-05  3.837917E-04
  2.80000000E+03  0.00000000E+00  3.00000000E+01    9.604525E-16 -2.878220E-15   -1.011001E-04  4.011196E-04
  2.90000000E+03  0.00000000E+00  3.00000000E+01   -1.977492E-15 -3.058848E-15   -1.065309E-04  4.188082E-04
  3.00000000E+03  0.00000000E+00  3.00000000E+01   -3.578549E-16 -3.717511E-15   -1.121938E-04  4.369076E-04
  3.10000000E+03  0.00000000E+00  3.00000000E+01   -5.797183E-17 -4.018959E-15   -1.180846E-04  4.554084E-04
  3.20000000E+03  0.00000000E+00  3.00000000E+01   -2.275978E-15 -2.759766E-15   -1.242382E-04  4.743675E-04
  3.30000000E+03  0.00000000E+00  3.00000000E+01    7.240863E-16 -4.558959E-15   -1.306487E-04  4.937727E-04
  3.40000000E+03  0.00000000E+00  3.00000000E+01   -2.396555E-15 -6.002122E-15   -1.373547E-04  5.136857E-04
  3.50000000E+03  0.00000000E+00  3.00000000E+01   -4.076677E-15 -4.565313E-15   -1.443506E-04  5.340942E-04
  3.60000000E+03  0.00000000E+00  3.00000000E+01   -5.881959E-17 -2.822353E-15   -1.516810E-04  5.550682E-04
  3.70000000E+03  0.00000000E+00  3.00000000E+01   -2.337338E-15 -6.782511E-15   -1.593391E-04  5.765926E-04
  3.80000000E+03  0.00000000E+00  3.00000000E+01   -4.799518E-15 -2.403689E-15   -1.673743E-04  5.987437E-04
  3.90000000E+03  0.00000000E+00  3.00000000E+01   -3.722147E-15  2.753736E-15   -1.757804E-04  6.215064E-04
  4.00000000E+03  0.00000000E+00  3.00000000E+01    8.412033E-16 -3.718364E-15   -1.846148E-04  6.449670E-04
  4.10000000E+03  0.00000000E+00  3.00000000E+01   -1.437790E-15 -7.679292E-15   -1.938701E-04  6.691076E-04
  4.20000000E+03  0.00000000E+00  3.00000000E+01   -2.519853E-15  3.610318E-16   -2.036114E-04  6.940230E-04
  4.30000000E+03  0.00000000E+00  3.00000000E+01   -1.266627E-15  7.766154E-16   -2.138317E-04  7.196948E-04
  4.40000000E+03  0.00000000E+00  3.00000000E+01   -1.259559E-15 -2.819082E-15   -2.246077E-04  7.462311E-04
  4.50000000E+03  0.00000000E+00  3.00000000E+01   -7.160806E-16 -5.035890E-15   -2.359316E-04  7.736101E-04
  4.60000000E+03  0.00000000E+00  3.00000000E+01   -1.380693E-15 -6.067496E-17   -2.478904E-04  8.019502E-04
  4.70000000E+03  0.00000000E+00  3.00000000E+01    1.681596E-15 -2.635396E-15   -2.604783E-04  8.312299E-04
  4.80000000E+03  0.00000000E+00  3.00000000E+01    9.015180E-16 -2.098634E-15   -2.737985E-04  8.615835E-04
  4.90000000E+03  0.00000000E+00  3.00000000E+01    4.270970E-16 -3.058632E-15   -2.878445E-04  8.929854E-04
  5.00000000E+03  0.00000000E+00  3.00000000E+01   -1.370004E-15 -2.458572E-15   -3.027361E-04  9.255839E-04
  5.10000000E+03  0.00000000E+00  3.00000000E+01   -1.775181E-16 -5.988761E-17   -3.184693E-04  9.593524E-04
  5.20000000E+03  0.00000000E+00  3.00000000E+01    3.418050E-15 -3.653783E-15   -3.351874E-04  9.944590E-04
  5.30000000E+03  0.00000000E+00  3.00000000E+01   -1.021518E-15  1.257864E-15   -3.528867E-04  1.030872E-03
  5.40000000E+03  0.00000000E+00  3.00000000E+01   -1.263179E-15  1.972789E-15   -3.717348E-04  1.068776E-03
  5.50000000E+03  0.00000000E+00  3.00000000E+01    4.431072E-15 -2.522087E-15   -3.917330E-04  1.108138E-03
  5.60000000E+03  0.00000000E+00  3.00000000E+01   -6.229085E-17 -4.287056E-16   -4.130827E-04  1.149165E-03
  5.70000000E+03  0.00000000E+00  3.00000000E+01    1.439014E-15 -7.309824E-16   -4.357868E-04  1.191818E-03
  5.80000000E+03  0.00000000E+00  3.00000000E+01   -1.078435E-15  2.024945E-15   -4.600841E-04  1.236323E-03
  5.90000000E+03  0.00000000E+00  3.00000000E+01    1.498003E-15 -2.709352E-15   -4.859831E-04  1.282637E-03
  6.00000000E+03  0.00000000E+00  3.00000000E+01    3.538296E-15 -4.020582E-15   -5.137732E-04  1.331011E-03
  6.10000000E+03  0.00000000E+00  3.00000000E+01    4.495754E-15 -3.301847E-15   -5.434662E-04  1.381392E-03
  6.20000000E+03  0.00000000E+00  3.00000000E+01    2.705304E-15 -2.696809E-15   -5.754054E-04  1.434051E-03
  6.30000000E+03  0.00000000E+00  3.00000000E+01    9.131647E-16 -6.892821E-15   -6.096121E-04  1.488928E-03
  6.40000000E+03  0.00000000E+00  3.00000000E+01    3.678877E-16 -4.680050E-15   -6.465027E-04  1.546319E-03
  6.50000000E+03  0.00000000E+00  3.00000000E+01    1.860659E-15 -1.376229E-15   -6.861018E-04  1.606146E-03
  6.60000000E+03  0.00000000E+00  3.00000000E+01    1.321296E-15 -3.959918E-15   -7.289060E-04  1.668724E-03
  6.70000000E+03  0.00000000E+00  3.00000000E+01    1.080699E-15 -2.047855E-15   -7.749511E-04  1.733960E-03
  6.80000000E+03  0.00000000E+00  3.00000000E+01    2.583379E-15 -2.344529E-15   -8.248379E-04  1.802188E-03
  6.90000000E+03  0.00000000E+00  3.00000000E+01    2.018768E-18  1.181403E-15   -8.786067E-04  1.873291E-03
  7.00000000E+03  0.00000000E+00  3.00000000E+01    1.571595E-15 -1.083272E-15   -9.369710E-04  1.947606E-03
  7.10000000E+03  0.00000000E+00  3.00000000E+01    4.622168E-15 -4.856618E-15   -9.999852E-04  2.024994E-03
  7.20000000E+03  0.00000000E+00  3.00000000E+01   -5.812762E-16 -3.009957E-15   -1.068506E-03  2.105793E-03
  7.30000000E+03  0.00000000E+00  3.00000000E+01   -2.563570E-15 -1.291068E-15   -1.142592E-03  2.189828E-03
  7.40000000E+03  0.00000000E+00  3.00000000E+01    4.246770E-16 -5.480100E-15   -1.223256E-03  2.277417E-03
  7.50000000E+03  0.00000000E+00  3.00000000E+01   -8.920192E-16 -3.916450E-15   -1.310567E-03  2.368344E-03
  7.60000000E+03  0.00000000E+00  3.00000000E+01   -2.500575E-15  3.300177E-16   -1.405736E-03  2.462899E-03
  7.70000000E+03  0.00000000E+00  3.00000000E+01   -7.214934E-15 -4.555606E-16   -1.508829E-03  2.560812E-03
  7.80000000E+03  0.00000000E+00  3.00000000E+01   -2.810604E-16  2.675964E-15   -1.621263E-03  2.662301E-03
  7.90000000E+03  0.00000000E+00  3.00000000E+01    8.452242E-16 -1.334460E-15   -1.743112E-03  2.767044E-03
  8.00000000E+03  0.00000000E+00  3.00000000E+01    3.088666E-16  8.711504E-16   -1.876051E-03  2.875168E-03
  8.10000000E+03  0.00000000E+00  3.00000000E+01    1.277114E-15 -1.981664E-15   -2.020138E-03  2.986272E-03
  8.20000000E+03  0.00000000E+00  3.00000000E+01   -1.002839E-15  2.414601E-15   -2.177314E-03  3.100341E-03
  8.30000000E+03  0.00000000E+00  3.00000000E+01   -1.235321E-15  1.948374E-15   -2.347634E-03  3.216892E-03
  8.40000000E+03  0.00000000E+00  3.00000000E+01    1.111626E-15 -2.044297E-15   -2.533363E-03  3.335726E-03
  8.50000000E+03  0.00000000E+00  3.00000000E+01    1.581008E-15  1.043816E-16   -2.734521E-03  3.456256E-03
  8.60000000E+03  0.00000000E+00  3.00000000E+01    2.671703E-16 -7.577978E-16   -2.953699E-03  3.578020E-03
  8.70000000E+03  0.00000000E+00  3.00000000E+01    3.185965E-15  5.859137E-16   -3.190900E-03  3.700327E-03
  8.80000000E+03  0.00000000E+00  3.00000000E+01    3.490554E-15  3.064458E-15   -3.449110E-03  3.822385E-03
  8.90000000E+03  0.00000000E+00  3.00000000E+01    1.670451E-15 -2.694885E-15   -3.728269E-03  3.943372E-03
  9.00000000E+03  0.00000000E+00  3.00000000E+01   -1.948349E-15  4.516196E-16   -4.031761E-03  4.062066E-03
  9.10000000E+03  0.00000000E+00  3.00000000E+01    2.473858E-15 -3.284534E-15   -4.359483E-03  4.177513E-03
  9.20000000E+03  0.00000000E+00  3.00000000E+01    3.071157E-17 -1.447945E-16   -4.715298E-03  4.287959E-03
  9.30000000E+03  0.00000000E+00  3.00000000E+01    9.574383E-16  2.344271E-16   -5.099019E-03  4.392297E-03
  9.40000000E+03  0.00000000E+00  3.00000000E+01    6.444999E-16 -7.826947E-15   -5.514969E-03  4.488113E-03
  9.50000000E+03  0.00000000E+00  3.00000000E+01   -4.526665E-16 -1.404422E-15   -5.962892E-03  4.574148E-03
  9.60000000E+03  0.00000000E+00  3.00000000E+01   -2.190314E-15  7.833456E-16   -6.447616E-03  4.647198E-03
  9.70000000E+03  0.00000000E+00  3.00000000E+01   -1.123115E-15  2.370007E-15   -6.968577E-03  4.705867E-03
  9.80000000E+03  0.00000000E+00  3.00000000E+01   -1.397845E-15  1.470726E-15   -7.530485E-03  4.746098E-03
  9.90000000E+03  0.00000000E+00  3.00000000E+01   -4.258701E-15  2.863600E-15   -8.131001E-03  4.766630E-03
  1.00000000E+04  0.00000000E+00  3.00000000E+01   -3.152598E-15  1.211129E-15   -8.768319E-03  4.763612E-03
  1.05000000E+04  0.00000000E+00  3.00000000E+01   -3.201293E-15  5.598196E-15   -1.291694E-02  4.192834E-03
 
