 -1.05000000E+04  0.00000000E+00  3.00000000E+01    4.336809E-19  6.722053E-18   -3.659188E-04 -1.095398E-03   -4.336809E-19 -1.734723E-18
 -1.00000000E+04  0.00000000E+00  3.00000000E+01    1.040834E-17  4.770490E-18   -3.655792E-04 -1.093678E-03    8.673617E-19 -3.686287E-18
 -9.90000000E+03  0.00000000E+00  3.00000000E+01   -3.469447E-18  6.071532E-18   -3.655289E-04 -1.093316E-03   -5.204170E-18 -2.602085E-18
 -9.80000000E+03  0.00000000E+00  3.00000000E+01   -8.673617E-18  5.637851E-18   -3.654788E-04 -1.092964E-03   -3.035766E-18 -1.951564E-18
 -9.70000000E+03  0.00000000E+00  3.00000000E+01   -4.336809E-18  3.361027E-18   -3.654277E-04 -1.092620E-03   -2.168404E-18 -3.686287E-18
 -9.60000000E+03  0.00000000E+00  3.00000000E+01   -9.540979E-18  5.854692E-18   -3.653748E-04 -1.092285E-03    1.301043E-18 -1.951564E-18
 -9.50000000E+03  0.00000000E+00  3.00000000E+01   -7.372575E-18  5.312591E-18   -3.653199E-04 -1.091961E-03   -1.734723E-18 -6.505213E-19
 -9.40000000E+03  0.00000000E+00  3.00000000E+01   -5.204170E-18  5.421011E-18   -3.652627E-04 -1.091648E-03   -1.301043E-18  1.301043E-18
 -9.30000000E+03  0.00000000E+00  3.00000000E+01   -1.084202E-17  5.312591E-18   -3.652035E-04 -1.091345E-03    1.301043E-18  0.000000E+00
 -9.20000000E+03  0.00000000E+00  3.00000000E+01   -5.204170E-18  4.336809E-18   -3.651421E-04 -1.091053E-03    1.301043E-18 -1.084202E-18
 -9.10000000E+03  0.00000000E+00  3.00000000E+01   -6.071532E-18  9.540979E-18   -3.650790E-04 -1.090771E-03    4.336809E-19  6.505213E-19
 -9.00000000E+03  0.00000000E+00  3.00000000E+01   -6.938894E-18  6.938894E-18   -3.650141E-04 -1.090500E-03   -8.673617E-19 -1.734723E-18
 -8.90000000E+03  0.00000000E+00  3.00000000E+01   -2.168404E-18  1.246832E-17   -3.649478E-04 -1.090238E-03    3.035766E-18  3.903128E-18
 -8.80000000E+03  0.00000000E+00  3.00000000E+01   -4.336809E-18  8.456777E-18   -3.648802E-04 -1.089987E-03    0.000000E+00 -4.336809E-18
 -8.70000000E+03  0.00000000E+00  3.00000000E+01   -6.071532E-18  7.047314E-18   -3.648116E-04 -1.089745E-03   -4.336809E-19 -8.673617E-19
 -8.60000000E+03  0.00000000E+00  3.00000000E+01   -5.204170E-18  3.686287E-18   -3.647422E-04 -1.089512E-03    2.602085E-18 -3.686287E-18
 -8.50000000E+03  0.00000000E+00  3.00000000E+01   -9.107298E-18 -4.336809E-19   -3.646721E-04 -1.089287E-03   -6.071532E-18 -7.806256E-18
 -8.40000000E+03  0.00000000E+00  3.00000000E+01   -9.540979E-18 -4.336809E-19   -3.646016E-04 -1.089072E-03   -5.204170E-18 -5.204170E-18
 -8.30000000E+03  0.00000000E+00  3.00000000E+01   -1.214306E-17 -1.626303E-18   -3.645307E-04 -1.088864E-03   -6.938894E-18 -3.903128E-18
 -8.20000000E+03  0.00000000E+00  3.00000000E+01    3.469447E-18 -8.673617E-19   -3.644598E-04 -1.088664E-03    2.602085E-18 -3.252607E-18
 -8.10000000E+03  0.00000000E+00  3.00000000E+01   -6.938894E-18 -4.770490E-18   -3.643889E-04 -1.088471E-03    3.903128E-18 -3.903128E-18
 -8.00000000E+03  0.00000000E+00  3.00000000E+01   -7.806256E-18 -3.252607E-18   -3.643181E-04 -1.088285E-03   -1.301043E-18 -1.084202E-18
 -7.90000000E+03  0.00000000E+00  3.00000000E+01   -6.071532E-18 -2.602085E-18   -3.642475E-04 -1.088106E-03   -1.301043E-18 -8.673617E-19
 -7.80000000E+03  0.00000000E+00  3.00000000E+01   -6.071532E-18  0.000000E+00   -3.641774E-04 -1.087934E-03    3.469447E-18  1.301043E-18
 -7.70000000E+03  0.00000000E+00  3.00000000E+01   -1.235990E-17 -2.818926E-18   -3.641077E-04 -1.087768E-03    4.336809E-18  8.673617E-19
 -7.60000000E+03  0.00000000E+00  3.00000000E+01   -1.647987E-17 -6.505213E-19   -3.640386E-04 -1.087609E-03    6.071532E-18  4.336809E-19
 -7.50000000E+03  0.00000000E+00  3.00000000E+01   -1.647987E-17  5.421011E-19   -3.639701E-04 -1.087455E-03    7.372575E-18 -2.602085E-18
 -7.40000000E+03  0.00000000E+00  3.00000000E+01   -1.040834E-17  5.637851E-18   -3.639023E-04 -1.087307E-03    7.372575E-18  1.951564E-18
 -7.30000000E+03  0.00000000E+00  3.00000000E+01   -1.019150E-17 -2.385245E-18   -3.638353E-04 -1.087164E-03    7.372575E-18  2.168404E-19
 -7.20000000E+03  0.00000000E+00  3.00000000E+01   -6.938894E-18 -1.517883E-18   -3.637691E-04 -1.087026E-03    3.035766E-18  3.469447E-18
 -7.10000000E+03  0.00000000E+00  3.00000000E+01   -5.204170E-18 -2.059984E-18   -3.637038E-04 -1.086893E-03    3.469447E-18  2.602085E-18
 -7.00000000E+03  0.00000000E+00  3.00000000E+01   -7.806256E-18  6.505213E-19   -3.636394E-04 -1.086765E-03    4.770490E-18  4.336809E-19
 -6.90000000E+03  0.00000000E+00  3.00000000E+01   -2.385245E-18  1.951564E-18   -3.635759E-04 -1.086641E-03   -4.336809E-19 -8.673617E-19
 -6.80000000E+03  0.00000000E+00  3.00000000E+01    4.336809E-19 -2.168404E-19   -3.635134E-04 -1.086522E-03    1.301043E-18 -1.084202E-18
 -6.70000000E+03  0.00000000E+00  3.00000000E+01   -3.035766E-18 -2.059984E-18   -3.634518E-04 -1.086407E-03   -2.602085E-18 -4.119968E-18
 -6.60000000E+03  0.00000000E+00  3.00000000E+01   -3.903128E-18  1.951564E-18   -3.633914E-04 -1.086297E-03   -1.301043E-18 -4.336809E-18
 -6.50000000E+03  0.00000000E+00  3.00000000E+01   -1.084202E-18  3.252607E-19   -3.633319E-04 -1.086190E-03   -5.637851E-18 -3.035766E-18
 -6.40000000E+03  0.00000000E+00  3.00000000E+01   -1.734723E-18 -1.951564E-18   -3.632735E-04 -1.086086E-03   -8.673617E-19 -4.987330E-18
 -6.30000000E+03  0.00000000E+00  3.00000000E+01   -1.951564E-18 -2.276825E-18   -3.632161E-04 -1.085987E-03   -1.734723E-18 -4.987330E-18
 -6.20000000E+03  0.00000000E+00  3.00000000E+01   -4.336809E-19 -5.529431E-18   -3.631599E-04 -1.085891E-03    5.637851E-18 -3.686287E-18
 -6.10000000E+03  0.00000000E+00  3.00000000E+01   -1.951564E-18 -4.662069E-18   -3.631047E-04 -1.085798E-03    2.602085E-18 -2.818926E-18
 -6.00000000E+03  0.00000000E+00  3.00000000E+01   -3.469447E-18 -4.011548E-18   -3.630506E-04 -1.085709E-03    3.469447E-18 -4.336809E-19
 -5.90000000E+03  0.00000000E+00  3.00000000E+01   -1.517883E-17 -6.722053E-18   -3.629976E-04 -1.085622E-03    9.107298E-18 -8.673617E-19
 -5.80000000E+03  0.00000000E+00  3.00000000E+01   -1.431147E-17 -6.722053E-18   -3.629457E-04 -1.085539E-03    8.673617E-19 -4.336809E-19
 -5.70000000E+03  0.00000000E+00  3.00000000E+01   -6.505213E-18 -4.499439E-18   -3.628948E-04 -1.085458E-03   -1.301043E-18  1.301043E-18
 -5.60000000E+03  0.00000000E+00  3.00000000E+01   -3.469447E-18 -5.312591E-18   -3.628451E-04 -1.085381E-03    6.505213E-18 -4.336809E-19
 -5.50000000E+03  0.00000000E+00  3.00000000E+01   -7.806256E-18 -4.011548E-18   -3.627964E-04 -1.085305E-03    4.770490E-18 -4.770490E-18
 -5.40000000E+03  0.00000000E+00  3.00000000E+01   -7.806256E-18 -6.505213E-19   -3.627488E-04 -1.085233E-03    4.336809E-19 -2.168404E-18
 -5.30000000E+03  0.00000000E+00  3.00000000E+01   -4.336809E-18 -4.228388E-18   -3.627023E-04 -1.085163E-03    5.204170E-18  0.000000E+00
 -5.20000000E+03  0.00000000E+00  3.00000000E+01   -4.336809E-18 -3.252607E-18   -3.626568E-04 -1.085096E-03   -8.673617E-19 -2.385245E-18
 -5.10000000E+03  0.00000000E+00  3.00000000E+01   -6.505213E-19 -2.547875E-18   -3.626124E-04 -1.085030E-03   -2.602085E-18 -8.673617E-19
 -5.00000000E+03  0.00000000E+00  3.00000000E+01   -1.647987E-17 -8.239937E-18   -3.625691E-04 -1.084968E-03    2.168404E-18 -1.301043E-18
 -4.90000000E+03  0.00000000E+00  3.00000000E+01   -1.105886E-17 -4.391019E-18   -3.625268E-04 -1.084907E-03    1.734723E-18  1.734723E-18
 -4.80000000E+03  0.00000000E+00  3.00000000E+01   -9.540979E-18 -4.662069E-18   -3.624855E-04 -1.084848E-03    8.673617E-19 -3.035766E-18
 -4.70000000E+03  0.00000000E+00  3.00000000E+01   -8.456777E-18 -4.716279E-18   -3.624453E-04 -1.084792E-03    8.673617E-19  1.517883E-18
 -4.60000000E+03  0.00000000E+00  3.00000000E+01   -9.540979E-18 -4.553649E-18   -3.624061E-04 -1.084737E-03    7.806256E-18 -1.084202E-18
 -4.50000000E+03  0.00000000E+00  3.00000000E+01   -6.505213E-18 -7.372575E-18   -3.623679E-04 -1.084684E-03   -1.734723E-18 -6.505213E-19
 -4.40000000E+03  0.00000000E+00  3.00000000E+01   -6.071532E-18 -8.348357E-18   -3.623307E-04 -1.084634E-03    4.336809E-19 -1.084202E-18
 -4.30000000E+03  0.00000000E+00  3.00000000E+01   -1.062518E-17 -6.071532E-18   -3.622945E-04 -1.084584E-03   -8.673617E-19 -4.336809E-19
 -4.20000000E+03  0.00000000E+00  3.00000000E+01   -1.431147E-17 -6.938894E-18   -3.622593E-04 -1.084537E-03    4.336809E-18 -1.301043E-18
 -4.10000000E+03  0.00000000E+00  3.00000000E+01   -3.469447E-18 -7.752046E-18   -3.622250E-04 -1.084492E-03    4.336809E-19 -4.336809E-19
 -4.00000000E+03  0.00000000E+00  3.00000000E+01   -5.204170E-18 -6.288373E-18   -3.621918E-04 -1.084448E-03    4.336809E-19  3.252607E-18
 -3.90000000E+03  0.00000000E+00  3.00000000E+01   -8.565197E-18 -8.619407E-18   -3.621594E-04 -1.084405E-03    2.602085E-18 -4.336809E-19
 -3.80000000E+03  0.00000000E+00  3.00000000E+01   -7.806256E-18 -6.179952E-18   -3.621281E-04 -1.084365E-03    2.602085E-18  0.000000E+00
 -3.70000000E+03  0.00000000E+00  3.00000000E+01   -6.396793E-18 -7.480995E-18   -3.620976E-04 -1.084325E-03    3.469447E-18 -8.673617E-19
 -3.60000000E+03  0.00000000E+00  3.00000000E+01   -7.806256E-18 -7.047314E-18   -3.620682E-04 -1.084288E-03   -4.336809E-18 -1.301043E-18
 -3.50000000E+03  0.00000000E+00  3.00000000E+01   -4.336809E-18 -5.366801E-18   -3.620395E-04 -1.084251E-03   -8.673617E-19 -3.469447E-18
 -3.40000000E+03  0.00000000E+00  3.00000000E+01   -4.770490E-18 -5.746272E-18   -3.620119E-04 -1.084216E-03    3.035766E-18 -1.301043E-18
 -3.30000000E+03  0.00000000E+00  3.00000000E+01   -3.361027E-18 -4.065758E-18   -3.619851E-04 -1.084183E-03   -1.301043E-18  4.553649E-18
 -3.20000000E+03  0.00000000E+00  3.00000000E+01    8.673617E-19 -4.011548E-18   -3.619592E-04 -1.084150E-03    1.301043E-18 -4.336809E-19
 -3.10000000E+03  0.00000000E+00  3.00000000E+01   -4.553649E-18 -3.984443E-18   -3.619342E-04 -1.084119E-03   -4.336809E-19  1.734723E-18
 -3.00000000E+03  0.00000000E+00  3.00000000E+01   -3.469447E-18 -2.818926E-18   -3.619101E-04 -1.084090E-03   -4.336809E-19  1.517883E-18
 -2.90000000E+03  0.00000000E+00  3.00000000E+01   -5.421011E-18 -3.930233E-18   -3.618869E-04 -1.084061E-03    4.336809E-19  1.734723E-18
 -2.80000000E+03  0.00000000E+00  3.00000000E+01   -4.553649E-18 -1.084202E-18   -3.618645E-04 -1.084034E-03    0.000000E+00  1.951564E-18
 -2.70000000E+03  0.00000000E+00  3.00000000E+01   -4.878910E-18 -3.496552E-18   -3.618429E-04 -1.084008E-03   -3.469447E-18 -1.084202E-18
 -2.60000000E+03  0.00000000E+00  3.00000000E+01   -4.553649E-18 -5.421011E-19   -3.618223E-04 -1.083983E-03   -8.673617E-19  1.084202E-18
 -2.50000000E+03  0.00000000E+00  3.00000000E+01   -3.144186E-18 -1.165517E-18   -3.618024E-04 -1.083959E-03    5.204170E-18  1.301043E-18
 -2.40000000E+03  0.00000000E+00  3.00000000E+01   -4.119968E-18 -3.415237E-18   -3.617834E-04 -1.083936E-03    2.602085E-18 -8.673617E-19
 -2.30000000E+03  0.00000000E+00  3.00000000E+01   -2.059984E-18 -1.273938E-18   -3.617652E-04 -1.083915E-03    4.336809E-19 -2.168404E-19
 -2.20000000E+03  0.00000000E+00  3.00000000E+01   -8.673617E-19 -3.198396E-18   -3.617479E-04 -1.083894E-03   -2.168404E-18 -1.301043E-18
 -2.10000000E+03  0.00000000E+00  3.00000000E+01    2.493665E-18 -2.466560E-18   -3.617313E-04 -1.083875E-03   -3.903128E-18 -6.505213E-19
 -2.00000000E+03  0.00000000E+00  3.00000000E+01   -2.818926E-18 -4.607859E-18   -3.617156E-04 -1.083856E-03    3.469447E-18 -6.505213E-19
 -1.90000000E+03  0.00000000E+00  3.00000000E+01   -2.005774E-18 -2.818926E-18   -3.617006E-04 -1.083839E-03   -8.673617E-19 -2.168404E-19
 -1.80000000E+03  0.00000000E+00  3.00000000E+01   -2.385245E-18 -1.192622E-18   -3.616865E-04 -1.083822E-03   -4.336809E-19  4.336809E-19
 -1.70000000E+03  0.00000000E+00  3.00000000E+01   -8.673617E-19  1.355253E-19   -3.616731E-04 -1.083807E-03    3.903128E-18  4.336809E-19
 -1.60000000E+03  0.00000000E+00  3.00000000E+01   -3.686287E-18  5.421011E-20   -3.616606E-04 -1.083792E-03   -5.637851E-18 -2.168404E-18
 -1.50000000E+03  0.00000000E+00  3.00000000E+01    5.908902E-18  3.997996E-18   -3.616488E-04 -1.083778E-03   -4.336809E-19  4.336809E-19
 -1.40000000E+03  0.00000000E+00  3.00000000E+01   -2.168404E-19  1.788934E-18   -3.616378E-04 -1.083766E-03    4.336809E-19  6.505213E-19
 -1.30000000E+03  0.00000000E+00  3.00000000E+01   -1.463673E-18  2.818926E-18   -3.616276E-04 -1.083754E-03    3.035766E-18  3.903128E-18
 -1.20000000E+03  0.00000000E+00  3.00000000E+01   -6.505213E-19  2.087089E-18   -3.616181E-04 -1.083743E-03   -4.336809E-19 -1.734723E-18
 -1.10000000E+03  0.00000000E+00  3.00000000E+01    2.331035E-18  1.910906E-18   -3.616094E-04 -1.083733E-03    0.000000E+00 -2.168404E-19
 -1.00000000E+03  0.00000000E+00  3.00000000E+01    2.276825E-18  1.517883E-18   -3.616015E-04 -1.083724E-03   -3.035766E-18 -8.673617E-19
 -9.00000000E+02  0.00000000E+00  3.00000000E+01   -2.439455E-18  4.472334E-19   -3.615944E-04 -1.083716E-03    4.336809E-18  0.000000E+00
 -8.00000000E+02  0.00000000E+00  3.00000000E+01   -2.005774E-18 -2.493665E-18   -3.615880E-04 -1.083709E-03    7.372575E-18 -1.951564E-18
 -7.00000000E+02  0.00000000E+00  3.00000000E+01   -3.632077E-18 -2.527546E-18   -3.615823E-04 -1.083702E-03    2.168404E-18 -2.168404E-19
 -6.00000000E+02  0.00000000E+00  3.00000000E+01   -2.168404E-18 -2.236167E-18   -3.615775E-04 -1.083697E-03    3.035766E-18  2.168404E-19
 -5.00000000E+02  0.00000000E+00  3.00000000E+01   -1.612751E-18 -5.055093E-18   -3.615733E-04 -1.083692E-03    4.770490E-18 -8.673617E-19
 -4.00000000E+02  0.00000000E+00  3.00000000E+01   -5.963112E-19 -6.037651E-18   -3.615700E-04 -1.083688E-03    1.301043E-18  4.119968E-18
 -3.00000000E+02  0.00000000E+00  3.00000000E+01   -2.710505E-18 -5.929231E-18   -3.615673E-04 -1.083685E-03   -2.168404E-18  8.673617E-19
 -2.00000000E+02  0.00000000E+00  3.00000000E+01   -5.800482E-18 -9.266540E-18   -3.615655E-04 -1.083683E-03   -3.035766E-18 -4.336809E-19
 -1.00000000E+02  0.00000000E+00  3.00000000E+01   -5.173677E-18 -5.686979E-18   -3.615643E-04 -1.083682E-03    1.301043E-18  4.336809E-18
  0.00000000E+00  0.00000000E+00  3.00000000E+01    1.703863E-18 -3.286894E-18   -3.615640E-04 -1.083681E-03    1.734723E-18  5.854692E-18
  1.00000000E+02  0.00000000E+00  3.00000000E+01    7.250602E-19 -2.178569E-18   -3.615643E-04 -1.083682E-03   -4.336809E-19  6.505213E-18
  2.00000000E+02  0.00000000E+00  3.00000000E+01   -6.911789E-19 -1.677125E-18   -3.615655E-04 -1.083683E-03   -4.336809E-19  3.686287E-18
  3.00000000E+02  0.00000000E+00  3.00000000E+01   -1.287490E-18 -2.812149E-19   -3.615673E-04 -1.083685E-03    2.602085E-18  4.770490E-18
  4.00000000E+02  0.00000000E+00  3.00000000E+01   -4.065758E-18  5.149960E-19   -3.615700E-04 -1.083688E-03    3.469447E-18  5.637851E-18
  5.00000000E+02  0.00000000E+00  3.00000000E+01   -6.505213E-19  1.605974E-18   -3.615733E-04 -1.083692E-03    6.071532E-18  4.119968E-18
  6.00000000E+02  0.00000000E+00  3.00000000E+01    1.951564E-18  2.656295E-18   -3.615775E-04 -1.083697E-03   -4.336809E-18  4.987330E-18
  7.00000000E+02  0.00000000E+00  3.00000000E+01   -1.680513E-18  3.137410E-18   -3.615823E-04 -1.083702E-03    8.673617E-18  3.903128E-18
  8.00000000E+02  0.00000000E+00  3.00000000E+01   -5.963112E-18  1.843144E-18   -3.615880E-04 -1.083709E-03    2.602085E-18  4.553649E-18
  9.00000000E+02  0.00000000E+00  3.00000000E+01    4.878910E-19  8.267042E-19   -3.615944E-04 -1.083716E-03    3.469447E-18 -2.168404E-19
  1.00000000E+03  0.00000000E+00  3.00000000E+01    3.035766E-18 -2.331035E-18   -3.616015E-04 -1.083724E-03    3.035766E-18  1.517883E-18
  1.10000000E+03  0.00000000E+00  3.00000000E+01    4.336809E-19  2.019327E-18   -3.616094E-04 -1.083733E-03    0.000000E+00 -1.301043E-18
  1.20000000E+03  0.00000000E+00  3.00000000E+01    7.914676E-18  7.264155E-18   -3.616181E-04 -1.083743E-03   -1.734723E-18 -1.084202E-18
  1.30000000E+03  0.00000000E+00  3.00000000E+01   -1.084202E-19  3.781155E-18   -3.616276E-04 -1.083754E-03   -1.301043E-18 -1.084202E-18
  1.40000000E+03  0.00000000E+00  3.00000000E+01   -1.517883E-18  3.876023E-18   -3.616378E-04 -1.083766E-03   -4.336809E-19 -4.336809E-19
  1.50000000E+03  0.00000000E+00  3.00000000E+01   -2.927346E-18  3.266159E-18   -3.616488E-04 -1.083778E-03    8.673617E-19  0.000000E+00
  1.60000000E+03  0.00000000E+00  3.00000000E+01   -6.179952E-18  1.626303E-18   -3.616606E-04 -1.083792E-03   -1.301043E-18  1.301043E-18
  1.70000000E+03  0.00000000E+00  3.00000000E+01   -1.463673E-18  1.626303E-18   -3.616731E-04 -1.083807E-03   -5.204170E-18  2.168404E-19
  1.80000000E+03  0.00000000E+00  3.00000000E+01   -3.252607E-18  3.794708E-19   -3.616865E-04 -1.083822E-03   -2.602085E-18 -8.673617E-19
  1.90000000E+03  0.00000000E+00  3.00000000E+01   -1.626303E-18  4.499439E-18   -3.617006E-04 -1.083839E-03   -2.168404E-18 -1.084202E-18
  2.00000000E+03  0.00000000E+00  3.00000000E+01   -1.084202E-18  1.355253E-18   -3.617156E-04 -1.083856E-03    0.000000E+00 -1.951564E-18
  2.10000000E+03  0.00000000E+00  3.00000000E+01   -2.276825E-18  3.848918E-18   -3.617313E-04 -1.083875E-03   -3.035766E-18 -1.734723E-18
  2.20000000E+03  0.00000000E+00  3.00000000E+01   -4.336809E-19  4.391019E-18   -3.617479E-04 -1.083894E-03   -6.505213E-18 -1.951564E-18
  2.30000000E+03  0.00000000E+00  3.00000000E+01   -6.505213E-19  4.418124E-18   -3.617652E-04 -1.083915E-03   -3.035766E-18 -1.301043E-18
  2.40000000E+03  0.00000000E+00  3.00000000E+01   -3.903128E-18  4.770490E-18   -3.617834E-04 -1.083936E-03   -6.071532E-18 -2.385245E-18
  2.50000000E+03  0.00000000E+00  3.00000000E+01   -3.577867E-18  2.656295E-18   -3.618024E-04 -1.083959E-03   -8.673617E-18 -1.301043E-18
  2.60000000E+03  0.00000000E+00  3.00000000E+01   -2.168404E-19  2.222614E-18   -3.618223E-04 -1.083983E-03   -5.637851E-18 -2.385245E-18
  2.70000000E+03  0.00000000E+00  3.00000000E+01   -1.626303E-18  2.249720E-18   -3.618429E-04 -1.084008E-03   -6.505213E-18 -1.301043E-18
  2.80000000E+03  0.00000000E+00  3.00000000E+01    2.168404E-19  4.445229E-18   -3.618645E-04 -1.084034E-03   -3.469447E-18  0.000000E+00
  2.90000000E+03  0.00000000E+00  3.00000000E+01    5.312591E-18  2.791821E-18   -3.618869E-04 -1.084061E-03   -2.602085E-18  3.252607E-18
  3.00000000E+03  0.00000000E+00  3.00000000E+01    4.336809E-18  4.662069E-18   -3.619101E-04 -1.084090E-03   -3.903128E-18  1.734723E-18
  3.10000000E+03  0.00000000E+00  3.00000000E+01    1.301043E-18  1.328148E-18   -3.619342E-04 -1.084119E-03   -4.336809E-18  1.517883E-18
  3.20000000E+03  0.00000000E+00  3.00000000E+01    6.071532E-18 -1.138412E-18   -3.619592E-04 -1.084150E-03   -2.168404E-18  3.469447E-18
  3.30000000E+03  0.00000000E+00  3.00000000E+01    3.686287E-18 -2.358140E-18   -3.619851E-04 -1.084183E-03   -5.204170E-18  8.673617E-19
  3.40000000E+03  0.00000000E+00  3.00000000E+01   -2.385245E-18 -3.577867E-18   -3.620119E-04 -1.084216E-03   -5.637851E-18  4.770490E-18
  3.50000000E+03  0.00000000E+00  3.00000000E+01   -4.662069E-18 -7.318365E-18   -3.620395E-04 -1.084251E-03   -3.469447E-18  6.071532E-18
  3.60000000E+03  0.00000000E+00  3.00000000E+01   -3.903128E-18 -4.662069E-18   -3.620682E-04 -1.084288E-03   -3.035766E-18  1.084202E-18
  3.70000000E+03  0.00000000E+00  3.00000000E+01   -6.179952E-18 -3.306817E-18   -3.620976E-04 -1.084325E-03   -6.505213E-18  4.987330E-18
  3.80000000E+03  0.00000000E+00  3.00000000E+01   -5.637851E-18 -2.168404E-19   -3.621281E-04 -1.084365E-03   -8.673617E-19  6.071532E-18
  3.90000000E+03  0.00000000E+00  3.00000000E+01   -5.963112E-18 -2.547875E-18   -3.621594E-04 -1.084405E-03    4.336809E-18  3.035766E-18
  4.00000000E+03  0.00000000E+00  3.00000000E+01   -1.301043E-18  0.000000E+00   -3.621918E-04 -1.084448E-03   -4.336809E-18  4.336809E-19
  4.10000000E+03  0.00000000E+00  3.00000000E+01   -6.071532E-18  1.626303E-19   -3.622250E-04 -1.084492E-03   -7.806256E-18  4.336809E-18
  4.20000000E+03  0.00000000E+00  3.00000000E+01    1.301043E-18  4.445229E-18   -3.622593E-04 -1.084537E-03    1.301043E-18  2.602085E-18
  4.30000000E+03  0.00000000E+00  3.00000000E+01   -1.040834E-17  3.306817E-18   -3.622945E-04 -1.084584E-03    1.301043E-18  1.084202E-18
  4.40000000E+03  0.00000000E+00  3.00000000E+01   -2.602085E-18  1.843144E-18   -3.623307E-04 -1.084634E-03   -2.602085E-18  2.385245E-18
  4.50000000E+03  0.00000000E+00  3.00000000E+01    1.084202E-18  1.355253E-18   -3.623679E-04 -1.084684E-03   -5.204170E-18  2.602085E-18
  4.60000000E+03  0.00000000E+00  3.00000000E+01   -1.734723E-18  1.626303E-18   -3.624061E-04 -1.084737E-03    4.336809E-19  1.517883E-18
  4.70000000E+03  0.00000000E+00  3.00000000E+01    2.168404E-18  6.505213E-19   -3.624453E-04 -1.084792E-03   -3.469447E-18 -8.673617E-19
  4.80000000E+03  0.00000000E+00  3.00000000E+01    0.000000E+00 -1.626303E-18   -3.624855E-04 -1.084848E-03   -2.602085E-18 -2.168404E-19
  4.90000000E+03  0.00000000E+00  3.00000000E+01    3.903128E-18 -5.421011E-18   -3.625268E-04 -1.084907E-03   -3.469447E-18  6.505213E-19
  5.00000000E+03  0.00000000E+00  3.00000000E+01    6.505213E-18 -4.662069E-18   -3.625691E-04 -1.084968E-03   -2.168404E-18  2.385245E-18
  5.10000000E+03  0.00000000E+00  3.00000000E+01    2.168404E-18 -1.355253E-18   -3.626124E-04 -1.085030E-03    0.000000E+00  2.168404E-19
  5.20000000E+03  0.00000000E+00  3.00000000E+01   -1.301043E-18  3.252607E-19   -3.626568E-04 -1.085096E-03   -5.204170E-18 -2.385245E-18
  5.30000000E+03  0.00000000E+00  3.00000000E+01   -1.301043E-18  1.192622E-18   -3.627023E-04 -1.085163E-03    1.734723E-18  6.505213E-19
  5.40000000E+03  0.00000000E+00  3.00000000E+01   -4.770490E-18 -1.084202E-18   -3.627488E-04 -1.085233E-03    2.602085E-18  6.505213E-19
  5.50000000E+03  0.00000000E+00  3.00000000E+01   -9.540979E-18 -3.848918E-18   -3.627964E-04 -1.085305E-03   -4.336809E-18 -3.903128E-18
  5.60000000E+03  0.00000000E+00  3.00000000E+01   -7.372575E-18 -5.204170E-18   -3.628451E-04 -1.085381E-03   -4.336809E-19  2.168404E-19
  5.70000000E+03  0.00000000E+00  3.00000000E+01   -7.155734E-18 -9.649399E-18   -3.628948E-04 -1.085458E-03   -1.301043E-18 -1.301043E-18
  5.80000000E+03  0.00000000E+00  3.00000000E+01   -4.770490E-18 -8.348357E-18   -3.629457E-04 -1.085539E-03    2.602085E-18  4.336809E-19
  5.90000000E+03  0.00000000E+00  3.00000000E+01   -9.324139E-18 -8.673617E-18   -3.629976E-04 -1.085622E-03   -3.469447E-18 -6.505213E-19
  6.00000000E+03  0.00000000E+00  3.00000000E+01   -5.204170E-18 -6.938894E-18   -3.630506E-04 -1.085709E-03   -5.637851E-18 -2.385245E-18
  6.10000000E+03  0.00000000E+00  3.00000000E+01   -5.637851E-18 -7.480995E-18   -3.631047E-04 -1.085798E-03   -5.204170E-18 -3.686287E-18
  6.20000000E+03  0.00000000E+00  3.00000000E+01    2.168404E-18 -6.288373E-18   -3.631599E-04 -1.085891E-03   -3.903128E-18 -1.951564E-18
  6.30000000E+03  0.00000000E+00  3.00000000E+01    8.673617E-19 -7.697835E-18   -3.632161E-04 -1.085987E-03   -7.806256E-18  1.517883E-18
  6.40000000E+03  0.00000000E+00  3.00000000E+01   -2.602085E-18 -6.938894E-18   -3.632735E-04 -1.086086E-03   -5.204170E-18  1.301043E-18
  6.50000000E+03  0.00000000E+00  3.00000000E+01    1.084202E-18 -2.005774E-18   -3.633319E-04 -1.086190E-03   -2.168404E-18 -1.517883E-18
  6.60000000E+03  0.00000000E+00  3.00000000E+01   -4.336809E-18 -4.878910E-18   -3.633914E-04 -1.086297E-03   -4.770490E-18  0.000000E+00
  6.70000000E+03  0.00000000E+00  3.00000000E+01   -5.204170E-18 -6.613633E-18   -3.634518E-04 -1.086407E-03   -2.602085E-18 -4.336809E-19
  6.80000000E+03  0.00000000E+00  3.00000000E+01   -2.168404E-18 -8.456777E-18   -3.635134E-04 -1.086522E-03   -3.469447E-18 -1.951564E-18
  6.90000000E+03  0.00000000E+00  3.00000000E+01   -4.553649E-18 -7.480995E-18   -3.635759E-04 -1.086641E-03    1.301043E-18 -4.336809E-19
  7.00000000E+03  0.00000000E+00  3.00000000E+01    2.602085E-18 -8.456777E-18   -3.636394E-04 -1.086765E-03   -1.734723E-18 -1.301043E-18
  7.10000000E+03  0.00000000E+00  3.00000000E+01   -2.168404E-18 -9.215718E-18   -3.637038E-04 -1.086893E-03   -6.938894E-18 -3.252607E-18
  7.20000000E+03  0.00000000E+00  3.00000000E+01   -1.734723E-18 -1.084202E-17   -3.637691E-04 -1.087026E-03   -3.035766E-18  1.734723E-18
  7.30000000E+03  0.00000000E+00  3.00000000E+01   -8.456777E-18 -1.257675E-17   -3.638353E-04 -1.087164E-03   -4.336809E-19  3.252607E-18
  7.40000000E+03  0.00000000E+00  3.00000000E+01   -1.257675E-17 -1.149254E-17   -3.639023E-04 -1.087307E-03   -6.071532E-18  1.517883E-18
  7.50000000E+03  0.00000000E+00  3.00000000E+01   -8.890458E-18 -8.239937E-18   -3.639701E-04 -1.087455E-03   -3.903128E-18  2.385245E-18
  7.60000000E+03  0.00000000E+00  3.00000000E+01   -4.770490E-18 -1.019150E-17   -3.640386E-04 -1.087609E-03    1.301043E-18  2.602085E-18
  7.70000000E+03  0.00000000E+00  3.00000000E+01   -3.686287E-18 -1.225148E-17   -3.641077E-04 -1.087768E-03    2.168404E-18  8.023096E-18
  7.80000000E+03  0.00000000E+00  3.00000000E+01    1.301043E-18 -9.107298E-18   -3.641774E-04 -1.087934E-03    3.035766E-18 -6.505213E-19
  7.90000000E+03  0.00000000E+00  3.00000000E+01   -4.119968E-18 -6.505213E-18   -3.642475E-04 -1.088106E-03   -1.734723E-18 -4.336809E-19
  8.00000000E+03  0.00000000E+00  3.00000000E+01   -4.336809E-18 -8.239937E-18   -3.643181E-04 -1.088285E-03    8.673617E-19 -6.505213E-19
  8.10000000E+03  0.00000000E+00  3.00000000E+01    8.673617E-19 -7.372575E-18   -3.643889E-04 -1.088471E-03   -2.602085E-18 -6.505213E-19
  8.20000000E+03  0.00000000E+00  3.00000000E+01   -5.204170E-18 -9.757820E-18   -3.644598E-04 -1.088664E-03    3.035766E-18  2.168404E-19
  8.30000000E+03  0.00000000E+00  3.00000000E+01   -1.301043E-18 -8.456777E-18   -3.645307E-04 -1.088864E-03    2.602085E-18  6.505213E-19
  8.40000000E+03  0.00000000E+00  3.00000000E+01    1.734723E-18 -1.019150E-17   -3.646016E-04 -1.089072E-03   -2.602085E-18 -4.336809E-19
  8.50000000E+03  0.00000000E+00  3.00000000E+01    4.336809E-19 -8.782038E-18   -3.646721E-04 -1.089287E-03   -4.336809E-19 -1.734723E-18
  8.60000000E+03  0.00000000E+00  3.00000000E+01   -5.204170E-18 -1.127570E-17   -3.647422E-04 -1.089512E-03   -8.673617E-19  0.000000E+00
  8.70000000E+03  0.00000000E+00  3.00000000E+01   -1.214306E-17 -1.387779E-17   -3.648116E-04 -1.089745E-03   -4.336809E-19 -3.686287E-18
  8.80000000E+03  0.00000000E+00  3.00000000E+01   -2.255141E-17 -6.288373E-18   -3.648802E-04 -1.089987E-03    2.168404E-18 -4.987330E-18
  8.90000000E+03  0.00000000E+00  3.00000000E+01   -1.387779E-17 -6.722053E-18   -3.649478E-04 -1.090238E-03   -3.469447E-18 -8.673617E-19
  9.00000000E+03  0.00000000E+00  3.00000000E+01   -1.301043E-17 -1.105886E-17   -3.650141E-04 -1.090500E-03    1.301043E-18  1.951564E-18
  9.10000000E+03  0.00000000E+00  3.00000000E+01   -1.994932E-17 -1.485357E-17   -3.650790E-04 -1.090771E-03   -4.336809E-18 -1.517883E-18
  9.20000000E+03  0.00000000E+00  3.00000000E+01   -2.168404E-17 -1.561251E-17   -3.651421E-04 -1.091053E-03    0.000000E+00  0.000000E+00
  9.30000000E+03  0.00000000E+00  3.00000000E+01   -6.071532E-18 -1.431147E-17   -3.652035E-04 -1.091345E-03    0.000000E+00 -1.084202E-18
  9.40000000E+03  0.00000000E+00  3.00000000E+01   -1.040834E-17 -1.084202E-17   -3.652627E-04 -1.091648E-03   -8.673617E-18  2.168404E-18
  9.50000000E+03  0.00000000E+00  3.00000000E+01   -8.673617E-19 -1.355253E-17   -3.653199E-04 -1.091961E-03   -1.301043E-18  1.084202E-18
  9.60000000E+03  0.00000000E+00  3.00000000E+01   -3.469447E-18 -1.214306E-17   -3.653748E-04 -1.092285E-03    1.734723E-18  2.168404E-18
  9.70000000E+03  0.00000000E+00  3.00000000E+01    1.301043E-18 -9.540979E-18   -3.654277E-04 -1.092620E-03    3.035766E-18  4.336809E-19
  9.80000000E+03  0.00000000E+00  3.00000000E+01    8.673617E-19 -1.192622E-17   -3.654788E-04 -1.092964E-03    2.168404E-18  1.084202E-18
  9.90000000E+03  0.00000000E+00  3.00000000E+01   -3.469447E-18 -1.149254E-17   -3.655289E-04 -1.093316E-03    4.770490E-18  3.686287E-18
  1.00000000E+04  0.00000000E+00  3.00000000E+01   -9.540979E-18 -8.673617E-18   -3.655792E-04 -1.093678E-03    2.602085E-18  3.035766E-18
  1.05000000E+04  0.00000000E+00  3.00000000E+01   -3.469447E-18 -5.746272E-18   -3.659188E-04 -1.095398E-03    7.372575E-18  1.517883E-18
