 -1.05000000E+04  0.00000000E+00  3.00000000E+01    3.187210E-04  1.183148E-03    6.778614E-18 -4.691042E-18    9.077644E-06  1.394631E-05
 -1.00000000E+04  0.00000000E+00  3.00000000E+01    3.191804E-04  1.195076E-03    9.848779E-19 -5.263800E-18    8.491556E-06  8.958361E-06
 -9.90000000E+03  0.00000000E+00  3.00000000E+01    3.193247E-04  1.197028E-03    7.703370E-18 -4.444524E-19    8.302217E-06  8.210930E-06
 -9.80000000E+03  0.00000000E+00  3.00000000E+01    3.194860E-04  1.198877E-03    1.801718E-17  6.058490E-18    8.095874E-06  7.511816E-06
 -9.70000000E+03  0.00000000E+00  3.00000000E+01    3.196640E-04  1.200623E-03    5.099699E-18 -1.152562E-18    7.877575E-06  6.862338E-06
 -9.60000000E+03  0.00000000E+00  3.00000000E+01    3.198564E-04  1.202280E-03    3.689771E-18 -5.692047E-19    7.649544E-06  6.265402E-06
 -9.50000000E+03  0.00000000E+00  3.00000000E+01    3.200635E-04  1.203848E-03   -3.184670E-18 -5.487826E-18    7.415083E-06  5.714398E-06
 -9.40000000E+03  0.00000000E+00  3.00000000E+01    3.202833E-04  1.205341E-03   -2.310101E-18 -1.591437E-21    7.176057E-06  5.209948E-06
 -9.30000000E+03  0.00000000E+00  3.00000000E+01    3.205156E-04  1.206757E-03    1.798335E-18 -1.304325E-17    6.934749E-06  4.745476E-06
 -9.20000000E+03  0.00000000E+00  3.00000000E+01    3.207585E-04  1.208107E-03    1.435281E-17 -6.434835E-18    6.692785E-06  4.321186E-06
 -9.10000000E+03  0.00000000E+00  3.00000000E+01    3.210117E-04  1.209391E-03    9.810316E-18 -1.341208E-18    6.451689E-06  3.931287E-06
 -9.00000000E+03  0.00000000E+00  3.00000000E+01    3.212733E-04  1.210616E-03    3.693004E-18 -1.190031E-18    6.212899E-06  3.575881E-06
 -8.90000000E+03  0.00000000E+00  3.00000000E+01    3.215428E-04  1.211782E-03    1.387616E-18 -7.568339E-19    5.977306E-06  3.249887E-06
 -8.80000000E+03  0.00000000E+00  3.00000000E+01    3.218187E-04  1.212896E-03    5.613257E-19 -4.492984E-18    5.746144E-06  2.953298E-06
 -8.70000000E+03  0.00000000E+00  3.00000000E+01    3.221003E-04  1.213957E-03    5.350985E-18  1.818464E-18    5.519829E-06  2.681741E-06
 -8.60000000E+03  0.00000000E+00  3.00000000E+01    3.223863E-04  1.214972E-03   -1.664547E-18 -8.240904E-19    5.299426E-06  2.435158E-06
 -8.50000000E+03  0.00000000E+00  3.00000000E+01    3.226759E-04  1.215939E-03    3.817122E-18  2.460145E-18    5.084960E-06  2.209760E-06
 -8.40000000E+03  0.00000000E+00  3.00000000E+01    3.229681E-04  1.216864E-03    2.665687E-18  5.305274E-18    4.877320E-06  2.005425E-06
 -8.30000000E+03  0.00000000E+00  3.00000000E+01    3.232621E-04  1.217746E-03    9.971746E-18  5.603364E-18    4.676258E-06  1.818922E-06
 -8.20000000E+03  0.00000000E+00  3.00000000E+01    3.235570E-04  1.218590E-03    9.071260E-18  1.069034E-17    4.482528E-06  1.650115E-06
 -8.10000000E+03  0.00000000E+00  3.00000000E+01    3.238522E-04  1.219394E-03    2.963720E-18  3.453810E-18    4.295670E-06  1.496234E-06
 -8.00000000E+03  0.00000000E+00  3.00000000E+01    3.241470E-04  1.220165E-03   -1.951058E-18  1.681547E-18    4.116295E-06  1.357114E-06
 -7.90000000E+03  0.00000000E+00  3.00000000E+01    3.244406E-04  1.220900E-03   -8.159490E-18 -7.563811E-18    3.943820E-06  1.230424E-06
 -7.80000000E+03  0.00000000E+00  3.00000000E+01    3.247326E-04  1.221604E-03    6.648331E-18 -2.540216E-19    3.778754E-06  1.116004E-06
 -7.70000000E+03  0.00000000E+00  3.00000000E+01    3.250224E-04  1.222276E-03   -3.023498E-18 -7.059773E-18    3.620421E-06  1.011883E-06
 -7.60000000E+03  0.00000000E+00  3.00000000E+01    3.253096E-04  1.222919E-03   -3.594390E-18 -2.170447E-18    3.469226E-06  9.178965E-07
 -7.50000000E+03  0.00000000E+00  3.00000000E+01    3.255937E-04  1.223534E-03    1.208495E-17  1.357726E-18    3.324462E-06  8.324049E-07
 -7.40000000E+03  0.00000000E+00  3.00000000E+01    3.258744E-04  1.224123E-03    1.212763E-17 -2.825317E-18    3.186465E-06  7.552635E-07
 -7.30000000E+03  0.00000000E+00  3.00000000E+01    3.261512E-04  1.224685E-03    2.145560E-20 -2.875050E-18    3.054508E-06  6.851000E-07
 -7.20000000E+03  0.00000000E+00  3.00000000E+01    3.264242E-04  1.225225E-03    3.994906E-18 -2.868607E-18    2.928856E-06  6.217785E-07
 -7.10000000E+03  0.00000000E+00  3.00000000E+01    3.266927E-04  1.225740E-03    1.102372E-17 -4.287913E-18    2.808804E-06  5.641714E-07
 -7.00000000E+03  0.00000000E+00  3.00000000E+01    3.269568E-04  1.226235E-03   -4.586688E-18 -4.768092E-18    2.694571E-06  5.121632E-07
 -6.90000000E+03  0.00000000E+00  3.00000000E+01    3.272161E-04  1.226707E-03   -1.231551E-17 -1.673536E-18    2.585475E-06  4.648223E-07
 -6.80000000E+03  0.00000000E+00  3.00000000E+01    3.274708E-04  1.227161E-03    8.594647E-18 -4.763469E-18    2.481686E-06  4.220449E-07
 -6.70000000E+03  0.00000000E+00  3.00000000E+01    3.277204E-04  1.227595E-03    2.137016E-17 -1.197797E-17    2.382569E-06  3.830722E-07
 -6.60000000E+03  0.00000000E+00  3.00000000E+01    3.279651E-04  1.228012E-03   -9.551284E-19  2.395681E-18    2.288269E-06  3.478221E-07
 -6.50000000E+03  0.00000000E+00  3.00000000E+01    3.282045E-04  1.228411E-03   -9.993079E-18 -1.044599E-17    2.198190E-06  3.156706E-07
 -6.40000000E+03  0.00000000E+00  3.00000000E+01    3.284390E-04  1.228794E-03   -1.065747E-17 -9.485335E-18    2.112445E-06  2.865474E-07
 -6.30000000E+03  0.00000000E+00  3.00000000E+01    3.286681E-04  1.229161E-03   -7.204777E-18 -1.190630E-17    2.030493E-06  2.599486E-07
 -6.20000000E+03  0.00000000E+00  3.00000000E+01    3.288923E-04  1.229514E-03   -2.993659E-20  1.308510E-18    1.952433E-06  2.358208E-07
 -6.10000000E+03  0.00000000E+00  3.00000000E+01    3.291110E-04  1.229852E-03   -1.482465E-17 -1.239594E-17    1.877768E-06  2.137518E-07
 -6.00000000E+03  0.00000000E+00  3.00000000E+01    3.293248E-04  1.230177E-03    8.591694E-18  8.682438E-18    1.806578E-06  1.936972E-07
 -5.90000000E+03  0.00000000E+00  3.00000000E+01    3.295333E-04  1.230489E-03   -1.531095E-18  1.236415E-18    1.738418E-06  1.753255E-07
 -5.80000000E+03  0.00000000E+00  3.00000000E+01    3.297368E-04  1.230789E-03    5.655385E-18  1.641533E-18    1.673359E-06  1.586052E-07
 -5.70000000E+03  0.00000000E+00  3.00000000E+01    3.299351E-04  1.231076E-03   -1.165222E-17 -2.417189E-18    1.611000E-06  1.432643E-07
 -5.60000000E+03  0.00000000E+00  3.00000000E+01    3.301286E-04  1.231353E-03   -6.325302E-18  2.043368E-18    1.551399E-06  1.292785E-07
 -5.50000000E+03  0.00000000E+00  3.00000000E+01    3.303169E-04  1.231619E-03   -9.138194E-20  1.068862E-18    1.494199E-06  1.164290E-07
 -5.40000000E+03  0.00000000E+00  3.00000000E+01    3.305006E-04  1.231875E-03   -6.960171E-18 -1.326243E-18    1.439456E-06  1.046996E-07
 -5.30000000E+03  0.00000000E+00  3.00000000E+01    3.306792E-04  1.232120E-03    1.160402E-18 -5.224138E-18    1.386850E-06  9.391091E-08
 -5.20000000E+03  0.00000000E+00  3.00000000E+01    3.308532E-04  1.232356E-03   -5.870568E-18 -2.668842E-18    1.336426E-06  8.405039E-08
 -5.10000000E+03  0.00000000E+00  3.00000000E+01    3.310224E-04  1.232583E-03    4.058392E-18  1.109337E-18    1.287902E-06  7.497289E-08
 -5.00000000E+03  0.00000000E+00  3.00000000E+01    3.311871E-04  1.232802E-03    1.156071E-17 -5.728301E-19    1.241324E-06  6.667220E-08
 -4.90000000E+03  0.00000000E+00  3.00000000E+01    3.313472E-04  1.233012E-03   -1.757033E-18  4.549792E-18    1.196438E-06  5.902761E-08
 -4.80000000E+03  0.00000000E+00  3.00000000E+01    3.315029E-04  1.233214E-03    3.618675E-18 -3.728628E-19    1.153282E-06  5.203481E-08
 -4.70000000E+03  0.00000000E+00  3.00000000E+01    3.316540E-04  1.233409E-03    3.119660E-17  6.322814E-18    1.111635E-06  4.559545E-08
 -4.60000000E+03  0.00000000E+00  3.00000000E+01    3.318011E-04  1.233596E-03   -1.113957E-17  1.195056E-18    1.071533E-06  3.970866E-08
 -4.50000000E+03  0.00000000E+00  3.00000000E+01    3.319436E-04  1.233776E-03    2.746316E-18  1.373158E-18    1.032778E-06  3.429174E-08
 -4.40000000E+03  0.00000000E+00  3.00000000E+01    3.320822E-04  1.233949E-03   -8.117155E-19  6.420830E-18    9.953995E-07  2.934438E-08
 -4.30000000E+03  0.00000000E+00  3.00000000E+01    3.322165E-04  1.234116E-03    1.072317E-17  3.799279E-18    9.592252E-07  2.479856E-08
 -4.20000000E+03  0.00000000E+00  3.00000000E+01    3.323470E-04  1.234276E-03   -1.375163E-17  5.398574E-18    9.242856E-07  2.065619E-08
 -4.10000000E+03  0.00000000E+00  3.00000000E+01    3.324733E-04  1.234430E-03   -1.322076E-17  8.144116E-19    8.904231E-07  1.685869E-08
 -4.00000000E+03  0.00000000E+00  3.00000000E+01    3.325959E-04  1.234578E-03   -4.019404E-18  2.509671E-18    8.576644E-07  1.340808E-08
 -3.90000000E+03  0.00000000E+00  3.00000000E+01    3.327145E-04  1.234721E-03    1.446072E-17  6.988489E-18    8.258714E-07  1.025552E-08
 -3.80000000E+03  0.00000000E+00  3.00000000E+01    3.328294E-04  1.234858E-03   -2.433394E-18  4.212163E-18    7.950704E-07  7.403886E-09
 -3.70000000E+03  0.00000000E+00  3.00000000E+01    3.329405E-04  1.234989E-03   -2.994087E-18 -1.172382E-18    7.651361E-07  4.810992E-09
 -3.60000000E+03  0.00000000E+00  3.00000000E+01    3.330482E-04  1.235116E-03    6.475018E-18 -1.637037E-18    7.360906E-07  2.479187E-09
 -3.50000000E+03  0.00000000E+00  3.00000000E+01    3.331521E-04  1.235237E-03    7.640701E-18  8.902600E-18    7.078236E-07  3.726689E-10
 -3.40000000E+03  0.00000000E+00  3.00000000E+01    3.332525E-04  1.235354E-03    4.519306E-18  3.268548E-18    6.803574E-07 -1.505460E-09
 -3.30000000E+03  0.00000000E+00  3.00000000E+01    3.333494E-04  1.235465E-03   -1.571060E-17  6.562075E-19    6.535908E-07 -3.186891E-09
 -3.20000000E+03  0.00000000E+00  3.00000000E+01    3.334430E-04  1.235573E-03   -1.226847E-18 -2.365321E-18    6.275419E-07 -4.669261E-09
 -3.10000000E+03  0.00000000E+00  3.00000000E+01    3.335331E-04  1.235675E-03   -6.748407E-18  4.960263E-18    6.021221E-07 -5.979494E-09
 -3.00000000E+03  0.00000000E+00  3.00000000E+01    3.336200E-04  1.235774E-03   -5.399802E-18 -4.477938E-18    5.773492E-07 -7.114950E-09
 -2.90000000E+03  0.00000000E+00  3.00000000E+01    3.337035E-04  1.235868E-03   -1.099194E-17 -6.752733E-19    5.531414E-07 -8.099627E-09
 -2.80000000E+03  0.00000000E+00  3.00000000E+01    3.337839E-04  1.235958E-03    1.762776E-18  5.004945E-18    5.295128E-07 -8.931741E-09
 -2.70000000E+03  0.00000000E+00  3.00000000E+01    3.338609E-04  1.236045E-03   -6.007188E-18 -1.130104E-18    5.063913E-07 -9.631813E-09
 -2.60000000E+03  0.00000000E+00  3.00000000E+01    3.339350E-04  1.236127E-03   -5.413030E-18  3.053013E-19    4.837909E-07 -1.019786E-08
 -2.50000000E+03  0.00000000E+00  3.00000000E+01    3.340058E-04  1.236205E-03    6.160602E-18 -3.877768E-18    4.616445E-07 -1.064847E-08
 -2.40000000E+03  0.00000000E+00  3.00000000E+01    3.340737E-04  1.236280E-03   -1.559129E-18 -1.343787E-18    4.399628E-07 -1.098222E-08
 -2.30000000E+03  0.00000000E+00  3.00000000E+01    3.341384E-04  1.236351E-03   -3.946523E-19 -3.015392E-18    4.186870E-07 -1.121505E-08
 -2.20000000E+03  0.00000000E+00  3.00000000E+01    3.342002E-04  1.236419E-03   -9.751221E-19  1.819922E-18    3.978266E-07 -1.134569E-08
 -2.10000000E+03  0.00000000E+00  3.00000000E+01    3.342589E-04  1.236483E-03   -4.043579E-18 -6.553564E-20    3.773274E-07 -1.138845E-08
 -2.00000000E+03  0.00000000E+00  3.00000000E+01    3.343149E-04  1.236543E-03   -9.684046E-18 -8.374704E-18    3.571955E-07 -1.134273E-08
 -1.90000000E+03  0.00000000E+00  3.00000000E+01    3.343678E-04  1.236601E-03   -3.298528E-17  3.561177E-18    3.373829E-07 -1.122089E-08
 -1.80000000E+03  0.00000000E+00  3.00000000E+01    3.344179E-04  1.236655E-03   -1.921561E-17 -5.399276E-18    3.178958E-07 -1.102222E-08
 -1.70000000E+03  0.00000000E+00  3.00000000E+01    3.344651E-04  1.236706E-03    4.006501E-18 -5.522969E-19    2.986891E-07 -1.075795E-08
 -1.60000000E+03  0.00000000E+00  3.00000000E+01    3.345095E-04  1.236753E-03   -3.840322E-18  3.850664E-19    2.797657E-07 -1.042804E-08
 -1.50000000E+03  0.00000000E+00  3.00000000E+01    3.345511E-04  1.236798E-03    3.199758E-18  7.550806E-18    2.610864E-07 -1.004209E-08
 -1.40000000E+03  0.00000000E+00  3.00000000E+01    3.345899E-04  1.236839E-03    7.129126E-18  3.265937E-18    2.426531E-07 -9.600116E-09
 -1.30000000E+03  0.00000000E+00  3.00000000E+01    3.346259E-04  1.236877E-03   -9.712201E-19 -1.017762E-18    2.244294E-07 -9.110813E-09
 -1.20000000E+03  0.00000000E+00  3.00000000E+01    3.346593E-04  1.236913E-03   -5.956503E-18  9.817149E-19    2.064139E-07 -8.574821E-09
 -1.10000000E+03  0.00000000E+00  3.00000000E+01    3.346898E-04  1.236945E-03    5.522801E-18  4.555071E-18    1.885752E-07 -7.999465E-09
 -1.00000000E+03  0.00000000E+00  3.00000000E+01    3.347177E-04  1.236975E-03    1.182142E-18  1.599720E-18    1.709115E-07 -7.385433E-09
 -9.00000000E+02  0.00000000E+00  3.00000000E+01    3.347428E-04  1.237001E-03    4.320712E-18  2.970415E-18    1.533929E-07 -6.739520E-09
 -8.00000000E+02  0.00000000E+00  3.00000000E+01    3.347654E-04  1.237025E-03   -4.394670E-18 -1.957161E-18    1.360145E-07 -6.062936E-09
 -7.00000000E+02  0.00000000E+00  3.00000000E+01    3.347851E-04  1.237046E-03    7.736623E-18  8.074182E-18    1.187510E-07 -5.361388E-09
 -6.00000000E+02  0.00000000E+00  3.00000000E+01    3.348023E-04  1.237064E-03    1.297255E-18 -4.186471E-18    1.015965E-07 -4.636314E-09
 -5.00000000E+02  0.00000000E+00  3.00000000E+01    3.348168E-04  1.237079E-03    8.378585E-18  2.799684E-19    8.452745E-08 -3.892797E-09
 -4.00000000E+02  0.00000000E+00  3.00000000E+01    3.348287E-04  1.237092E-03    1.136777E-17  5.077972E-18    6.753461E-08 -3.132894E-09
 -3.00000000E+02  0.00000000E+00  3.00000000E+01    3.348378E-04  1.237101E-03    8.438922E-18 -6.760240E-18    5.059832E-08 -2.360890E-09
 -2.00000000E+02  0.00000000E+00  3.00000000E+01    3.348445E-04  1.237108E-03    8.774861E-18 -4.159031E-19    3.370860E-08 -1.578957E-09
 -1.00000000E+02  0.00000000E+00  3.00000000E+01    3.348484E-04  1.237112E-03    5.875145E-18  8.810206E-19    1.684698E-08 -7.910414E-10
  0.00000000E+00  0.00000000E+00  3.00000000E+01    3.348497E-04  1.237114E-03    8.907423E-18  5.573826E-19    8.673617E-19 -3.035766E-18
  1.00000000E+02  0.00000000E+00  3.00000000E+01    3.348484E-04  1.237112E-03   -3.875102E-18  2.260544E-18   -1.684698E-08  7.910414E-10
  2.00000000E+02  0.00000000E+00  3.00000000E+01    3.348445E-04  1.237108E-03    5.720616E-18 -3.147753E-18   -3.370860E-08  1.578957E-09
  3.00000000E+02  0.00000000E+00  3.00000000E+01    3.348378E-04  1.237101E-03    7.372460E-18 -3.111738E-18   -5.059832E-08  2.360890E-09
  4.00000000E+02  0.00000000E+00  3.00000000E+01    3.348287E-04  1.237092E-03   -3.181222E-18 -2.282648E-18   -6.753461E-08  3.132894E-09
  5.00000000E+02  0.00000000E+00  3.00000000E+01    3.348168E-04  1.237079E-03   -3.070514E-18 -2.208025E-18   -8.452745E-08  3.892797E-09
  6.00000000E+02  0.00000000E+00  3.00000000E+01    3.348023E-04  1.237064E-03   -1.988913E-19 -2.223327E-19   -1.015965E-07  4.636314E-09
  7.00000000E+02  0.00000000E+00  3.00000000E+01    3.347851E-04  1.237046E-03    1.144185E-17 -3.064699E-18   -1.187510E-07  5.361388E-09
  8.00000000E+02  0.00000000E+00  3.00000000E+01    3.347654E-04  1.237025E-03   -4.273564E-18  2.125891E-17   -1.360145E-07  6.062936E-09
  9.00000000E+02  0.00000000E+00  3.00000000E+01    3.347428E-04  1.237001E-03    8.576276E-18  2.714962E-19   -1.533929E-07  6.739520E-09
  1.00000000E+03  0.00000000E+00  3.00000000E+01    3.347177E-04  1.236975E-03   -1.717279E-18 -3.253474E-18   -1.709115E-07  7.385433E-09
  1.10000000E+03  0.00000000E+00  3.00000000E+01    3.346898E-04  1.236945E-03    1.830806E-18 -7.180845E-19   -1.885752E-07  7.999465E-09
  1.20000000E+03  0.00000000E+00  3.00000000E+01    3.346593E-04  1.236913E-03   -9.322130E-18 -1.934783E-18   -2.064139E-07  8.574821E-09
  1.30000000E+03  0.00000000E+00  3.00000000E+01    3.346259E-04  1.236877E-03   -5.268474E-18 -5.339322E-18   -2.244294E-07  9.110813E-09
  1.40000000E+03  0.00000000E+00  3.00000000E+01    3.345899E-04  1.236839E-03   -3.844628E-18 -3.199088E-18   -2.426531E-07  9.600116E-09
  1.50000000E+03  0.00000000E+00  3.00000000E+01    3.345511E-04  1.236798E-03   -7.747770E-18 -3.764710E-18   -2.610864E-07  1.004209E-08
  1.60000000E+03  0.00000000E+00  3.00000000E+01    3.345095E-04  1.236753E-03    1.623398E-17 -8.106643E-19   -2.797657E-07  1.042804E-08
  1.70000000E+03  0.00000000E+00  3.00000000E+01    3.344651E-04  1.236706E-03   -8.279204E-18  2.711723E-18   -2.986891E-07  1.075795E-08
  1.80000000E+03  0.00000000E+00  3.00000000E+01    3.344179E-04  1.236655E-03   -6.746903E-18 -5.615366E-19   -3.178958E-07  1.102222E-08
  1.90000000E+03  0.00000000E+00  3.00000000E+01    3.343678E-04  1.236601E-03   -6.441131E-18 -1.831357E-18   -3.373829E-07  1.122089E-08
  2.00000000E+03  0.00000000E+00  3.00000000E+01    3.343149E-04  1.236543E-03   -1.111155E-18  2.730077E-18   -3.571955E-07  1.134273E-08
  2.10000000E+03  0.00000000E+00  3.00000000E+01    3.342589E-04  1.236483E-03   -5.038975E-18  3.341488E-19   -3.773274E-07  1.138845E-08
  2.20000000E+03  0.00000000E+00  3.00000000E+01    3.342002E-04  1.236419E-03   -2.808913E-18  7.745456E-18   -3.978266E-07  1.134569E-08
  2.30000000E+03  0.00000000E+00  3.00000000E+01    3.341384E-04  1.236351E-03   -8.062804E-18 -4.183769E-18   -4.186870E-07  1.121505E-08
  2.40000000E+03  0.00000000E+00  3.00000000E+01    3.340737E-04  1.236280E-03    1.475426E-19 -6.042114E-19   -4.399628E-07  1.098222E-08
  2.50000000E+03  0.00000000E+00  3.00000000E+01    3.340058E-04  1.236205E-03    9.466068E-18  3.456037E-18   -4.616445E-07  1.064847E-08
  2.60000000E+03  0.00000000E+00  3.00000000E+01    3.339350E-04  1.236127E-03   -1.049241E-17 -2.335457E-18   -4.837909E-07  1.019786E-08
  2.70000000E+03  0.00000000E+00  3.00000000E+01    3.338609E-04  1.236045E-03    4.703577E-18  2.888263E-18   -5.063913E-07  9.631813E-09
  2.80000000E+03  0.00000000E+00  3.00000000E+01    3.337839E-04  1.235958E-03   -4.861790E-19  3.619967E-18   -5.295128E-07  8.931741E-09
  2.90000000E+03  0.00000000E+00  3.00000000E+01    3.337035E-04  1.235868E-03    3.146532E-18 -1.614892E-18   -5.531414E-07  8.099627E-09
  3.00000000E+03  0.00000000E+00  3.00000000E+01    3.336200E-04  1.235774E-03    5.201632E-18  1.712638E-18   -5.773492E-07  7.114950E-09
  3.10000000E+03  0.00000000E+00  3.00000000E+01    3.335331E-04  1.235675E-03    9.425921E-18  1.868485E-18   -6.021221E-07  5.979494E-09
  3.20000000E+03  0.00000000E+00  3.00000000E+01    3.334430E-04  1.235573E-03    1.097395E-17  6.048556E-18   -6.275419E-07  4.669261E-09
  3.30000000E+03  0.00000000E+00  3.00000000E+01    3.333494E-04  1.235465E-03    7.284109E-18  1.132955E-17   -6.535908E-07  3.186891E-09
  3.40000000E+03  0.00000000E+00  3.00000000E+01    3.332525E-04  1.235354E-03    3.868042E-18  7.280152E-18   -6.803574E-07  1.505460E-09
  3.50000000E+03  0.00000000E+00  3.00000000E+01    3.331521E-04  1.235237E-03   -4.341961E-19  1.382762E-17   -7.078236E-07 -3.726689E-10
  3.60000000E+03  0.00000000E+00  3.00000000E+01    3.330482E-04  1.235116E-03    5.625262E-19  7.801457E-18   -7.360906E-07 -2.479187E-09
  3.70000000E+03  0.00000000E+00  3.00000000E+01    3.329405E-04  1.234989E-03   -2.628209E-18  1.173520E-17   -7.651361E-07 -4.810992E-09
  3.80000000E+03  0.00000000E+00  3.00000000E+01    3.328294E-04  1.234858E-03   -3.450309E-18  4.652272E-18   -7.950704E-07 -7.403886E-09
  3.90000000E+03  0.00000000E+00  3.00000000E+01    3.327145E-04  1.234721E-03   -2.227329E-18  1.839660E-18   -8.258714E-07 -1.025552E-08
  4.00000000E+03  0.00000000E+00  3.00000000E+01    3.325959E-04  1.234578E-03   -2.938540E-18 -2.727176E-18   -8.576644E-07 -1.340808E-08
  4.10000000E+03  0.00000000E+00  3.00000000E+01    3.324733E-04  1.234430E-03    2.373136E-17 -1.134648E-17   -8.904231E-07 -1.685869E-08
  4.20000000E+03  0.00000000E+00  3.00000000E+01    3.323470E-04  1.234276E-03   -3.088283E-18 -6.183693E-18   -9.242856E-07 -2.065619E-08
  4.30000000E+03  0.00000000E+00  3.00000000E+01    3.322165E-04  1.234116E-03   -8.841924E-18 -8.267579E-18   -9.592252E-07 -2.479856E-08
  4.40000000E+03  0.00000000E+00  3.00000000E+01    3.320822E-04  1.233949E-03   -7.037937E-19  1.897212E-18   -9.953995E-07 -2.934438E-08
  4.50000000E+03  0.00000000E+00  3.00000000E+01    3.319436E-04  1.233776E-03   -4.359344E-19 -1.814448E-18   -1.032778E-06 -3.429174E-08
  4.60000000E+03  0.00000000E+00  3.00000000E+01    3.318011E-04  1.233596E-03    2.983580E-19 -5.543378E-19   -1.071533E-06 -3.970866E-08
  4.70000000E+03  0.00000000E+00  3.00000000E+01    3.316540E-04  1.233409E-03   -1.763337E-17 -5.523621E-18   -1.111635E-06 -4.559545E-08
  4.80000000E+03  0.00000000E+00  3.00000000E+01    3.315029E-04  1.233214E-03   -1.090943E-17 -4.544278E-18   -1.153282E-06 -5.203481E-08
  4.90000000E+03  0.00000000E+00  3.00000000E+01    3.313472E-04  1.233012E-03    9.098328E-18  3.965148E-18   -1.196438E-06 -5.902761E-08
  5.00000000E+03  0.00000000E+00  3.00000000E+01    3.311871E-04  1.232802E-03   -5.523417E-18  1.248555E-18   -1.241324E-06 -6.667220E-08
  5.10000000E+03  0.00000000E+00  3.00000000E+01    3.310224E-04  1.232583E-03   -6.968607E-18  1.042473E-18   -1.287902E-06 -7.497289E-08
  5.20000000E+03  0.00000000E+00  3.00000000E+01    3.308532E-04  1.232356E-03    5.541946E-18  6.329731E-18   -1.336426E-06 -8.405039E-08
  5.30000000E+03  0.00000000E+00  3.00000000E+01    3.306792E-04  1.232120E-03   -1.346683E-17 -2.054529E-18   -1.386850E-06 -9.391091E-08
  5.40000000E+03  0.00000000E+00  3.00000000E+01    3.305006E-04  1.231875E-03    2.864148E-18  4.506511E-18   -1.439456E-06 -1.046996E-07
  5.50000000E+03  0.00000000E+00  3.00000000E+01    3.303169E-04  1.231619E-03   -6.865391E-18  3.012500E-19   -1.494199E-06 -1.164290E-07
  5.60000000E+03  0.00000000E+00  3.00000000E+01    3.301286E-04  1.231353E-03    3.270784E-18  3.081610E-18   -1.551399E-06 -1.292785E-07
  5.70000000E+03  0.00000000E+00  3.00000000E+01    3.299351E-04  1.231076E-03    2.971856E-18  3.353890E-18   -1.611000E-06 -1.432643E-07
  5.80000000E+03  0.00000000E+00  3.00000000E+01    3.297368E-04  1.230789E-03    5.227337E-18  1.301596E-17   -1.673359E-06 -1.586052E-07
  5.90000000E+03  0.00000000E+00  3.00000000E+01    3.295333E-04  1.230489E-03    2.318937E-18  9.700639E-19   -1.738418E-06 -1.753255E-07
  6.00000000E+03  0.00000000E+00  3.00000000E+01    3.293248E-04  1.230177E-03   -2.622439E-18 -4.250746E-18   -1.806578E-06 -1.936972E-07
  6.10000000E+03  0.00000000E+00  3.00000000E+01    3.291110E-04  1.229852E-03    5.606072E-18 -5.984966E-18   -1.877768E-06 -2.137518E-07
  6.20000000E+03  0.00000000E+00  3.00000000E+01    3.288923E-04  1.229514E-03    7.946419E-20 -2.264627E-18   -1.952433E-06 -2.358208E-07
  6.30000000E+03  0.00000000E+00  3.00000000E+01    3.286681E-04  1.229161E-03   -9.414728E-19 -1.349485E-18   -2.030493E-06 -2.599486E-07
  6.40000000E+03  0.00000000E+00  3.00000000E+01    3.284390E-04  1.228794E-03   -1.682242E-18 -1.811186E-18   -2.112445E-06 -2.865474E-07
  6.50000000E+03  0.00000000E+00  3.00000000E+01    3.282045E-04  1.228411E-03   -1.258803E-18 -4.374799E-18   -2.198190E-06 -3.156706E-07
  6.60000000E+03  0.00000000E+00  3.00000000E+01    3.279651E-04  1.228012E-03    2.187033E-18  6.882946E-18   -2.288269E-06 -3.478221E-07
  6.70000000E+03  0.00000000E+00  3.00000000E+01    3.277204E-04  1.227595E-03   -7.115480E-18 -2.896519E-18   -2.382569E-06 -3.830722E-07
  6.80000000E+03  0.00000000E+00  3.00000000E+01    3.274708E-04  1.227161E-03    6.286841E-18  3.883668E-18   -2.481686E-06 -4.220449E-07
  6.90000000E+03  0.00000000E+00  3.00000000E+01    3.272161E-04  1.226707E-03    3.778797E-18 -8.277667E-18   -2.585475E-06 -4.648223E-07
  7.00000000E+03  0.00000000E+00  3.00000000E+01    3.269568E-04  1.226235E-03   -6.717299E-18 -3.725238E-18   -2.694571E-06 -5.121632E-07
  7.10000000E+03  0.00000000E+00  3.00000000E+01    3.266927E-04  1.225740E-03    2.568302E-18 -1.306277E-18   -2.808804E-06 -5.641714E-07
  7.20000000E+03  0.00000000E+00  3.00000000E+01    3.264242E-04  1.225225E-03   -1.559158E-17 -3.372650E-18   -2.928856E-06 -6.217785E-07
  7.30000000E+03  0.00000000E+00  3.00000000E+01    3.261512E-04  1.224685E-03   -1.440097E-18  7.722716E-18   -3.054508E-06 -6.851000E-07
  7.40000000E+03  0.00000000E+00  3.00000000E+01    3.258744E-04  1.224123E-03   -1.906870E-18  1.765398E-19   -3.186465E-06 -7.552635E-07
  7.50000000E+03  0.00000000E+00  3.00000000E+01    3.255937E-04  1.223534E-03   -1.410574E-18  3.360588E-18   -3.324462E-06 -8.324049E-07
  7.60000000E+03  0.00000000E+00  3.00000000E+01    3.253096E-04  1.222919E-03    7.344722E-18  2.624233E-18   -3.469226E-06 -9.178965E-07
  7.70000000E+03  0.00000000E+00  3.00000000E+01    3.250224E-04  1.222276E-03    1.323509E-18  1.168881E-18   -3.620421E-06 -1.011883E-06
  7.80000000E+03  0.00000000E+00  3.00000000E+01    3.247326E-04  1.221604E-03    1.638292E-17  8.382423E-18   -3.778754E-06 -1.116004E-06
  7.90000000E+03  0.00000000E+00  3.00000000E+01    3.244406E-04  1.220900E-03    1.717393E-18  2.021206E-18   -3.943820E-06 -1.230424E-06
  8.00000000E+03  0.00000000E+00  3.00000000E+01    3.241470E-04  1.220165E-03    4.239513E-18  7.331246E-18   -4.116295E-06 -1.357114E-06
  8.10000000E+03  0.00000000E+00  3.00000000E+01    3.238522E-04  1.219394E-03    6.598180E-18  7.424234E-18   -4.295670E-06 -1.496234E-06
  8.20000000E+03  0.00000000E+00  3.00000000E+01    3.235570E-04  1.218590E-03    2.791362E-18  1.244369E-18   -4.482528E-06 -1.650115E-06
  8.30000000E+03  0.00000000E+00  3.00000000E+01    3.232621E-04  1.217746E-03    8.968546E-18  1.282487E-18   -4.676258E-06 -1.818922E-06
  8.40000000E+03  0.00000000E+00  3.00000000E+01    3.229681E-04  1.216864E-03    6.872688E-18  4.935705E-18   -4.877320E-06 -2.005425E-06
  8.50000000E+03  0.00000000E+00  3.00000000E+01    3.226759E-04  1.215939E-03   -2.117948E-18 -2.726700E-18   -5.084960E-06 -2.209760E-06
  8.60000000E+03  0.00000000E+00  3.00000000E+01    3.223863E-04  1.214972E-03    3.372007E-18  4.799759E-18   -5.299426E-06 -2.435158E-06
  8.70000000E+03  0.00000000E+00  3.00000000E+01    3.221003E-04  1.213957E-03   -1.168063E-17  1.274287E-17   -5.519829E-06 -2.681741E-06
  8.80000000E+03  0.00000000E+00  3.00000000E+01    3.218187E-04  1.212896E-03    2.578449E-18  2.902112E-19   -5.746144E-06 -2.953298E-06
  8.90000000E+03  0.00000000E+00  3.00000000E+01    3.215428E-04  1.211782E-03   -1.258647E-18  1.137688E-18   -5.977306E-06 -3.249887E-06
  9.00000000E+03  0.00000000E+00  3.00000000E+01    3.212733E-04  1.210616E-03   -4.534253E-18  3.296894E-18   -6.212899E-06 -3.575881E-06
  9.10000000E+03  0.00000000E+00  3.00000000E+01    3.210117E-04  1.209391E-03   -5.676612E-18 -2.026331E-18   -6.451689E-06 -3.931287E-06
  9.20000000E+03  0.00000000E+00  3.00000000E+01    3.207585E-04  1.208107E-03   -9.057772E-18 -6.579913E-18   -6.692785E-06 -4.321186E-06
  9.30000000E+03  0.00000000E+00  3.00000000E+01    3.205156E-04  1.206757E-03    2.631172E-17 -1.234857E-18   -6.934749E-06 -4.745476E-06
  9.40000000E+03  0.00000000E+00  3.00000000E+01    3.202833E-04  1.205341E-03    5.861397E-18  6.173998E-18   -7.176057E-06 -5.209948E-06
  9.50000000E+03  0.00000000E+00  3.00000000E+01    3.200635E-04  1.203848E-03    2.613919E-18  6.248636E-18   -7.415083E-06 -5.714398E-06
  9.60000000E+03  0.00000000E+00  3.00000000E+01    3.198564E-04  1.202280E-03   -1.582859E-18  1.711691E-18   -7.649544E-06 -6.265402E-06
  9.70000000E+03  0.00000000E+00  3.00000000E+01    3.196640E-04  1.200623E-03    7.209611E-18  4.442143E-19   -7.877575E-06 -6.862338E-06
  9.80000000E+03  0.00000000E+00  3.00000000E+01    3.194860E-04  1.198877E-03   -7.422723E-18 -3.592185E-18   -8.095874E-06 -7.511816E-06
  9.90000000E+03  0.00000000E+00  3.00000000E+01    3.193247E-04  1.197028E-03   -1.354602E-17 -4.299966E-21   -8.302217E-06 -8.210930E-06
  1.00000000E+04  0.00000000E+00  3.00000000E+01    3.191804E-04  1.195076E-03   -5.599752E-18 -6.337845E-18   -8.491556E-06 -8.958361E-06
  1.05000000E+04  0.00000000E+00  3.00000000E+01    3.187210E-04  1.183148E-03    3.802563E-18  5.844048E-18   -9.077644E-06 -1.394631E-05
