 -1.05000000E+04  0.00000000E+00  3.00000000E+01    6.391645E-15  3.398472E-14    4.447126E-03 -1.914280E-04
 -1.00000000E+04  0.00000000E+00  3.00000000E+01    7.868498E-15  4.266556E-14    3.228760E-03 -8.261364E-04
 -9.90000000E+03  0.00000000E+00  3.00000000E+01    1.258690E-14  4.371792E-14    2.995277E-03 -9.055822E-04
 -9.80000000E+03  0.00000000E+00  3.00000000E+01    1.316296E-14  4.966973E-14    2.849647E-03 -9.472223E-04
 -9.70000000E+03  0.00000000E+00  3.00000000E+01    1.662138E-14  4.207837E-14    2.710523E-03 -9.818416E-04
 -9.60000000E+03  0.00000000E+00  3.00000000E+01    1.335890E-14  4.958735E-14    2.516914E-03 -1.020959E-03
 -9.50000000E+03  0.00000000E+00  3.00000000E+01    1.447380E-14  5.487618E-14    2.336321E-03 -1.049186E-03
 -9.40000000E+03  0.00000000E+00  3.00000000E+01    1.371720E-14  5.754966E-14    2.223560E-03 -1.061685E-03
 -9.30000000E+03  0.00000000E+00  3.00000000E+01    1.593950E-14  5.367553E-14    2.117370E-03 -1.069960E-03
 -9.20000000E+03  0.00000000E+00  3.00000000E+01    1.489918E-14  5.915519E-14    1.969127E-03 -1.075697E-03
 -9.10000000E+03  0.00000000E+00  3.00000000E+01    1.521674E-14  6.616366E-14    1.831671E-03 -1.075455E-03
 -9.00000000E+03  0.00000000E+00  3.00000000E+01    1.305378E-14  7.314557E-14    1.746643E-03 -1.071848E-03
 -8.90000000E+03  0.00000000E+00  3.00000000E+01    1.640450E-14  7.315051E-14    1.665740E-03 -1.066232E-03
 -8.80000000E+03  0.00000000E+00  3.00000000E+01    2.141725E-14  7.252378E-14    1.554420E-03 -1.054414E-03
 -8.70000000E+03  0.00000000E+00  3.00000000E+01    2.697675E-14  7.221949E-14    1.451602E-03 -1.039747E-03
 -8.60000000E+03  0.00000000E+00  3.00000000E+01    2.585389E-14  8.312967E-14    1.387816E-03 -1.028352E-03
 -8.50000000E+03  0.00000000E+00  3.00000000E+01    2.602289E-14  8.848440E-14    1.328228E-03 -1.016056E-03
 -8.40000000E+03  0.00000000E+00  3.00000000E+01    3.073648E-14  9.825423E-14    1.245774E-03 -9.963564E-04
 -8.30000000E+03  0.00000000E+00  3.00000000E+01    3.256209E-14  1.013621E-13    1.169741E-03 -9.756380E-04
 -8.20000000E+03  0.00000000E+00  3.00000000E+01    3.797934E-14  1.035302E-13    1.123256E-03 -9.612932E-04
 -8.10000000E+03  0.00000000E+00  3.00000000E+01    3.682249E-14  1.107936E-13    1.079463E-03 -9.467064E-04
 -8.00000000E+03  0.00000000E+00  3.00000000E+01    4.183384E-14  1.197739E-13    1.019585E-03 -9.247858E-04
 -7.90000000E+03  0.00000000E+00  3.00000000E+01    4.095553E-14  1.325617E-13    9.647597E-04 -9.028751E-04
 -7.80000000E+03  0.00000000E+00  3.00000000E+01    4.548975E-14  1.388339E-13    9.311797E-04 -8.882832E-04
 -7.70000000E+03  0.00000000E+00  3.00000000E+01    4.892635E-14  1.466075E-13    9.000016E-04 -8.738975E-04
 -7.60000000E+03  0.00000000E+00  3.00000000E+01    5.240404E-14  1.580519E-13    8.573023E-04 -8.528234E-04
 -7.50000000E+03  0.00000000E+00  3.00000000E+01    5.640798E-14  1.761738E-13    8.186923E-04 -8.323107E-04
 -7.40000000E+03  0.00000000E+00  3.00000000E+01    5.985738E-14  1.856801E-13    7.955080E-04 -8.190193E-04
 -7.30000000E+03  0.00000000E+00  3.00000000E+01    6.277018E-14  1.945993E-13    7.739321E-04 -8.060203E-04
 -7.20000000E+03  0.00000000E+00  3.00000000E+01    7.169246E-14  2.124512E-13    7.452238E-04 -7.874076E-04
 -7.10000000E+03  0.00000000E+00  3.00000000E+01    7.690984E-14  2.323052E-13    7.196853E-04 -7.695565E-04
 -7.00000000E+03  0.00000000E+00  3.00000000E+01    8.117108E-14  2.453661E-13    7.045100E-04 -7.580830E-04
 -6.90000000E+03  0.00000000E+00  3.00000000E+01    8.539138E-14  2.653711E-13    6.909102E-04 -7.470706E-04
 -6.80000000E+03  0.00000000E+00  3.00000000E+01    9.776090E-14  2.892815E-13    6.732625E-04 -7.313880E-04
 -6.70000000E+03  0.00000000E+00  3.00000000E+01    1.099902E-13  3.161421E-13    6.582271E-04 -7.164820E-04
 -6.60000000E+03  0.00000000E+00  3.00000000E+01    1.147616E-13  3.387192E-13    6.498965E-04 -7.070504E-04
 -6.50000000E+03  0.00000000E+00  3.00000000E+01    1.222458E-13  3.640933E-13    6.427165E-04 -6.979537E-04
 -6.40000000E+03  0.00000000E+00  3.00000000E+01    1.378884E-13  3.984339E-13    6.343563E-04 -6.851131E-04
 -6.30000000E+03  0.00000000E+00  3.00000000E+01    1.497678E-13  4.461451E-13    6.282373E-04 -6.729598E-04
 -6.20000000E+03  0.00000000E+00  3.00000000E+01    1.633937E-13  4.758208E-13    6.255812E-04 -6.652400E-04
 -6.10000000E+03  0.00000000E+00  3.00000000E+01    1.757974E-13  5.129590E-13    6.240277E-04 -6.578616E-04
 -6.00000000E+03  0.00000000E+00  3.00000000E+01    1.918791E-13  5.735867E-13    6.237780E-04 -6.473389E-04
 -5.90000000E+03  0.00000000E+00  3.00000000E+01    2.106275E-13  6.416425E-13    6.255655E-04 -6.373130E-04
 -5.80000000E+03  0.00000000E+00  3.00000000E+01    2.224352E-13  6.923362E-13    6.280496E-04 -6.308974E-04
 -5.70000000E+03  0.00000000E+00  3.00000000E+01    2.352573E-13  7.508236E-13    6.314832E-04 -6.246054E-04
 -5.60000000E+03  0.00000000E+00  3.00000000E+01    2.569778E-13  8.462291E-13    6.385522E-04 -6.155493E-04
 -5.50000000E+03  0.00000000E+00  3.00000000E+01    2.780791E-13  9.515624E-13    6.474542E-04 -6.066975E-04
 -5.40000000E+03  0.00000000E+00  3.00000000E+01    2.908730E-13  1.034044E-12    6.545720E-04 -6.008111E-04
 -5.30000000E+03  0.00000000E+00  3.00000000E+01    3.052753E-13  1.121072E-12    6.625413E-04 -5.949908E-04
 -5.20000000E+03  0.00000000E+00  3.00000000E+01    3.254313E-13  1.274448E-12    6.762351E-04 -5.861840E-04
 -5.10000000E+03  0.00000000E+00  3.00000000E+01    3.448108E-13  1.445280E-12    6.915805E-04 -5.771979E-04
 -5.00000000E+03  0.00000000E+00  3.00000000E+01    3.609058E-13  1.575351E-12    7.028221E-04 -5.710735E-04
 -4.90000000E+03  0.00000000E+00  3.00000000E+01    3.763131E-13  1.712219E-12    7.148618E-04 -5.647532E-04
 -4.80000000E+03  0.00000000E+00  3.00000000E+01    3.897221E-13  1.952809E-12    7.343768E-04 -5.549009E-04
 -4.70000000E+03  0.00000000E+00  3.00000000E+01    4.024879E-13  2.222937E-12    7.552756E-04 -5.445230E-04
 -4.60000000E+03  0.00000000E+00  3.00000000E+01    4.030470E-13  2.430111E-12    7.700962E-04 -5.371466E-04
 -4.50000000E+03  0.00000000E+00  3.00000000E+01    4.046283E-13  2.656942E-12    7.854815E-04 -5.294446E-04
 -4.40000000E+03  0.00000000E+00  3.00000000E+01    3.921743E-13  3.049006E-12    8.097448E-04 -5.170104E-04
 -4.30000000E+03  0.00000000E+00  3.00000000E+01    3.675435E-13  3.493521E-12    8.349833E-04 -5.036947E-04
 -4.20000000E+03  0.00000000E+00  3.00000000E+01    3.406184E-13  3.833763E-12    8.523500E-04 -4.941814E-04
 -4.10000000E+03  0.00000000E+00  3.00000000E+01    3.032142E-13  4.204327E-12    8.701649E-04 -4.840472E-04
 -4.00000000E+03  0.00000000E+00  3.00000000E+01    2.237806E-13  4.847629E-12    8.973995E-04 -4.677855E-04
 -3.90000000E+03  0.00000000E+00  3.00000000E+01    1.092205E-13  5.579461E-12    9.250829E-04 -4.502928E-04
 -3.80000000E+03  0.00000000E+00  3.00000000E+01    8.046832E-15  6.140137E-12    9.437954E-04 -4.377045E-04
 -3.70000000E+03  0.00000000E+00  3.00000000E+01   -1.174422E-13  6.750866E-12    9.624828E-04 -4.245734E-04
 -3.60000000E+03  0.00000000E+00  3.00000000E+01   -3.631181E-13  7.813972E-12    9.904681E-04 -4.035346E-04
 -3.50000000E+03  0.00000000E+00  3.00000000E+01   -6.847152E-13  9.037449E-12    1.018195E-03 -3.811735E-04
 -3.40000000E+03  0.00000000E+00  3.00000000E+01   -9.567807E-13  9.963646E-12    1.036333E-03 -3.654823E-04
 -3.30000000E+03  0.00000000E+00  3.00000000E+01   -1.286420E-12  1.099957E-11    1.054187E-03 -3.490962E-04
 -3.20000000E+03  0.00000000E+00  3.00000000E+01   -1.923826E-12  1.278325E-11    1.079986E-03 -3.234189E-04
 -3.10000000E+03  0.00000000E+00  3.00000000E+01   -2.725219E-12  1.483529E-11    1.104666E-03 -2.966958E-04
 -3.00000000E+03  0.00000000E+00  3.00000000E+01   -3.398308E-12  1.641281E-11    1.120274E-03 -2.782266E-04
 -2.90000000E+03  0.00000000E+00  3.00000000E+01   -4.187541E-12  1.815268E-11    1.135054E-03 -2.594632E-04
 -2.80000000E+03  0.00000000E+00  3.00000000E+01   -5.683376E-12  2.116832E-11    1.155406E-03 -2.306721E-04
 -2.70000000E+03  0.00000000E+00  3.00000000E+01   -7.543997E-12  2.464481E-11    1.173711E-03 -2.015828E-04
 -2.60000000E+03  0.00000000E+00  3.00000000E+01   -9.077765E-12  2.729409E-11    1.184450E-03 -1.821651E-04
 -2.50000000E+03  0.00000000E+00  3.00000000E+01   -1.088767E-11  3.024833E-11    1.193989E-03 -1.627382E-04
 -2.40000000E+03  0.00000000E+00  3.00000000E+01   -1.424173E-11  3.533615E-11    1.205548E-03 -1.343431E-04
 -2.30000000E+03  0.00000000E+00  3.00000000E+01   -1.837047E-11  4.117425E-11    1.214270E-03 -1.068704E-04
 -2.20000000E+03  0.00000000E+00  3.00000000E+01   -2.175481E-11  4.564339E-11    1.218123E-03 -8.929310E-05
 -2.10000000E+03  0.00000000E+00  3.00000000E+01   -2.566950E-11  5.055974E-11    1.220410E-03 -7.262314E-05
 -2.00000000E+03  0.00000000E+00  3.00000000E+01   -3.288868E-11  5.903103E-11    1.220386E-03 -4.962353E-05
 -1.90000000E+03  0.00000000E+00  3.00000000E+01   -4.166429E-11  6.867953E-11    1.216880E-03 -2.893825E-05
 -1.80000000E+03  0.00000000E+00  3.00000000E+01   -4.869511E-11  7.595111E-11    1.212307E-03 -1.689148E-05
 -1.70000000E+03  0.00000000E+00  3.00000000E+01   -5.680171E-11  8.395649E-11    1.205855E-03 -6.252971E-06
 -1.60000000E+03  0.00000000E+00  3.00000000E+01   -7.135025E-11  9.746301E-11    1.192321E-03  6.520608E-06
 -1.50000000E+03  0.00000000E+00  3.00000000E+01   -8.861114E-11  1.125804E-10    1.174861E-03  1.618600E-05
 -1.40000000E+03  0.00000000E+00  3.00000000E+01   -1.021613E-10  1.237979E-10    1.160465E-03  2.065166E-05
 -1.30000000E+03  0.00000000E+00  3.00000000E+01   -1.173095E-10  1.358326E-10    1.143942E-03  2.366861E-05
 -1.20000000E+03  0.00000000E+00  3.00000000E+01   -1.435977E-10  1.556172E-10    1.114038E-03  2.560842E-05
 -1.10000000E+03  0.00000000E+00  3.00000000E+01   -1.734252E-10  1.769609E-10    1.078789E-03  2.555339E-05
 -1.00000000E+03  0.00000000E+00  3.00000000E+01   -1.955665E-10  1.920682E-10    1.051300E-03  2.463996E-05
 -9.00000000E+02  0.00000000E+00  3.00000000E+01   -2.193724E-10  2.077549E-10    1.019822E-03  2.330774E-05
 -8.00000000E+02  0.00000000E+00  3.00000000E+01   -2.574719E-10  2.318186E-10    9.635782E-04  2.112820E-05
 -7.00000000E+02  0.00000000E+00  3.00000000E+01   -2.970617E-10  2.558709E-10    8.955140E-04  1.916923E-05
 -6.00000000E+02  0.00000000E+00  3.00000000E+01   -3.236187E-10  2.714299E-10    8.395985E-04  1.804704E-05
 -5.00000000E+02  0.00000000E+00  3.00000000E+01   -3.493097E-10  2.861444E-10    7.739637E-04  1.702041E-05
 -4.00000000E+02  0.00000000E+00  3.00000000E+01   -3.843593E-10  3.056788E-10    6.488792E-04  1.489193E-05
 -3.00000000E+02  0.00000000E+00  3.00000000E+01   -4.137726E-10  3.217137E-10    4.921404E-04  1.168921E-05
 -2.00000000E+02  0.00000000E+00  3.00000000E+01   -4.282660E-10  3.294809E-10    3.660930E-04  8.841751E-06
 -1.00000000E+02  0.00000000E+00  3.00000000E+01   -4.381188E-10  3.347119E-10    2.256971E-04  5.483436E-06
  0.00000000E+00  0.00000000E+00  3.00000000E+01   -4.424940E-10  3.370152E-10   -2.850228E-09  9.948610E-10
  1.00000000E+02  0.00000000E+00  3.00000000E+01   -4.362069E-10  3.336720E-10   -2.257024E-04 -5.481541E-06
  2.00000000E+02  0.00000000E+00  3.00000000E+01   -4.251736E-10  3.277943E-10   -3.660975E-04 -8.840033E-06
  3.00000000E+02  0.00000000E+00  3.00000000E+01   -4.096448E-10  3.194344E-10   -4.921439E-04 -1.168773E-05
  4.00000000E+02  0.00000000E+00  3.00000000E+01   -3.790401E-10  3.026857E-10   -6.488811E-04 -1.489085E-05
  5.00000000E+02  0.00000000E+00  3.00000000E+01   -3.432007E-10  2.826115E-10   -7.739642E-04 -1.701972E-05
  6.00000000E+02  0.00000000E+00  3.00000000E+01   -3.172580E-10  2.676753E-10   -8.395983E-04 -1.804659E-05
  7.00000000E+02  0.00000000E+00  3.00000000E+01   -2.906230E-10  2.519711E-10   -8.955132E-04 -1.916899E-05
  8.00000000E+02  0.00000000E+00  3.00000000E+01   -2.512181E-10  2.278798E-10   -9.635769E-04 -2.112822E-05
  9.00000000E+02  0.00000000E+00  3.00000000E+01   -2.135233E-10  2.038925E-10   -1.019821E-03 -2.330795E-05
  1.00000000E+03  0.00000000E+00  3.00000000E+01   -1.900877E-10  1.883243E-10   -1.051299E-03 -2.464025E-05
  1.10000000E+03  0.00000000E+00  3.00000000E+01   -1.683498E-10  1.733743E-10   -1.078788E-03 -2.555375E-05
  1.20000000E+03  0.00000000E+00  3.00000000E+01   -1.391730E-10  1.523130E-10   -1.114037E-03 -2.560885E-05
  1.30000000E+03  0.00000000E+00  3.00000000E+01   -1.135291E-10  1.328330E-10   -1.143941E-03 -2.366908E-05
  1.40000000E+03  0.00000000E+00  3.00000000E+01   -9.878854E-11  1.210126E-10   -1.160463E-03 -2.065213E-05
  1.50000000E+03  0.00000000E+00  3.00000000E+01   -8.562604E-11  1.100054E-10   -1.174860E-03 -1.618648E-05
  1.60000000E+03  0.00000000E+00  3.00000000E+01   -6.887921E-11  9.518843E-11   -1.192320E-03 -6.521071E-06
  1.70000000E+03  0.00000000E+00  3.00000000E+01   -5.478542E-11  8.197029E-11   -1.205854E-03  6.252530E-06
  1.80000000E+03  0.00000000E+00  3.00000000E+01   -4.694075E-11  7.414497E-11   -1.212306E-03  1.689106E-05
  1.90000000E+03  0.00000000E+00  3.00000000E+01   -4.014416E-11  6.703688E-11   -1.216880E-03  2.893785E-05
  2.00000000E+03  0.00000000E+00  3.00000000E+01   -3.166738E-11  5.761375E-11   -1.220386E-03  4.962316E-05
  2.10000000E+03  0.00000000E+00  3.00000000E+01   -2.470213E-11  4.935220E-11   -1.220410E-03  7.262280E-05
  2.20000000E+03  0.00000000E+00  3.00000000E+01   -2.092127E-11  4.454672E-11   -1.218123E-03  8.929278E-05
  2.30000000E+03  0.00000000E+00  3.00000000E+01   -1.765573E-11  4.018730E-11   -1.214270E-03  1.068701E-04
  2.40000000E+03  0.00000000E+00  3.00000000E+01   -1.367413E-11  3.449319E-11   -1.205548E-03  1.343429E-04
  2.50000000E+03  0.00000000E+00  3.00000000E+01   -1.044188E-11  2.952993E-11   -1.193988E-03  1.627380E-04
  2.60000000E+03  0.00000000E+00  3.00000000E+01   -8.694189E-12  2.664225E-11   -1.184449E-03  1.821648E-04
  2.70000000E+03  0.00000000E+00  3.00000000E+01   -7.218441E-12  2.405911E-11   -1.173711E-03  2.015826E-04
  2.80000000E+03  0.00000000E+00  3.00000000E+01   -5.425798E-12  2.067115E-11   -1.155406E-03  2.306719E-04
  2.90000000E+03  0.00000000E+00  3.00000000E+01   -3.988413E-12  1.772888E-11   -1.135054E-03  2.594630E-04
  3.00000000E+03  0.00000000E+00  3.00000000E+01   -3.229960E-12  1.603619E-11   -1.120274E-03  2.782265E-04
  3.10000000E+03  0.00000000E+00  3.00000000E+01   -2.584882E-12  1.449965E-11   -1.104666E-03  2.966957E-04
  3.20000000E+03  0.00000000E+00  3.00000000E+01   -1.814400E-12  1.249974E-11   -1.079986E-03  3.234188E-04
  3.30000000E+03  0.00000000E+00  3.00000000E+01   -1.202639E-12  1.075596E-11   -1.054187E-03  3.490961E-04
  3.40000000E+03  0.00000000E+00  3.00000000E+01   -8.857730E-13  9.744289E-12   -1.036333E-03  3.654822E-04
  3.50000000E+03  0.00000000E+00  3.00000000E+01   -6.228167E-13  8.834320E-12   -1.018195E-03  3.811734E-04
  3.60000000E+03  0.00000000E+00  3.00000000E+01   -3.154381E-13  7.646827E-12   -9.904681E-04  4.035345E-04
  3.70000000E+03  0.00000000E+00  3.00000000E+01   -7.588758E-14  6.604983E-12   -9.624827E-04  4.245733E-04
  3.80000000E+03  0.00000000E+00  3.00000000E+01    4.002105E-14  6.005822E-12   -9.437953E-04  4.377044E-04
  3.90000000E+03  0.00000000E+00  3.00000000E+01    1.393906E-13  5.457291E-12   -9.250829E-04  4.502928E-04
  4.00000000E+03  0.00000000E+00  3.00000000E+01    2.463561E-13  4.742834E-12   -8.973994E-04  4.677855E-04
  4.10000000E+03  0.00000000E+00  3.00000000E+01    3.228196E-13  4.113743E-12   -8.701649E-04  4.840471E-04
  4.20000000E+03  0.00000000E+00  3.00000000E+01    3.554962E-13  3.755456E-12   -8.523500E-04  4.941814E-04
  4.30000000E+03  0.00000000E+00  3.00000000E+01    3.778144E-13  3.422734E-12   -8.349833E-04  5.036947E-04
  4.40000000E+03  0.00000000E+00  3.00000000E+01    3.978400E-13  2.989216E-12   -8.097448E-04  5.170104E-04
  4.50000000E+03  0.00000000E+00  3.00000000E+01    4.065887E-13  2.606790E-12   -7.854815E-04  5.294446E-04
  4.60000000E+03  0.00000000E+00  3.00000000E+01    4.073914E-13  2.384634E-12   -7.700962E-04  5.371465E-04
  4.70000000E+03  0.00000000E+00  3.00000000E+01    4.022114E-13  2.180656E-12   -7.552756E-04  5.445230E-04
  4.80000000E+03  0.00000000E+00  3.00000000E+01    3.877061E-13  1.916477E-12   -7.343768E-04  5.549009E-04
  4.90000000E+03  0.00000000E+00  3.00000000E+01    3.724813E-13  1.679319E-12   -7.148618E-04  5.647531E-04
  5.00000000E+03  0.00000000E+00  3.00000000E+01    3.612337E-13  1.543990E-12   -7.028221E-04  5.710735E-04
  5.10000000E+03  0.00000000E+00  3.00000000E+01    3.463271E-13  1.420526E-12   -6.915805E-04  5.771979E-04
  5.20000000E+03  0.00000000E+00  3.00000000E+01    3.255971E-13  1.248732E-12   -6.762351E-04  5.861840E-04
  5.30000000E+03  0.00000000E+00  3.00000000E+01    3.052220E-13  1.100438E-12   -6.625413E-04  5.949907E-04
  5.40000000E+03  0.00000000E+00  3.00000000E+01    2.884173E-13  1.015100E-12   -6.545720E-04  6.008111E-04
  5.50000000E+03  0.00000000E+00  3.00000000E+01    2.737360E-13  9.384735E-13   -6.474542E-04  6.066975E-04
  5.60000000E+03  0.00000000E+00  3.00000000E+01    2.506304E-13  8.355235E-13   -6.385522E-04  6.155493E-04
  5.70000000E+03  0.00000000E+00  3.00000000E+01    2.306977E-13  7.381054E-13   -6.314832E-04  6.246054E-04
  5.80000000E+03  0.00000000E+00  3.00000000E+01    2.177018E-13  6.867864E-13   -6.280496E-04  6.308974E-04
  5.90000000E+03  0.00000000E+00  3.00000000E+01    2.059822E-13  6.384753E-13   -6.255655E-04  6.373130E-04
  6.00000000E+03  0.00000000E+00  3.00000000E+01    1.875590E-13  5.693009E-13   -6.237780E-04  6.473389E-04
  6.10000000E+03  0.00000000E+00  3.00000000E+01    1.712115E-13  5.058424E-13   -6.240277E-04  6.578616E-04
  6.20000000E+03  0.00000000E+00  3.00000000E+01    1.617378E-13  4.742569E-13   -6.255812E-04  6.652400E-04
  6.30000000E+03  0.00000000E+00  3.00000000E+01    1.499030E-13  4.401448E-13   -6.282373E-04  6.729598E-04
  6.40000000E+03  0.00000000E+00  3.00000000E+01    1.387471E-13  3.985499E-13   -6.343563E-04  6.851131E-04
  6.50000000E+03  0.00000000E+00  3.00000000E+01    1.245649E-13  3.587956E-13   -6.427165E-04  6.979537E-04
  6.60000000E+03  0.00000000E+00  3.00000000E+01    1.169564E-13  3.366775E-13   -6.498965E-04  7.070503E-04
  6.70000000E+03  0.00000000E+00  3.00000000E+01    1.078206E-13  3.191641E-13   -6.582271E-04  7.164820E-04
  6.80000000E+03  0.00000000E+00  3.00000000E+01    9.649111E-14  2.887379E-13   -6.732625E-04  7.313880E-04
  6.90000000E+03  0.00000000E+00  3.00000000E+01    8.752598E-14  2.615316E-13   -6.909102E-04  7.470706E-04
  7.00000000E+03  0.00000000E+00  3.00000000E+01    8.140063E-14  2.462181E-13   -7.045100E-04  7.580830E-04
  7.10000000E+03  0.00000000E+00  3.00000000E+01    7.814086E-14  2.339620E-13   -7.196853E-04  7.695565E-04
  7.20000000E+03  0.00000000E+00  3.00000000E+01    6.824348E-14  2.147956E-13   -7.452238E-04  7.874076E-04
  7.30000000E+03  0.00000000E+00  3.00000000E+01    6.143073E-14  1.944985E-13   -7.739321E-04  8.060203E-04
  7.40000000E+03  0.00000000E+00  3.00000000E+01    5.535944E-14  1.858872E-13   -7.955080E-04  8.190193E-04
  7.50000000E+03  0.00000000E+00  3.00000000E+01    4.918304E-14  1.795152E-13   -8.186923E-04  8.323107E-04
  7.60000000E+03  0.00000000E+00  3.00000000E+01    4.774902E-14  1.625351E-13   -8.573023E-04  8.528234E-04
  7.70000000E+03  0.00000000E+00  3.00000000E+01    4.068773E-14  1.508842E-13   -9.000016E-04  8.738975E-04
  7.80000000E+03  0.00000000E+00  3.00000000E+01    4.002931E-14  1.421697E-13   -9.311797E-04  8.882832E-04
  7.90000000E+03  0.00000000E+00  3.00000000E+01    4.046203E-14  1.285468E-13   -9.647597E-04  9.028751E-04
  8.00000000E+03  0.00000000E+00  3.00000000E+01    3.481667E-14  1.222296E-13   -1.019585E-03  9.247858E-04
  8.10000000E+03  0.00000000E+00  3.00000000E+01    3.293336E-14  1.134310E-13   -1.079463E-03  9.467064E-04
  8.20000000E+03  0.00000000E+00  3.00000000E+01    2.916547E-14  1.097103E-13   -1.123256E-03  9.612932E-04
  8.30000000E+03  0.00000000E+00  3.00000000E+01    3.015089E-14  1.018323E-13   -1.169741E-03  9.756380E-04
  8.40000000E+03  0.00000000E+00  3.00000000E+01    2.756472E-14  9.584550E-14   -1.245774E-03  9.963564E-04
  8.50000000E+03  0.00000000E+00  3.00000000E+01    2.112884E-14  9.413573E-14   -1.328228E-03  1.016056E-03
  8.60000000E+03  0.00000000E+00  3.00000000E+01    2.136109E-14  8.395482E-14   -1.387816E-03  1.028352E-03
  8.70000000E+03  0.00000000E+00  3.00000000E+01    2.062250E-14  8.368088E-14   -1.451602E-03  1.039747E-03
  8.80000000E+03  0.00000000E+00  3.00000000E+01    1.991226E-14  7.892283E-14   -1.554420E-03  1.054414E-03
  8.90000000E+03  0.00000000E+00  3.00000000E+01    1.783439E-14  7.422378E-14   -1.665740E-03  1.066232E-03
  9.00000000E+03  0.00000000E+00  3.00000000E+01    1.782535E-14  7.213397E-14   -1.746643E-03  1.071848E-03
  9.10000000E+03  0.00000000E+00  3.00000000E+01    1.535240E-14  6.635180E-14   -1.831671E-03  1.075455E-03
  9.20000000E+03  0.00000000E+00  3.00000000E+01    1.406597E-14  6.440755E-14   -1.969127E-03  1.075697E-03
  9.30000000E+03  0.00000000E+00  3.00000000E+01    1.182067E-14  6.283372E-14   -2.117370E-03  1.069960E-03
  9.40000000E+03  0.00000000E+00  3.00000000E+01    1.175206E-14  5.883622E-14   -2.223560E-03  1.061685E-03
  9.50000000E+03  0.00000000E+00  3.00000000E+01    1.166223E-14  5.601567E-14   -2.336321E-03  1.049186E-03
  9.60000000E+03  0.00000000E+00  3.00000000E+01    9.468451E-15  5.250326E-14   -2.516914E-03  1.020959E-03
  9.70000000E+03  0.00000000E+00  3.00000000E+01    1.059964E-14  4.740480E-14   -2.710523E-03  9.818416E-04
  9.80000000E+03  0.00000000E+00  3.00000000E+01    1.401225E-15  5.297553E-14   -2.849647E-03  9.472223E-04
  9.90000000E+03  0.00000000E+00  3.00000000E+01    8.943941E-15  4.740798E-14   -2.995277E-03  9.055822E-04
  1.00000000E+04  0.00000000E+00  3.00000000E+01    6.753242E-15  4.817007E-14   -3.228760E-03  8.261364E-04
  1.05000000E+04  0.00000000E+00  3.00000000E+01    9.164760E-15  3.616818E-14   -4.447126E-03  1.914280E-04
 
 -1.05000000E+04  0.00000000E+00  3.00000000E+01   -1.333475E-14 -2.503308E-14    3.294814E-03  8.537264E-04
 -1.00000000E+04  0.00000000E+00  3.00000000E+01    8.903982E-15 -4.696971E-14    3.112169E-03  7.017086E-04
 -9.90000000E+03  0.00000000E+00  3.00000000E+01    8.836989E-15 -2.473139E-14    3.067558E-03  6.690029E-04
 -9.80000000E+03  0.00000000E+00  3.00000000E+01   -2.188471E-14 -2.186060E-14    3.037642E-03  6.477929E-04
 -9.70000000E+03  0.00000000E+00  3.00000000E+01    1.119423E-14  5.008801E-14    3.007496E-03  6.269568E-04
 -9.60000000E+03  0.00000000E+00  3.00000000E+01   -8.804595E-15 -4.922665E-14    2.962483E-03  5.969234E-04
 -9.50000000E+03  0.00000000E+00  3.00000000E+01   -2.036093E-14  5.065566E-15    2.917536E-03  5.678609E-04
 -9.40000000E+03  0.00000000E+00  3.00000000E+01   -6.529572E-15 -3.638638E-14    2.887532E-03  5.489975E-04
 -9.30000000E+03  0.00000000E+00  3.00000000E+01    1.932859E-14  5.761530E-14    2.857794E-03  5.307274E-04
 -9.20000000E+03  0.00000000E+00  3.00000000E+01   -4.649873E-17 -1.542875E-13    2.813407E-03  5.043128E-04
 -9.10000000E+03  0.00000000E+00  3.00000000E+01    5.931184E-15 -1.095013E-13    2.769383E-03  4.788809E-04
 -9.00000000E+03  0.00000000E+00  3.00000000E+01    1.782530E-14 -6.910382E-14    2.740263E-03  4.625073E-04
 -8.90000000E+03  0.00000000E+00  3.00000000E+01    5.628132E-14 -7.127819E-14    2.711144E-03  4.464856E-04
 -8.80000000E+03  0.00000000E+00  3.00000000E+01    8.685219E-15 -3.589898E-14    2.668213E-03  4.236166E-04
 -8.70000000E+03  0.00000000E+00  3.00000000E+01    1.984557E-14 -8.372492E-14    2.625727E-03  4.016546E-04
 -8.60000000E+03  0.00000000E+00  3.00000000E+01    7.874579E-15 -8.305204E-14    2.597494E-03  3.874570E-04
 -8.50000000E+03  0.00000000E+00  3.00000000E+01    1.788507E-14 -9.032339E-14    2.569648E-03  3.737799E-04
 -8.40000000E+03  0.00000000E+00  3.00000000E+01   -2.567361E-14 -4.869643E-14    2.528259E-03  3.541239E-04
 -8.30000000E+03  0.00000000E+00  3.00000000E+01   -1.407257E-14 -7.404042E-14    2.487219E-03  3.352423E-04
 -8.20000000E+03  0.00000000E+00  3.00000000E+01   -3.411728E-16 -9.952161E-14    2.460181E-03  3.231708E-04
 -8.10000000E+03  0.00000000E+00  3.00000000E+01    1.393100E-16 -1.362556E-13    2.433234E-03  3.114339E-04
 -8.00000000E+03  0.00000000E+00  3.00000000E+01    1.106139E-14 -1.521733E-13    2.393389E-03  2.947052E-04
 -7.90000000E+03  0.00000000E+00  3.00000000E+01    1.130210E-14 -1.143975E-13    2.353912E-03  2.786939E-04
 -7.80000000E+03  0.00000000E+00  3.00000000E+01    4.582755E-15 -1.152242E-13    2.327710E-03  2.684068E-04
 -7.70000000E+03  0.00000000E+00  3.00000000E+01   -6.516914E-15 -1.072557E-13    2.301789E-03  2.585064E-04
 -7.60000000E+03  0.00000000E+00  3.00000000E+01   -4.834714E-16 -1.129069E-13    2.263169E-03  2.443256E-04
 -7.50000000E+03  0.00000000E+00  3.00000000E+01   -1.697351E-14 -1.003313E-13    2.224960E-03  2.308264E-04
 -7.40000000E+03  0.00000000E+00  3.00000000E+01   -1.434989E-15 -1.577749E-13    2.199756E-03  2.222442E-04
 -7.30000000E+03  0.00000000E+00  3.00000000E+01   -2.320020E-14 -1.616272E-13    2.174576E-03  2.139233E-04
 -7.20000000E+03  0.00000000E+00  3.00000000E+01   -1.688540E-14 -1.520767E-13    2.137364E-03  2.021728E-04
 -7.10000000E+03  0.00000000E+00  3.00000000E+01    7.503183E-15 -2.387432E-13    2.100453E-03  1.910113E-04
 -7.00000000E+03  0.00000000E+00  3.00000000E+01   -7.287748E-15 -1.466289E-13    2.075887E-03  1.838808E-04
 -6.90000000E+03  0.00000000E+00  3.00000000E+01   -1.289456E-14 -9.823217E-14    2.051622E-03  1.770823E-04
 -6.80000000E+03  0.00000000E+00  3.00000000E+01    1.604593E-15 -1.991257E-13    2.015476E-03  1.674598E-04
 -6.70000000E+03  0.00000000E+00  3.00000000E+01   -1.598559E-14 -1.903168E-13    1.979570E-03  1.583660E-04
 -6.60000000E+03  0.00000000E+00  3.00000000E+01    9.153784E-15 -2.631512E-13    1.955862E-03  1.526460E-04
 -6.50000000E+03  0.00000000E+00  3.00000000E+01   -3.670738E-14 -2.903869E-13    1.932171E-03  1.471532E-04
 -6.40000000E+03  0.00000000E+00  3.00000000E+01   -1.143504E-14 -2.540679E-13    1.896994E-03  1.394691E-04
 -6.30000000E+03  0.00000000E+00  3.00000000E+01   -5.869161E-15 -3.106683E-13    1.862055E-03  1.322681E-04
 -6.20000000E+03  0.00000000E+00  3.00000000E+01   -3.206743E-14 -3.206339E-13    1.838847E-03  1.277503E-04
 -6.10000000E+03  0.00000000E+00  3.00000000E+01   -3.666125E-14 -3.494078E-13    1.815863E-03  1.234898E-04
 -6.00000000E+03  0.00000000E+00  3.00000000E+01   -2.017443E-14 -3.603215E-13    1.781519E-03  1.175585E-04
 -5.90000000E+03  0.00000000E+00  3.00000000E+01   -2.005809E-14 -4.369011E-13    1.747416E-03  1.120752E-04
 -5.80000000E+03  0.00000000E+00  3.00000000E+01   -2.595787E-14 -4.230497E-13    1.724844E-03  1.086933E-04
 -5.70000000E+03  0.00000000E+00  3.00000000E+01   -3.322853E-14 -4.440498E-13    1.702229E-03  1.054951E-04
 -5.60000000E+03  0.00000000E+00  3.00000000E+01   -5.666556E-14 -4.580352E-13    1.668686E-03  1.011597E-04
 -5.50000000E+03  0.00000000E+00  3.00000000E+01   -9.497558E-14 -4.060100E-13    1.635328E-03  9.721905E-05
 -5.40000000E+03  0.00000000E+00  3.00000000E+01   -7.357462E-14 -5.146155E-13    1.613078E-03  9.481444E-05
 -5.30000000E+03  0.00000000E+00  3.00000000E+01   -9.822932E-14 -5.094469E-13    1.591033E-03  9.261283E-05
 -5.20000000E+03  0.00000000E+00  3.00000000E+01   -8.232740E-14 -6.188602E-13    1.558032E-03  8.967851E-05
 -5.10000000E+03  0.00000000E+00  3.00000000E+01   -1.451247E-13 -5.801494E-13    1.525120E-03  8.708542E-05
 -5.00000000E+03  0.00000000E+00  3.00000000E+01   -1.432228E-13 -6.876272E-13    1.503344E-03  8.557696E-05
 -4.90000000E+03  0.00000000E+00  3.00000000E+01   -1.810245E-13 -6.852838E-13    1.481551E-03  8.422613E-05
 -4.80000000E+03  0.00000000E+00  3.00000000E+01   -2.157217E-13 -7.344678E-13    1.449106E-03  8.254683E-05
 -4.70000000E+03  0.00000000E+00  3.00000000E+01   -2.430651E-13 -8.393621E-13    1.416784E-03  8.117481E-05
 -4.60000000E+03  0.00000000E+00  3.00000000E+01   -2.540324E-13 -8.847076E-13    1.395241E-03  8.044361E-05
 -4.50000000E+03  0.00000000E+00  3.00000000E+01   -3.240037E-13 -9.678107E-13    1.373834E-03  7.986127E-05
 -4.40000000E+03  0.00000000E+00  3.00000000E+01   -3.663597E-13 -1.025925E-12    1.341703E-03  7.926894E-05
 -4.30000000E+03  0.00000000E+00  3.00000000E+01   -4.337061E-13 -1.103869E-12    1.309700E-03  7.894448E-05
 -4.20000000E+03  0.00000000E+00  3.00000000E+01   -4.725078E-13 -1.219239E-12    1.288466E-03  7.889143E-05
 -4.10000000E+03  0.00000000E+00  3.00000000E+01   -5.294487E-13 -1.381589E-12    1.267139E-03  7.895589E-05
 -4.00000000E+03  0.00000000E+00  3.00000000E+01   -6.345755E-13 -1.491771E-12    1.235345E-03  7.930015E-05
 -3.90000000E+03  0.00000000E+00  3.00000000E+01   -7.452512E-13 -1.632657E-12    1.203574E-03  7.986487E-05
 -3.80000000E+03  0.00000000E+00  3.00000000E+01   -8.259318E-13 -1.843136E-12    1.182303E-03  8.037412E-05
 -3.70000000E+03  0.00000000E+00  3.00000000E+01   -9.432763E-13 -1.882046E-12    1.161177E-03  8.098693E-05
 -3.60000000E+03  0.00000000E+00  3.00000000E+01   -1.127541E-12 -2.204886E-12    1.129445E-03  8.210768E-05
 -3.50000000E+03  0.00000000E+00  3.00000000E+01   -1.327447E-12 -2.428710E-12    1.097705E-03  8.341234E-05
 -3.40000000E+03  0.00000000E+00  3.00000000E+01   -1.473477E-12 -2.723307E-12    1.076625E-03  8.439309E-05
 -3.30000000E+03  0.00000000E+00  3.00000000E+01   -1.679368E-12 -2.897387E-12    1.055449E-03  8.545688E-05
 -3.20000000E+03  0.00000000E+00  3.00000000E+01   -1.996570E-12 -3.302519E-12    1.023743E-03  8.720801E-05
 -3.10000000E+03  0.00000000E+00  3.00000000E+01   -2.397789E-12 -3.769174E-12    9.920200E-04  8.910006E-05
 -3.00000000E+03  0.00000000E+00  3.00000000E+01   -2.676022E-12 -4.098146E-12    9.708104E-04  9.044777E-05
 -2.90000000E+03  0.00000000E+00  3.00000000E+01   -3.020362E-12 -4.484424E-12    9.496818E-04  9.185313E-05
 -2.80000000E+03  0.00000000E+00  3.00000000E+01   -3.622023E-12 -5.120319E-12    9.178360E-04  9.407158E-05
 -2.70000000E+03  0.00000000E+00  3.00000000E+01   -4.335133E-12 -5.911040E-12    8.859766E-04  9.638243E-05
 -2.60000000E+03  0.00000000E+00  3.00000000E+01   -4.874559E-12 -6.515907E-12    8.647602E-04  9.797362E-05
 -2.50000000E+03  0.00000000E+00  3.00000000E+01   -5.514413E-12 -7.219331E-12    8.433962E-04  9.960083E-05
 -2.40000000E+03  0.00000000E+00  3.00000000E+01   -6.636994E-12 -8.364617E-12    8.114778E-04  1.020901E-04
 -2.30000000E+03  0.00000000E+00  3.00000000E+01   -7.928794E-12 -9.676225E-12    7.795469E-04  1.046148E-04
 -2.20000000E+03  0.00000000E+00  3.00000000E+01   -8.982296E-12 -1.069498E-11    7.581501E-04  1.063116E-04
 -2.10000000E+03  0.00000000E+00  3.00000000E+01   -1.014642E-11 -1.189236E-11    7.368637E-04  1.080051E-04
 -2.00000000E+03  0.00000000E+00  3.00000000E+01   -1.223572E-11 -1.388101E-11    7.047939E-04  1.105174E-04
 -1.90000000E+03  0.00000000E+00  3.00000000E+01   -1.471558E-11 -1.620699E-11    6.726306E-04  1.129762E-04
 -1.80000000E+03  0.00000000E+00  3.00000000E+01   -1.665874E-11 -1.803769E-11    6.512398E-04  1.145658E-04
 -1.70000000E+03  0.00000000E+00  3.00000000E+01   -1.881996E-11 -2.005807E-11    6.297218E-04  1.160985E-04
 -1.60000000E+03  0.00000000E+00  3.00000000E+01   -2.267685E-11 -2.359473E-11    5.974114E-04  1.182309E-04
 -1.50000000E+03  0.00000000E+00  3.00000000E+01   -2.714237E-11 -2.763871E-11    5.649325E-04  1.201453E-04
 -1.40000000E+03  0.00000000E+00  3.00000000E+01   -3.057190E-11 -3.076718E-11    5.430579E-04  1.212261E-04
 -1.30000000E+03  0.00000000E+00  3.00000000E+01   -3.437149E-11 -3.417437E-11    5.211010E-04  1.221153E-04
 -1.20000000E+03  0.00000000E+00  3.00000000E+01   -4.092934E-11 -3.993686E-11    4.875314E-04  1.229181E-04
 -1.10000000E+03  0.00000000E+00  3.00000000E+01   -4.831446E-11 -4.638981E-11    4.533313E-04  1.230479E-04
 -1.00000000E+03  0.00000000E+00  3.00000000E+01   -5.373733E-11 -5.111857E-11    4.299846E-04  1.225540E-04
 -9.00000000E+02  0.00000000E+00  3.00000000E+01   -5.955138E-11 -5.612618E-11    4.058515E-04  1.214614E-04
 -8.00000000E+02  0.00000000E+00  3.00000000E+01   -6.882350E-11 -6.403828E-11    3.680951E-04  1.183356E-04
 -7.00000000E+02  0.00000000E+00  3.00000000E+01   -7.841069E-11 -7.219897E-11    3.280340E-04  1.132410E-04
 -6.00000000E+02  0.00000000E+00  3.00000000E+01   -8.482942E-11 -7.763057E-11    2.991690E-04  1.081000E-04
 -5.00000000E+02  0.00000000E+00  3.00000000E+01   -9.104921E-11 -8.284640E-11    2.684960E-04  1.013251E-04
 -4.00000000E+02  0.00000000E+00  3.00000000E+01   -9.948847E-11 -8.995964E-11    2.172125E-04  8.680144E-05
 -3.00000000E+02  0.00000000E+00  3.00000000E+01   -1.065630E-10 -9.589260E-11    1.596569E-04  6.706999E-05
 -2.00000000E+02  0.00000000E+00  3.00000000E+01   -1.100703E-10 -9.878153E-11    1.170297E-04  5.032587E-05
 -1.00000000E+02  0.00000000E+00  3.00000000E+01   -1.124443E-10 -1.007647E-10    7.142839E-05  3.121028E-05
  0.00000000E+00  0.00000000E+00  3.00000000E+01   -1.134795E-10 -1.016222E-10   -5.751628E-10 -5.039780E-10
  1.00000000E+02  0.00000000E+00  3.00000000E+01   -1.119728E-10 -1.003962E-10   -7.142945E-05 -3.121122E-05
  2.00000000E+02  0.00000000E+00  3.00000000E+01   -1.093446E-10 -9.813721E-11   -1.170306E-04 -5.032666E-05
  3.00000000E+02  0.00000000E+00  3.00000000E+01   -1.055861E-10 -9.499692E-11   -1.596575E-04 -6.707062E-05
  4.00000000E+02  0.00000000E+00  3.00000000E+01   -9.818706E-11 -8.885353E-11   -2.172129E-04 -8.680179E-05
  5.00000000E+02  0.00000000E+00  3.00000000E+01   -8.953869E-11 -8.161929E-11   -2.684961E-04 -1.013252E-04
  6.00000000E+02  0.00000000E+00  3.00000000E+01   -8.329331E-11 -7.630160E-11   -2.991690E-04 -1.081000E-04
  7.00000000E+02  0.00000000E+00  3.00000000E+01   -7.683464E-11 -7.084556E-11   -3.280339E-04 -1.132409E-04
  8.00000000E+02  0.00000000E+00  3.00000000E+01   -6.724999E-11 -6.272531E-11   -3.680949E-04 -1.183354E-04
  9.00000000E+02  0.00000000E+00  3.00000000E+01   -5.808860E-11 -5.488817E-11   -4.058512E-04 -1.214612E-04
  1.00000000E+03  0.00000000E+00  3.00000000E+01   -5.235132E-11 -4.992264E-11   -4.299843E-04 -1.225537E-04
  1.10000000E+03  0.00000000E+00  3.00000000E+01   -4.703014E-11 -4.528502E-11   -4.533310E-04 -1.230476E-04
  1.20000000E+03  0.00000000E+00  3.00000000E+01   -3.983489E-11 -3.895244E-11   -4.875312E-04 -1.229179E-04
  1.30000000E+03  0.00000000E+00  3.00000000E+01   -3.341158E-11 -3.326478E-11   -5.211007E-04 -1.221151E-04
  1.40000000E+03  0.00000000E+00  3.00000000E+01   -2.969213E-11 -2.996456E-11   -5.430577E-04 -1.212259E-04
  1.50000000E+03  0.00000000E+00  3.00000000E+01   -2.630591E-11 -2.696454E-11   -5.649323E-04 -1.201451E-04
  1.60000000E+03  0.00000000E+00  3.00000000E+01   -2.198116E-11 -2.299339E-11   -5.974113E-04 -1.182307E-04
  1.70000000E+03  0.00000000E+00  3.00000000E+01   -1.827373E-11 -1.953402E-11   -6.297217E-04 -1.160983E-04
  1.80000000E+03  0.00000000E+00  3.00000000E+01   -1.614870E-11 -1.753525E-11   -6.512397E-04 -1.145657E-04
  1.90000000E+03  0.00000000E+00  3.00000000E+01   -1.429373E-11 -1.582719E-11   -6.726305E-04 -1.129760E-04
  2.00000000E+03  0.00000000E+00  3.00000000E+01   -1.187254E-11 -1.352835E-11   -7.047938E-04 -1.105173E-04
  2.10000000E+03  0.00000000E+00  3.00000000E+01   -9.861269E-12 -1.155301E-11   -7.368636E-04 -1.080051E-04
  2.20000000E+03  0.00000000E+00  3.00000000E+01   -8.734780E-12 -1.044844E-11   -7.581501E-04 -1.063115E-04
  2.30000000E+03  0.00000000E+00  3.00000000E+01   -7.717508E-12 -9.437726E-12   -7.795469E-04 -1.046147E-04
  2.40000000E+03  0.00000000E+00  3.00000000E+01   -6.401627E-12 -8.124806E-12   -8.114777E-04 -1.020901E-04
  2.50000000E+03  0.00000000E+00  3.00000000E+01   -5.331289E-12 -7.004093E-12   -8.433961E-04 -9.960078E-05
  2.60000000E+03  0.00000000E+00  3.00000000E+01   -4.710275E-12 -6.361171E-12   -8.647601E-04 -9.797357E-05
  2.70000000E+03  0.00000000E+00  3.00000000E+01   -4.179063E-12 -5.794342E-12   -8.859766E-04 -9.638239E-05
  2.80000000E+03  0.00000000E+00  3.00000000E+01   -3.501369E-12 -5.039121E-12   -9.178360E-04 -9.407154E-05
  2.90000000E+03  0.00000000E+00  3.00000000E+01   -2.889208E-12 -4.418167E-12   -9.496818E-04 -9.185310E-05
  3.00000000E+03  0.00000000E+00  3.00000000E+01   -2.581068E-12 -4.052455E-12   -9.708104E-04 -9.044774E-05
  3.10000000E+03  0.00000000E+00  3.00000000E+01   -2.289602E-12 -3.688603E-12   -9.920199E-04 -8.910003E-05
  3.20000000E+03  0.00000000E+00  3.00000000E+01   -1.924361E-12 -3.274080E-12   -1.023743E-03 -8.720799E-05
  3.30000000E+03  0.00000000E+00  3.00000000E+01   -1.596697E-12 -2.862395E-12   -1.055449E-03 -8.545686E-05
  3.40000000E+03  0.00000000E+00  3.00000000E+01   -1.422822E-12 -2.673537E-12   -1.076625E-03 -8.439307E-05
  3.50000000E+03  0.00000000E+00  3.00000000E+01   -1.272258E-12 -2.416866E-12   -1.097705E-03 -8.341232E-05
  3.60000000E+03  0.00000000E+00  3.00000000E+01   -1.065315E-12 -2.165133E-12   -1.129445E-03 -8.210767E-05
  3.70000000E+03  0.00000000E+00  3.00000000E+01   -8.895053E-13 -1.930030E-12   -1.161177E-03 -8.098692E-05
  3.80000000E+03  0.00000000E+00  3.00000000E+01   -7.791459E-13 -1.811882E-12   -1.182303E-03 -8.037411E-05
  3.90000000E+03  0.00000000E+00  3.00000000E+01   -7.094752E-13 -1.656213E-12   -1.203574E-03 -7.986486E-05
  4.00000000E+03  0.00000000E+00  3.00000000E+01   -5.927340E-13 -1.464012E-12   -1.235345E-03 -7.930014E-05
  4.10000000E+03  0.00000000E+00  3.00000000E+01   -4.762444E-13 -1.303041E-12   -1.267139E-03 -7.895588E-05
  4.20000000E+03  0.00000000E+00  3.00000000E+01   -4.166705E-13 -1.244160E-12   -1.288466E-03 -7.889142E-05
  4.30000000E+03  0.00000000E+00  3.00000000E+01   -3.746178E-13 -1.210991E-12   -1.309700E-03 -7.894447E-05
  4.40000000E+03  0.00000000E+00  3.00000000E+01   -3.264536E-13 -1.075559E-12   -1.341703E-03 -7.926893E-05
  4.50000000E+03  0.00000000E+00  3.00000000E+01   -2.466732E-13 -9.602832E-13   -1.373834E-03 -7.986127E-05
  4.60000000E+03  0.00000000E+00  3.00000000E+01   -2.366304E-13 -9.191065E-13   -1.395241E-03 -8.044361E-05
  4.70000000E+03  0.00000000E+00  3.00000000E+01   -2.045297E-13 -8.792739E-13   -1.416784E-03 -8.117481E-05
  4.80000000E+03  0.00000000E+00  3.00000000E+01   -1.487272E-13 -7.281922E-13   -1.449106E-03 -8.254682E-05
  4.90000000E+03  0.00000000E+00  3.00000000E+01   -1.309091E-13 -7.265523E-13   -1.481551E-03 -8.422613E-05
  5.00000000E+03  0.00000000E+00  3.00000000E+01   -1.010866E-13 -6.661290E-13   -1.503344E-03 -8.557695E-05
  5.10000000E+03  0.00000000E+00  3.00000000E+01   -1.032977E-13 -6.251907E-13   -1.525120E-03 -8.708541E-05
  5.20000000E+03  0.00000000E+00  3.00000000E+01   -9.611572E-14 -5.462641E-13   -1.558032E-03 -8.967850E-05
  5.30000000E+03  0.00000000E+00  3.00000000E+01   -7.240483E-14 -5.243739E-13   -1.591033E-03 -9.261282E-05
  5.40000000E+03  0.00000000E+00  3.00000000E+01   -5.739694E-14 -4.729314E-13   -1.613078E-03 -9.481444E-05
  5.50000000E+03  0.00000000E+00  3.00000000E+01   -5.509809E-14 -4.645491E-13   -1.635328E-03 -9.721904E-05
  5.60000000E+03  0.00000000E+00  3.00000000E+01   -3.482956E-14 -4.260245E-13   -1.668686E-03 -1.011597E-04
  5.70000000E+03  0.00000000E+00  3.00000000E+01   -1.809974E-14 -4.142387E-13   -1.702229E-03 -1.054951E-04
  5.80000000E+03  0.00000000E+00  3.00000000E+01   -4.589433E-15 -3.939551E-13   -1.724844E-03 -1.086933E-04
  5.90000000E+03  0.00000000E+00  3.00000000E+01   -1.915217E-14 -3.926028E-13   -1.747416E-03 -1.120752E-04
  6.00000000E+03  0.00000000E+00  3.00000000E+01   -1.041773E-14 -3.438252E-13   -1.781519E-03 -1.175585E-04
  6.10000000E+03  0.00000000E+00  3.00000000E+01   -4.470241E-15 -2.775615E-13   -1.815863E-03 -1.234898E-04
  6.20000000E+03  0.00000000E+00  3.00000000E+01   -1.559562E-14 -3.056631E-13   -1.838847E-03 -1.277502E-04
  6.30000000E+03  0.00000000E+00  3.00000000E+01   -1.351823E-14 -2.601455E-13   -1.862055E-03 -1.322681E-04
  6.40000000E+03  0.00000000E+00  3.00000000E+01    2.793732E-16 -2.793976E-13   -1.896994E-03 -1.394691E-04
  6.50000000E+03  0.00000000E+00  3.00000000E+01    1.243493E-14 -2.475771E-13   -1.932171E-03 -1.471532E-04
  6.60000000E+03  0.00000000E+00  3.00000000E+01    1.511565E-14 -2.889076E-13   -1.955862E-03 -1.526460E-04
  6.70000000E+03  0.00000000E+00  3.00000000E+01   -1.193407E-14 -2.674903E-13   -1.979570E-03 -1.583660E-04
  6.80000000E+03  0.00000000E+00  3.00000000E+01   -1.074088E-14 -1.848652E-13   -2.015476E-03 -1.674598E-04
  6.90000000E+03  0.00000000E+00  3.00000000E+01   -7.386568E-15 -2.777553E-13   -2.051622E-03 -1.770823E-04
  7.00000000E+03  0.00000000E+00  3.00000000E+01   -2.340623E-14 -2.321967E-13   -2.075887E-03 -1.838808E-04
  7.10000000E+03  0.00000000E+00  3.00000000E+01   -7.567055E-15 -2.036959E-13   -2.100453E-03 -1.910113E-04
  7.20000000E+03  0.00000000E+00  3.00000000E+01    4.069466E-15 -1.994733E-13   -2.137364E-03 -2.021727E-04
  7.30000000E+03  0.00000000E+00  3.00000000E+01    7.157406E-15 -1.900680E-13   -2.174576E-03 -2.139233E-04
  7.40000000E+03  0.00000000E+00  3.00000000E+01    5.553574E-15 -1.375435E-13   -2.199756E-03 -2.222442E-04
  7.50000000E+03  0.00000000E+00  3.00000000E+01   -1.021626E-14 -2.018325E-13   -2.224960E-03 -2.308264E-04
  7.60000000E+03  0.00000000E+00  3.00000000E+01   -7.846151E-16 -1.804955E-13   -2.263169E-03 -2.443256E-04
  7.70000000E+03  0.00000000E+00  3.00000000E+01    1.523706E-14 -1.684341E-13   -2.301789E-03 -2.585064E-04
  7.80000000E+03  0.00000000E+00  3.00000000E+01    7.667338E-15 -2.148215E-13   -2.327710E-03 -2.684068E-04
  7.90000000E+03  0.00000000E+00  3.00000000E+01    9.692373E-15 -1.917944E-13   -2.353912E-03 -2.786939E-04
  8.00000000E+03  0.00000000E+00  3.00000000E+01   -2.737910E-15 -1.692803E-13   -2.393389E-03 -2.947052E-04
  8.10000000E+03  0.00000000E+00  3.00000000E+01    2.573414E-14 -1.154630E-13   -2.433234E-03 -3.114339E-04
  8.20000000E+03  0.00000000E+00  3.00000000E+01    1.342712E-14 -1.414101E-13   -2.460181E-03 -3.231708E-04
  8.30000000E+03  0.00000000E+00  3.00000000E+01    9.286594E-15 -1.129879E-13   -2.487219E-03 -3.352423E-04
  8.40000000E+03  0.00000000E+00  3.00000000E+01   -1.642265E-15 -1.162939E-13   -2.528259E-03 -3.541239E-04
  8.50000000E+03  0.00000000E+00  3.00000000E+01   -4.776667E-15 -1.242791E-13   -2.569648E-03 -3.737799E-04
  8.60000000E+03  0.00000000E+00  3.00000000E+01    4.887112E-15 -1.336882E-13   -2.597494E-03 -3.874570E-04
  8.70000000E+03  0.00000000E+00  3.00000000E+01    1.614903E-14 -9.306439E-14   -2.625727E-03 -4.016546E-04
  8.80000000E+03  0.00000000E+00  3.00000000E+01    2.742373E-14 -1.377440E-13   -2.668213E-03 -4.236166E-04
  8.90000000E+03  0.00000000E+00  3.00000000E+01    1.811331E-14 -1.652985E-13   -2.711144E-03 -4.464856E-04
  9.00000000E+03  0.00000000E+00  3.00000000E+01    2.220752E-14 -1.474941E-13   -2.740263E-03 -4.625073E-04
  9.10000000E+03  0.00000000E+00  3.00000000E+01    2.785630E-14 -7.961576E-14   -2.769383E-03 -4.788809E-04
  9.20000000E+03  0.00000000E+00  3.00000000E+01    1.515180E-14 -4.901885E-14   -2.813407E-03 -5.043128E-04
  9.30000000E+03  0.00000000E+00  3.00000000E+01    4.021561E-15 -1.471591E-13   -2.857794E-03 -5.307274E-04
  9.40000000E+03  0.00000000E+00  3.00000000E+01   -1.234946E-14 -8.228903E-14   -2.887532E-03 -5.489975E-04
  9.50000000E+03  0.00000000E+00  3.00000000E+01    1.307461E-14 -1.290700E-13   -2.917536E-03 -5.678609E-04
  9.60000000E+03  0.00000000E+00  3.00000000E+01   -4.648923E-15 -3.108877E-14   -2.962483E-03 -5.969234E-04
  9.70000000E+03  0.00000000E+00  3.00000000E+01   -4.450881E-15  3.757893E-14   -3.007496E-03 -6.269568E-04
  9.80000000E+03  0.00000000E+00  3.00000000E+01    2.146979E-14 -1.784669E-14   -3.037642E-03 -6.477929E-04
  9.90000000E+03  0.00000000E+00  3.00000000E+01   -4.667462E-15 -5.118256E-14   -3.067558E-03 -6.690029E-04
  1.00000000E+04  0.00000000E+00  3.00000000E+01    2.664816E-14 -1.241966E-13   -3.112169E-03 -7.017086E-04
  1.05000000E+04  0.00000000E+00  3.00000000E+01   -3.417456E-15 -1.087554E-13   -3.294814E-03 -8.537264E-04
 
