 -1.05000000E+04  0.00000000E+00  3.00000000E+01    3.974264E-04  1.191344E-03   -6.063242E-16 -2.411165E-17    1.995462E-06  5.221980E-06
 -1.00000000E+04  0.00000000E+00  3.00000000E+01    3.969164E-04  1.196424E-03   -7.401043E-16 -3.002873E-17    2.269957E-06  3.535059E-06
 -9.90000000E+03  0.00000000E+00  3.00000000E+01    3.968658E-04  1.197281E-03   -7.818376E-16 -3.241232E-17    2.272959E-06  3.226793E-06
 -9.80000000E+03  0.00000000E+00  3.00000000E+01    3.968299E-04  1.198095E-03   -7.978895E-16 -3.651656E-17    2.265687E-06  3.038261E-06
 -9.70000000E+03  0.00000000E+00  3.00000000E+01    3.968078E-04  1.198870E-03   -8.289469E-16 -3.111286E-17    2.252658E-06  2.859963E-06
 -9.60000000E+03  0.00000000E+00  3.00000000E+01    3.967985E-04  1.199610E-03   -8.637624E-16 -3.460311E-17    2.223460E-06  2.614202E-06
 -9.50000000E+03  0.00000000E+00  3.00000000E+01    3.968027E-04  1.200310E-03   -9.204958E-16 -3.910147E-17    2.186407E-06  2.387990E-06
 -9.40000000E+03  0.00000000E+00  3.00000000E+01    3.968175E-04  1.200979E-03   -9.520585E-16 -4.172904E-17    2.157408E-06  2.249152E-06
 -9.30000000E+03  0.00000000E+00  3.00000000E+01    3.968421E-04  1.201618E-03   -9.892607E-16 -4.640990E-17    2.125944E-06  2.119666E-06
 -9.20000000E+03  0.00000000E+00  3.00000000E+01    3.968753E-04  1.202229E-03   -1.032999E-15 -4.799354E-17    2.074732E-06  1.940425E-06
 -9.10000000E+03  0.00000000E+00  3.00000000E+01    3.969177E-04  1.202811E-03   -1.083403E-15 -4.882012E-17    2.020592E-06  1.776287E-06
 -9.00000000E+03  0.00000000E+00  3.00000000E+01    3.969670E-04  1.203368E-03   -1.144698E-15 -5.588036E-17    1.983187E-06  1.676365E-06
 -8.90000000E+03  0.00000000E+00  3.00000000E+01    3.970225E-04  1.203901E-03   -1.175848E-15 -5.611128E-17    1.944975E-06  1.582068E-06
 -8.80000000E+03  0.00000000E+00  3.00000000E+01    3.970835E-04  1.204413E-03   -1.232443E-15 -6.257820E-17    1.887184E-06  1.453474E-06
 -8.70000000E+03  0.00000000E+00  3.00000000E+01    3.971500E-04  1.204901E-03   -1.302694E-15 -6.609414E-17    1.829296E-06  1.336100E-06
 -8.60000000E+03  0.00000000E+00  3.00000000E+01    3.972208E-04  1.205369E-03   -1.342664E-15 -6.896355E-17    1.790813E-06  1.264347E-06
 -8.50000000E+03  0.00000000E+00  3.00000000E+01    3.972952E-04  1.205819E-03   -1.409058E-15 -7.501787E-17    1.752877E-06  1.197928E-06
 -8.40000000E+03  0.00000000E+00  3.00000000E+01    3.973726E-04  1.206250E-03   -1.485799E-15 -7.810235E-17    1.696892E-06  1.106791E-06
 -8.30000000E+03  0.00000000E+00  3.00000000E+01    3.974531E-04  1.206663E-03   -1.566424E-15 -7.922806E-17    1.642184E-06  1.023714E-06
 -8.20000000E+03  0.00000000E+00  3.00000000E+01    3.975356E-04  1.207060E-03   -1.629295E-15 -8.541472E-17    1.606873E-06  9.736893E-07
 -8.10000000E+03  0.00000000E+00  3.00000000E+01    3.976198E-04  1.207441E-03   -1.691760E-15 -9.150590E-17    1.572308E-06  9.269589E-07
 -8.00000000E+03  0.00000000E+00  3.00000000E+01    3.977054E-04  1.207809E-03   -1.801034E-15 -9.778653E-17    1.522459E-06  8.636707E-07
 -7.90000000E+03  0.00000000E+00  3.00000000E+01    3.977920E-04  1.208160E-03   -1.910894E-15 -1.064936E-16    1.474591E-06  8.064271E-07
 -7.80000000E+03  0.00000000E+00  3.00000000E+01    3.978793E-04  1.208498E-03   -1.992138E-15 -1.154228E-16    1.443985E-06  7.718991E-07
 -7.70000000E+03  0.00000000E+00  3.00000000E+01    3.979669E-04  1.208823E-03   -2.069130E-15 -1.182862E-16    1.414559E-06  7.401608E-07
 -7.60000000E+03  0.00000000E+00  3.00000000E+01    3.980544E-04  1.209137E-03   -2.201944E-15 -1.318597E-16    1.372433E-06  6.971257E-07
 -7.50000000E+03  0.00000000E+00  3.00000000E+01    3.981417E-04  1.209437E-03   -2.350451E-15 -1.447053E-16    1.332583E-06  6.587793E-07
 -7.40000000E+03  0.00000000E+00  3.00000000E+01    3.982285E-04  1.209726E-03   -2.447454E-15 -1.508041E-16    1.307583E-06  6.361902E-07
 -7.30000000E+03  0.00000000E+00  3.00000000E+01    3.983147E-04  1.210005E-03   -2.558081E-15 -1.645767E-16    1.283557E-06  6.154121E-07
 -7.20000000E+03  0.00000000E+00  3.00000000E+01    3.984000E-04  1.210274E-03   -2.737364E-15 -1.789299E-16    1.249876E-06  5.882216E-07
 -7.10000000E+03  0.00000000E+00  3.00000000E+01    3.984841E-04  1.210531E-03   -2.926531E-15 -2.003066E-16    1.218355E-06  5.645454E-07
 -7.00000000E+03  0.00000000E+00  3.00000000E+01    3.985671E-04  1.210779E-03   -3.056139E-15 -2.100415E-16    1.198666E-06  5.508592E-07
 -6.90000000E+03  0.00000000E+00  3.00000000E+01    3.986486E-04  1.211018E-03   -3.204932E-15 -2.264416E-16    1.180147E-06  5.388862E-07
 -6.80000000E+03  0.00000000E+00  3.00000000E+01    3.987287E-04  1.211249E-03   -3.429139E-15 -2.480175E-16    1.154342E-06  5.238629E-07
 -6.70000000E+03  0.00000000E+00  3.00000000E+01    3.988070E-04  1.211469E-03   -3.678775E-15 -2.834059E-16    1.130501E-06  5.116838E-07
 -6.60000000E+03  0.00000000E+00  3.00000000E+01    3.988834E-04  1.211681E-03   -3.858731E-15 -3.002372E-16    1.115953E-06  5.054367E-07
 -6.50000000E+03  0.00000000E+00  3.00000000E+01    3.989581E-04  1.211886E-03   -4.046588E-15 -3.255302E-16    1.102257E-06  5.004446E-07
 -6.40000000E+03  0.00000000E+00  3.00000000E+01    3.990309E-04  1.212082E-03   -4.364419E-15 -3.684441E-16    1.083541E-06  4.955106E-07
 -6.30000000E+03  0.00000000E+00  3.00000000E+01    3.991013E-04  1.212269E-03   -4.694547E-15 -4.143366E-16    1.066539E-06  4.930138E-07
 -6.20000000E+03  0.00000000E+00  3.00000000E+01    3.991696E-04  1.212449E-03   -4.936419E-15 -4.463500E-16    1.056283E-06  4.929419E-07
 -6.10000000E+03  0.00000000E+00  3.00000000E+01    3.992357E-04  1.212622E-03   -5.190832E-15 -4.820750E-16    1.046872E-06  4.940677E-07
 -6.00000000E+03  0.00000000E+00  3.00000000E+01    3.992997E-04  1.212787E-03   -5.613037E-15 -5.505431E-16    1.034159E-06  4.980277E-07
 -5.90000000E+03  0.00000000E+00  3.00000000E+01    3.993610E-04  1.212944E-03   -6.071892E-15 -6.223693E-16    1.022851E-06  5.042576E-07
 -5.80000000E+03  0.00000000E+00  3.00000000E+01    3.994201E-04  1.213093E-03   -6.396276E-15 -6.726333E-16    1.016193E-06  5.098894E-07
 -5.70000000E+03  0.00000000E+00  3.00000000E+01    3.994768E-04  1.213235E-03   -6.742237E-15 -7.389993E-16    1.010056E-06  5.166221E-07
 -5.60000000E+03  0.00000000E+00  3.00000000E+01    3.995312E-04  1.213370E-03   -7.311256E-15 -8.425395E-16    1.002010E-06  5.288687E-07
 -5.50000000E+03  0.00000000E+00  3.00000000E+01    3.995827E-04  1.213496E-03   -7.935720E-15 -9.628629E-16    9.949365E-07  5.432572E-07
 -5.40000000E+03  0.00000000E+00  3.00000000E+01    3.996320E-04  1.213615E-03   -8.387697E-15 -1.051532E-15    9.907411E-07  5.542949E-07
 -5.30000000E+03  0.00000000E+00  3.00000000E+01    3.996789E-04  1.213726E-03   -8.869241E-15 -1.150941E-15    9.869595E-07  5.663384E-07
 -5.20000000E+03  0.00000000E+00  3.00000000E+01    3.997234E-04  1.213830E-03   -9.660273E-15 -1.326877E-15    9.818346E-07  5.865228E-07
 -5.10000000E+03  0.00000000E+00  3.00000000E+01    3.997653E-04  1.213924E-03   -1.053498E-14 -1.528394E-15    9.771445E-07  6.087828E-07
 -5.00000000E+03  0.00000000E+00  3.00000000E+01    3.998048E-04  1.214011E-03   -1.116809E-14 -1.678429E-15    9.742814E-07  6.249160E-07
 -4.90000000E+03  0.00000000E+00  3.00000000E+01    3.998422E-04  1.214090E-03   -1.186283E-14 -1.847519E-15    9.714931E-07  6.420944E-07
 -4.80000000E+03  0.00000000E+00  3.00000000E+01    3.998775E-04  1.214161E-03   -1.297764E-14 -2.142395E-15    9.673995E-07  6.697589E-07
 -4.70000000E+03  0.00000000E+00  3.00000000E+01    3.999104E-04  1.214221E-03   -1.421047E-14 -2.480682E-15    9.632140E-07  6.993114E-07
 -4.60000000E+03  0.00000000E+00  3.00000000E+01    3.999414E-04  1.214273E-03   -1.511356E-14 -2.740361E-15    9.602362E-07  7.202802E-07
 -4.50000000E+03  0.00000000E+00  3.00000000E+01    3.999708E-04  1.214317E-03   -1.607625E-14 -3.030121E-15    9.570831E-07  7.420610E-07
 -4.40000000E+03  0.00000000E+00  3.00000000E+01    3.999985E-04  1.214351E-03   -1.767265E-14 -3.529576E-15    9.517288E-07  7.765111E-07
 -4.30000000E+03  0.00000000E+00  3.00000000E+01    4.000246E-04  1.214375E-03   -1.942886E-14 -4.100907E-15    9.456880E-07  8.124922E-07
 -4.20000000E+03  0.00000000E+00  3.00000000E+01    4.000496E-04  1.214389E-03   -2.072525E-14 -4.552743E-15    9.411105E-07  8.373870E-07
 -4.10000000E+03  0.00000000E+00  3.00000000E+01    4.000736E-04  1.214393E-03   -2.211916E-14 -5.049046E-15    9.359534E-07  8.630674E-07
 -4.00000000E+03  0.00000000E+00  3.00000000E+01    4.000970E-04  1.214387E-03   -2.441513E-14 -5.906199E-15    9.271195E-07  9.026307E-07
 -3.90000000E+03  0.00000000E+00  3.00000000E+01    4.001198E-04  1.214369E-03   -2.695314E-14 -6.897699E-15    9.169659E-07  9.432213E-07
 -3.80000000E+03  0.00000000E+00  3.00000000E+01    4.001427E-04  1.214341E-03   -2.882742E-14 -7.666347E-15    9.091754E-07  9.709454E-07
 -3.70000000E+03  0.00000000E+00  3.00000000E+01    4.001657E-04  1.214302E-03   -3.082984E-14 -8.520636E-15    9.007131E-07  9.988455E-07
 -3.60000000E+03  0.00000000E+00  3.00000000E+01    4.001894E-04  1.214253E-03   -3.418144E-14 -1.001804E-14    8.863678E-07  1.041188E-06
 -3.50000000E+03  0.00000000E+00  3.00000000E+01    4.002143E-04  1.214190E-03   -3.787254E-14 -1.174949E-14    8.703133E-07  1.083731E-06
 -3.40000000E+03  0.00000000E+00  3.00000000E+01    4.002407E-04  1.214116E-03   -4.058517E-14 -1.307990E-14    8.585205E-07  1.111948E-06
 -3.30000000E+03  0.00000000E+00  3.00000000E+01    4.002690E-04  1.214030E-03   -4.351052E-14 -1.456633E-14    8.457718E-07  1.140083E-06
 -3.20000000E+03  0.00000000E+00  3.00000000E+01    4.002996E-04  1.213933E-03   -4.835734E-14 -1.715626E-14    8.249268E-07  1.181566E-06
 -3.10000000E+03  0.00000000E+00  3.00000000E+01    4.003336E-04  1.213821E-03   -5.371277E-14 -2.014831E-14    8.023706E-07  1.222090E-06
 -3.00000000E+03  0.00000000E+00  3.00000000E+01    4.003709E-04  1.213698E-03   -5.764565E-14 -2.245953E-14    7.862081E-07  1.248280E-06
 -2.90000000E+03  0.00000000E+00  3.00000000E+01    4.004120E-04  1.213562E-03   -6.186879E-14 -2.502219E-14    7.693636E-07  1.273565E-06
 -2.80000000E+03  0.00000000E+00  3.00000000E+01    4.004574E-04  1.213413E-03   -6.884412E-14 -2.947266E-14    7.425914E-07  1.309611E-06
 -2.70000000E+03  0.00000000E+00  3.00000000E+01    4.005083E-04  1.213250E-03   -7.649540E-14 -3.459527E-14    7.146514E-07  1.343270E-06
 -2.60000000E+03  0.00000000E+00  3.00000000E+01    4.005643E-04  1.213075E-03   -8.206884E-14 -3.851275E-14    6.954280E-07  1.363857E-06
 -2.50000000E+03  0.00000000E+00  3.00000000E+01    4.006258E-04  1.212886E-03   -8.803298E-14 -4.285163E-14    6.757255E-07  1.382975E-06
 -2.40000000E+03  0.00000000E+00  3.00000000E+01    4.006930E-04  1.212686E-03   -9.775157E-14 -5.028608E-14    6.459706E-07  1.408121E-06
 -2.30000000E+03  0.00000000E+00  3.00000000E+01    4.007670E-04  1.212471E-03   -1.082693E-13 -5.873824E-14    6.162168E-07  1.429437E-06
 -2.20000000E+03  0.00000000E+00  3.00000000E+01    4.008470E-04  1.212244E-03   -1.158336E-13 -6.512268E-14    5.965261E-07  1.440870E-06
 -2.10000000E+03  0.00000000E+00  3.00000000E+01    4.009328E-04  1.212006E-03   -1.237768E-13 -7.208848E-14    5.773222E-07  1.450027E-06
 -2.00000000E+03  0.00000000E+00  3.00000000E+01    4.010242E-04  1.211756E-03   -1.364268E-13 -8.377992E-14    5.495360E-07  1.458910E-06
 -1.90000000E+03  0.00000000E+00  3.00000000E+01    4.011214E-04  1.211495E-03   -1.497399E-13 -9.673881E-14    5.231753E-07  1.462637E-06
 -1.80000000E+03  0.00000000E+00  3.00000000E+01    4.012228E-04  1.211224E-03   -1.589128E-13 -1.062003E-13    5.068646E-07  1.461598E-06
 -1.70000000E+03  0.00000000E+00  3.00000000E+01    4.013275E-04  1.210945E-03   -1.682997E-13 -1.162780E-13    4.915148E-07  1.457714E-06
 -1.60000000E+03  0.00000000E+00  3.00000000E+01    4.014345E-04  1.210658E-03   -1.823890E-13 -1.323776E-13    4.707445E-07  1.446111E-06
 -1.50000000E+03  0.00000000E+00  3.00000000E+01    4.015424E-04  1.210364E-03   -1.961600E-13 -1.492181E-13    4.521656E-07  1.428510E-06
 -1.40000000E+03  0.00000000E+00  3.00000000E+01    4.016494E-04  1.210067E-03   -2.048308E-13 -1.606910E-13    4.411100E-07  1.412534E-06
 -1.30000000E+03  0.00000000E+00  3.00000000E+01    4.017541E-04  1.209766E-03   -2.128304E-13 -1.720292E-13    4.309498E-07  1.393411E-06
 -1.20000000E+03  0.00000000E+00  3.00000000E+01    4.018546E-04  1.209463E-03   -2.228185E-13 -1.880840E-13    4.167089E-07  1.357680E-06
 -1.10000000E+03  0.00000000E+00  3.00000000E+01    4.019483E-04  1.209162E-03   -2.299716E-13 -2.021845E-13    4.027193E-07  1.314702E-06
 -1.00000000E+03  0.00000000E+00  3.00000000E+01    4.020343E-04  1.208863E-03   -2.322422E-13 -2.095026E-13    3.928725E-07  1.280784E-06
 -9.00000000E+02  0.00000000E+00  3.00000000E+01    4.021113E-04  1.208569E-03   -2.321704E-13 -2.146295E-13    3.819132E-07  1.241898E-06
 -8.00000000E+02  0.00000000E+00  3.00000000E+01    4.021784E-04  1.208280E-03   -2.263676E-13 -2.164300E-13    3.620015E-07  1.172770E-06
 -7.00000000E+02  0.00000000E+00  3.00000000E+01    4.022326E-04  1.208001E-03   -2.140177E-13 -2.109485E-13    3.370485E-07  1.089493E-06
 -6.00000000E+02  0.00000000E+00  3.00000000E+01    4.022755E-04  1.207733E-03   -2.008904E-13 -2.015895E-13    3.159539E-07  1.021271E-06
 -5.00000000E+02  0.00000000E+00  3.00000000E+01    4.023071E-04  1.207480E-03   -1.839247E-13 -1.875281E-13    2.908193E-07  9.413929E-07
 -4.00000000E+02  0.00000000E+00  3.00000000E+01    4.023280E-04  1.207246E-03   -1.507755E-13 -1.567171E-13    2.430840E-07  7.893484E-07
 -3.00000000E+02  0.00000000E+00  3.00000000E+01    4.023386E-04  1.207047E-03   -1.105326E-13 -1.167061E-13    1.838976E-07  5.987398E-07
 -2.00000000E+02  0.00000000E+00  3.00000000E+01    4.023429E-04  1.206891E-03   -7.979007E-14 -8.485210E-14    1.366239E-07  4.453919E-07
 -1.00000000E+02  0.00000000E+00  3.00000000E+01    4.023439E-04  1.206790E-03   -4.684703E-14 -5.006676E-14    8.419050E-08  2.745751E-07
  0.00000000E+00  0.00000000E+00  3.00000000E+01    4.023440E-04  1.206751E-03    4.575672E-15  4.862206E-15   -2.347322E-12 -3.039240E-12
  1.00000000E+02  0.00000000E+00  3.00000000E+01    4.023439E-04  1.206790E-03    5.575345E-14  5.944845E-14   -8.419490E-08 -2.745807E-07
  2.00000000E+02  0.00000000E+00  3.00000000E+01    4.023429E-04  1.206891E-03    8.820206E-14  9.358244E-14   -1.366278E-07 -4.453966E-07
  3.00000000E+02  0.00000000E+00  3.00000000E+01    4.023386E-04  1.207047E-03    1.182639E-13  1.245293E-13   -1.839008E-07 -5.987434E-07
  4.00000000E+02  0.00000000E+00  3.00000000E+01    4.023280E-04  1.207246E-03    1.571867E-13  1.628169E-13   -2.430861E-07 -7.893502E-07
  5.00000000E+02  0.00000000E+00  3.00000000E+01    4.023072E-04  1.207480E-03    1.888499E-13  1.917370E-13   -2.908204E-07 -9.413933E-07
  6.00000000E+02  0.00000000E+00  3.00000000E+01    4.022755E-04  1.207733E-03    2.047878E-13  2.045400E-13   -3.159544E-07 -1.021271E-06
  7.00000000E+02  0.00000000E+00  3.00000000E+01    4.022326E-04  1.208001E-03    2.169203E-13  2.127089E-13   -3.370484E-07 -1.089492E-06
  8.00000000E+02  0.00000000E+00  3.00000000E+01    4.021784E-04  1.208280E-03    2.279138E-13  2.166454E-13   -3.620010E-07 -1.172768E-06
  9.00000000E+02  0.00000000E+00  3.00000000E+01    4.021113E-04  1.208569E-03    2.325188E-13  2.135805E-13   -3.819123E-07 -1.241896E-06
  1.00000000E+03  0.00000000E+00  3.00000000E+01    4.020343E-04  1.208863E-03    2.319220E-13  2.078142E-13   -3.928715E-07 -1.280783E-06
  1.10000000E+03  0.00000000E+00  3.00000000E+01    4.019483E-04  1.209162E-03    2.290918E-13  1.999958E-13   -4.027182E-07 -1.314700E-06
  1.20000000E+03  0.00000000E+00  3.00000000E+01    4.018546E-04  1.209463E-03    2.212947E-13  1.854045E-13   -4.167078E-07 -1.357678E-06
  1.30000000E+03  0.00000000E+00  3.00000000E+01    4.017541E-04  1.209766E-03    2.108498E-13  1.690881E-13   -4.309487E-07 -1.393409E-06
  1.40000000E+03  0.00000000E+00  3.00000000E+01    4.016494E-04  1.210067E-03    2.026467E-13  1.576825E-13   -4.411090E-07 -1.412533E-06
  1.50000000E+03  0.00000000E+00  3.00000000E+01    4.015424E-04  1.210364E-03    1.938136E-13  1.462183E-13   -4.521646E-07 -1.428509E-06
  1.60000000E+03  0.00000000E+00  3.00000000E+01    4.014345E-04  1.210658E-03    1.799548E-13  1.294828E-13   -4.707436E-07 -1.446110E-06
  1.70000000E+03  0.00000000E+00  3.00000000E+01    4.013275E-04  1.210945E-03    1.658424E-13  1.135596E-13   -4.915139E-07 -1.457713E-06
  1.80000000E+03  0.00000000E+00  3.00000000E+01    4.012228E-04  1.211224E-03    1.565012E-13  1.036361E-13   -5.068638E-07 -1.461597E-06
  1.90000000E+03  0.00000000E+00  3.00000000E+01    4.011214E-04  1.211495E-03    1.473456E-13  9.431998E-14   -5.231745E-07 -1.462636E-06
  2.00000000E+03  0.00000000E+00  3.00000000E+01    4.010242E-04  1.211756E-03    1.341684E-13  8.162373E-14   -5.495353E-07 -1.458910E-06
  2.10000000E+03  0.00000000E+00  3.00000000E+01    4.009328E-04  1.212006E-03    1.216462E-13  7.016756E-14   -5.773217E-07 -1.450027E-06
  2.20000000E+03  0.00000000E+00  3.00000000E+01    4.008470E-04  1.212244E-03    1.138106E-13  6.336832E-14   -5.965255E-07 -1.440869E-06
  2.30000000E+03  0.00000000E+00  3.00000000E+01    4.007670E-04  1.212471E-03    1.063560E-13  5.713868E-14   -6.162163E-07 -1.429437E-06
  2.40000000E+03  0.00000000E+00  3.00000000E+01    4.006930E-04  1.212686E-03    9.600012E-14  4.889424E-14   -6.459702E-07 -1.408120E-06
  2.50000000E+03  0.00000000E+00  3.00000000E+01    4.006258E-04  1.212886E-03    8.642961E-14  4.165317E-14   -6.757252E-07 -1.382975E-06
  2.60000000E+03  0.00000000E+00  3.00000000E+01    4.005643E-04  1.213075E-03    8.057911E-14  3.743066E-14   -6.954277E-07 -1.363857E-06
  2.70000000E+03  0.00000000E+00  3.00000000E+01    4.005083E-04  1.213250E-03    7.510060E-14  3.361785E-14   -7.146510E-07 -1.343269E-06
  2.80000000E+03  0.00000000E+00  3.00000000E+01    4.004574E-04  1.213413E-03    6.758285E-14  2.863852E-14   -7.425912E-07 -1.309610E-06
  2.90000000E+03  0.00000000E+00  3.00000000E+01    4.004120E-04  1.213562E-03    6.073763E-14  2.431842E-14   -7.693634E-07 -1.273565E-06
  3.00000000E+03  0.00000000E+00  3.00000000E+01    4.003709E-04  1.213698E-03    5.659625E-14  2.182206E-14   -7.862079E-07 -1.248280E-06
  3.10000000E+03  0.00000000E+00  3.00000000E+01    4.003336E-04  1.213821E-03    5.272812E-14  1.957862E-14   -8.023704E-07 -1.222090E-06
  3.20000000E+03  0.00000000E+00  3.00000000E+01    4.002996E-04  1.213933E-03    4.748379E-14  1.667167E-14   -8.249266E-07 -1.181566E-06
  3.30000000E+03  0.00000000E+00  3.00000000E+01    4.002690E-04  1.214030E-03    4.272210E-14  1.415896E-14   -8.457717E-07 -1.140083E-06
  3.40000000E+03  0.00000000E+00  3.00000000E+01    4.002407E-04  1.214116E-03    3.984563E-14  1.270886E-14   -8.585204E-07 -1.111948E-06
  3.50000000E+03  0.00000000E+00  3.00000000E+01    4.002143E-04  1.214190E-03    3.718068E-14  1.141626E-14   -8.703132E-07 -1.083731E-06
  3.60000000E+03  0.00000000E+00  3.00000000E+01    4.001894E-04  1.214253E-03    3.357180E-14  9.739622E-15   -8.863677E-07 -1.041188E-06
  3.70000000E+03  0.00000000E+00  3.00000000E+01    4.001657E-04  1.214302E-03    3.029139E-14  8.290796E-15   -9.007130E-07 -9.988455E-07
  3.80000000E+03  0.00000000E+00  3.00000000E+01    4.001427E-04  1.214341E-03    2.831777E-14  7.450667E-15   -9.091753E-07 -9.709454E-07
  3.90000000E+03  0.00000000E+00  3.00000000E+01    4.001198E-04  1.214369E-03    2.648254E-14  6.706296E-15   -9.169658E-07 -9.432213E-07
  4.00000000E+03  0.00000000E+00  3.00000000E+01    4.000970E-04  1.214387E-03    2.398939E-14  5.738652E-15   -9.271194E-07 -9.026307E-07
  4.10000000E+03  0.00000000E+00  3.00000000E+01    4.000736E-04  1.214393E-03    2.173853E-14  4.904215E-15   -9.359533E-07 -8.630674E-07
  4.20000000E+03  0.00000000E+00  3.00000000E+01    4.000496E-04  1.214389E-03    2.038367E-14  4.428503E-15   -9.411105E-07 -8.373870E-07
  4.30000000E+03  0.00000000E+00  3.00000000E+01    4.000246E-04  1.214375E-03    1.910990E-14  3.989199E-15   -9.456879E-07 -8.124923E-07
  4.40000000E+03  0.00000000E+00  3.00000000E+01    3.999985E-04  1.214351E-03    1.737387E-14  3.430157E-15   -9.517288E-07 -7.765111E-07
  4.50000000E+03  0.00000000E+00  3.00000000E+01    3.999708E-04  1.214317E-03    1.580164E-14  2.942853E-15   -9.570831E-07 -7.420610E-07
  4.60000000E+03  0.00000000E+00  3.00000000E+01    3.999414E-04  1.214273E-03    1.486673E-14  2.669957E-15   -9.602361E-07 -7.202802E-07
  4.70000000E+03  0.00000000E+00  3.00000000E+01    3.999104E-04  1.214221E-03    1.398127E-14  2.416050E-15   -9.632140E-07 -6.993114E-07
  4.80000000E+03  0.00000000E+00  3.00000000E+01    3.998775E-04  1.214161E-03    1.277659E-14  2.085857E-15   -9.673995E-07 -6.697589E-07
  4.90000000E+03  0.00000000E+00  3.00000000E+01    3.998422E-04  1.214090E-03    1.167631E-14  1.797522E-15   -9.714930E-07 -6.420944E-07
  5.00000000E+03  0.00000000E+00  3.00000000E+01    3.998048E-04  1.214011E-03    1.100515E-14  1.637110E-15   -9.742813E-07 -6.249160E-07
  5.10000000E+03  0.00000000E+00  3.00000000E+01    3.997653E-04  1.213924E-03    1.039168E-14  1.493526E-15   -9.771444E-07 -6.087828E-07
  5.20000000E+03  0.00000000E+00  3.00000000E+01    3.997234E-04  1.213830E-03    9.530865E-15  1.298958E-15   -9.818346E-07 -5.865228E-07
  5.30000000E+03  0.00000000E+00  3.00000000E+01    3.996789E-04  1.213726E-03    8.744704E-15  1.131302E-15   -9.869595E-07 -5.663384E-07
  5.40000000E+03  0.00000000E+00  3.00000000E+01    3.996320E-04  1.213615E-03    8.273198E-15  1.033988E-15   -9.907411E-07 -5.542949E-07
  5.50000000E+03  0.00000000E+00  3.00000000E+01    3.995827E-04  1.213496E-03    7.826161E-15  9.449871E-16   -9.949365E-07 -5.432572E-07
  5.60000000E+03  0.00000000E+00  3.00000000E+01    3.995312E-04  1.213370E-03    7.212710E-15  8.259671E-16   -1.002010E-06 -5.288687E-07
  5.70000000E+03  0.00000000E+00  3.00000000E+01    3.994768E-04  1.213235E-03    6.650221E-15  7.291393E-16   -1.010056E-06 -5.166221E-07
  5.80000000E+03  0.00000000E+00  3.00000000E+01    3.994201E-04  1.213093E-03    6.313485E-15  6.693355E-16   -1.016193E-06 -5.098894E-07
  5.90000000E+03  0.00000000E+00  3.00000000E+01    3.993610E-04  1.212944E-03    5.986904E-15  6.202995E-16   -1.022851E-06 -5.042576E-07
  6.00000000E+03  0.00000000E+00  3.00000000E+01    3.992997E-04  1.212787E-03    5.542771E-15  5.448261E-16   -1.034159E-06 -4.980277E-07
  6.10000000E+03  0.00000000E+00  3.00000000E+01    3.992357E-04  1.212622E-03    5.133404E-15  4.796886E-16   -1.046871E-06 -4.940677E-07
  6.20000000E+03  0.00000000E+00  3.00000000E+01    3.991696E-04  1.212449E-03    4.873036E-15  4.430526E-16   -1.056283E-06 -4.929419E-07
  6.30000000E+03  0.00000000E+00  3.00000000E+01    3.991013E-04  1.212269E-03    4.633133E-15  4.106889E-16   -1.066539E-06 -4.930138E-07
  6.40000000E+03  0.00000000E+00  3.00000000E+01    3.990309E-04  1.212082E-03    4.310503E-15  3.670119E-16   -1.083541E-06 -4.955106E-07
  6.50000000E+03  0.00000000E+00  3.00000000E+01    3.989581E-04  1.211886E-03    4.009060E-15  3.264029E-16   -1.102257E-06 -5.004446E-07
  6.60000000E+03  0.00000000E+00  3.00000000E+01    3.988834E-04  1.211681E-03    3.825544E-15  3.061237E-16   -1.115953E-06 -5.054367E-07
  6.70000000E+03  0.00000000E+00  3.00000000E+01    3.988070E-04  1.211469E-03    3.642325E-15  2.906291E-16   -1.130501E-06 -5.116838E-07
  6.80000000E+03  0.00000000E+00  3.00000000E+01    3.987287E-04  1.211249E-03    3.401222E-15  2.612239E-16   -1.154342E-06 -5.238629E-07
  6.90000000E+03  0.00000000E+00  3.00000000E+01    3.986486E-04  1.211018E-03    3.171980E-15  2.307679E-16   -1.180147E-06 -5.388862E-07
  7.00000000E+03  0.00000000E+00  3.00000000E+01    3.985671E-04  1.210779E-03    3.030944E-15  2.202091E-16   -1.198666E-06 -5.508592E-07
  7.10000000E+03  0.00000000E+00  3.00000000E+01    3.984841E-04  1.210531E-03    2.895423E-15  2.049999E-16   -1.218355E-06 -5.645454E-07
  7.20000000E+03  0.00000000E+00  3.00000000E+01    3.984000E-04  1.210274E-03    2.713451E-15  1.853708E-16   -1.249876E-06 -5.882216E-07
  7.30000000E+03  0.00000000E+00  3.00000000E+01    3.983147E-04  1.210005E-03    2.537270E-15  1.673170E-16   -1.283557E-06 -6.154121E-07
  7.40000000E+03  0.00000000E+00  3.00000000E+01    3.982285E-04  1.209726E-03    2.429122E-15  1.592368E-16   -1.307583E-06 -6.361902E-07
  7.50000000E+03  0.00000000E+00  3.00000000E+01    3.981417E-04  1.209437E-03    2.337888E-15  1.503919E-16   -1.332583E-06 -6.587793E-07
  7.60000000E+03  0.00000000E+00  3.00000000E+01    3.980544E-04  1.209137E-03    2.188795E-15  1.389440E-16   -1.372433E-06 -6.971257E-07
  7.70000000E+03  0.00000000E+00  3.00000000E+01    3.979669E-04  1.208823E-03    2.052404E-15  1.259364E-16   -1.414559E-06 -7.401608E-07
  7.80000000E+03  0.00000000E+00  3.00000000E+01    3.978793E-04  1.208498E-03    1.964097E-15  1.156917E-16   -1.443985E-06 -7.718991E-07
  7.90000000E+03  0.00000000E+00  3.00000000E+01    3.977920E-04  1.208160E-03    1.887653E-15  1.110395E-16   -1.474591E-06 -8.064271E-07
  8.00000000E+03  0.00000000E+00  3.00000000E+01    3.977054E-04  1.207809E-03    1.777761E-15  1.018503E-16   -1.522459E-06 -8.636707E-07
  8.10000000E+03  0.00000000E+00  3.00000000E+01    3.976198E-04  1.207441E-03    1.677400E-15  9.766871E-17   -1.572308E-06 -9.269589E-07
  8.20000000E+03  0.00000000E+00  3.00000000E+01    3.975356E-04  1.207060E-03    1.618863E-15  9.695853E-17   -1.606873E-06 -9.736893E-07
  8.30000000E+03  0.00000000E+00  3.00000000E+01    3.974531E-04  1.206663E-03    1.553931E-15  9.115547E-17   -1.642184E-06 -1.023714E-06
  8.40000000E+03  0.00000000E+00  3.00000000E+01    3.973726E-04  1.206250E-03    1.472330E-15  7.949135E-17   -1.696892E-06 -1.106791E-06
  8.50000000E+03  0.00000000E+00  3.00000000E+01    3.972952E-04  1.205819E-03    1.389598E-15  7.423226E-17   -1.752877E-06 -1.197928E-06
  8.60000000E+03  0.00000000E+00  3.00000000E+01    3.972208E-04  1.205369E-03    1.336030E-15  6.811188E-17   -1.790813E-06 -1.264347E-06
  8.70000000E+03  0.00000000E+00  3.00000000E+01    3.971500E-04  1.204901E-03    1.289417E-15  6.700321E-17   -1.829296E-06 -1.336100E-06
  8.80000000E+03  0.00000000E+00  3.00000000E+01    3.970835E-04  1.204413E-03    1.226446E-15  6.464159E-17   -1.887184E-06 -1.453474E-06
  8.90000000E+03  0.00000000E+00  3.00000000E+01    3.970225E-04  1.203901E-03    1.163955E-15  5.982893E-17   -1.944975E-06 -1.582068E-06
  9.00000000E+03  0.00000000E+00  3.00000000E+01    3.969670E-04  1.203368E-03    1.117198E-15  5.600264E-17   -1.983187E-06 -1.676365E-06
  9.10000000E+03  0.00000000E+00  3.00000000E+01    3.969177E-04  1.202811E-03    1.078787E-15  5.124669E-17   -2.020592E-06 -1.776287E-06
  9.20000000E+03  0.00000000E+00  3.00000000E+01    3.968753E-04  1.202229E-03    1.027428E-15  4.885372E-17   -2.074732E-06 -1.940425E-06
  9.30000000E+03  0.00000000E+00  3.00000000E+01    3.968421E-04  1.201618E-03    9.693509E-16  4.413747E-17   -2.125944E-06 -2.119666E-06
  9.40000000E+03  0.00000000E+00  3.00000000E+01    3.968175E-04  1.200979E-03    9.325748E-16  3.939015E-17   -2.157408E-06 -2.249152E-06
  9.50000000E+03  0.00000000E+00  3.00000000E+01    3.968027E-04  1.200310E-03    8.997478E-16  3.873692E-17   -2.186407E-06 -2.387990E-06
  9.60000000E+03  0.00000000E+00  3.00000000E+01    3.967985E-04  1.199610E-03    8.701487E-16  3.932025E-17   -2.223460E-06 -2.614202E-06
  9.70000000E+03  0.00000000E+00  3.00000000E+01    3.968078E-04  1.198870E-03    8.267270E-16  3.780476E-17   -2.252658E-06 -2.859963E-06
  9.80000000E+03  0.00000000E+00  3.00000000E+01    3.968299E-04  1.198095E-03    8.015469E-16  3.604871E-17   -2.265687E-06 -3.038261E-06
  9.90000000E+03  0.00000000E+00  3.00000000E+01    3.968658E-04  1.197281E-03    7.703880E-16  3.547583E-17   -2.272959E-06 -3.226793E-06
  1.00000000E+04  0.00000000E+00  3.00000000E+01    3.969164E-04  1.196424E-03    7.389434E-16  3.592980E-17   -2.269957E-06 -3.535059E-06
  1.05000000E+04  0.00000000E+00  3.00000000E+01    3.974264E-04  1.191344E-03    6.019729E-16  3.312080E-17   -1.995462E-06 -5.221980E-06
