 -1.05000000E+04  0.00000000E+00  3.00000000E+01   -1.466246E-04  5.210455E-02    8.448594E-15 -3.948171E-15   -4.496614E-05  1.715497E-04
 -1.00000000E+04  0.00000000E+00  3.00000000E+01   -1.782996E-04  5.214194E-02    1.149541E-14 -5.774766E-15   -3.714335E-05  1.621494E-04
 -9.90000000E+03  0.00000000E+00  3.00000000E+01   -1.838024E-04  5.214856E-02    1.289324E-14 -6.283629E-15   -3.545136E-05  1.598457E-04
 -9.80000000E+03  0.00000000E+00  3.00000000E+01   -1.890920E-04  5.215496E-02    1.437122E-14 -5.995584E-15   -3.436001E-05  1.583056E-04
 -9.70000000E+03  0.00000000E+00  3.00000000E+01   -1.941907E-04  5.216118E-02    1.483653E-14 -5.067761E-15   -3.328683E-05  1.567528E-04
 -9.60000000E+03  0.00000000E+00  3.00000000E+01   -1.991145E-04  5.216721E-02    1.532136E-14 -6.092906E-15   -3.172970E-05  1.544256E-04
 -9.50000000E+03  0.00000000E+00  3.00000000E+01   -2.038388E-04  5.217304E-02    1.516994E-14 -5.482593E-15   -3.022174E-05  1.521010E-04
 -9.40000000E+03  0.00000000E+00  3.00000000E+01   -2.084140E-04  5.217872E-02    1.593862E-14 -5.249814E-15   -2.924779E-05  1.505533E-04
 -9.30000000E+03  0.00000000E+00  3.00000000E+01   -2.128476E-04  5.218426E-02    1.503127E-14 -7.190932E-15   -2.830389E-05  1.490189E-04
 -9.20000000E+03  0.00000000E+00  3.00000000E+01   -2.171434E-04  5.218964E-02    1.438040E-14 -8.386882E-15   -2.693082E-05  1.467212E-04
 -9.10000000E+03  0.00000000E+00  3.00000000E+01   -2.212964E-04  5.219488E-02    1.494293E-14 -9.581914E-15   -2.560799E-05  1.444416E-04
 -9.00000000E+03  0.00000000E+00  3.00000000E+01   -2.253293E-04  5.219999E-02    1.981666E-14 -8.978757E-15   -2.476034E-05  1.429375E-04
 -8.90000000E+03  0.00000000E+00  3.00000000E+01   -2.292480E-04  5.220498E-02    1.769327E-14 -8.603355E-15   -2.393030E-05  1.414329E-04
 -8.80000000E+03  0.00000000E+00  3.00000000E+01   -2.330601E-04  5.220985E-02    1.774042E-14 -8.957367E-15   -2.273881E-05  1.392083E-04
 -8.70000000E+03  0.00000000E+00  3.00000000E+01   -2.367512E-04  5.221459E-02    1.858647E-14 -9.852152E-15   -2.159387E-05  1.370061E-04
 -8.60000000E+03  0.00000000E+00  3.00000000E+01   -2.403477E-04  5.221922E-02    1.809821E-14 -1.090824E-14   -2.085700E-05  1.355460E-04
 -8.50000000E+03  0.00000000E+00  3.00000000E+01   -2.438510E-04  5.222375E-02    1.927360E-14 -9.450093E-15   -2.014680E-05  1.341055E-04
 -8.40000000E+03  0.00000000E+00  3.00000000E+01   -2.472647E-04  5.222817E-02    2.183341E-14 -1.079149E-14   -1.912039E-05  1.319588E-04
 -8.30000000E+03  0.00000000E+00  3.00000000E+01   -2.505817E-04  5.223249E-02    2.239851E-14 -1.197400E-14   -1.813379E-05  1.298296E-04
 -8.20000000E+03  0.00000000E+00  3.00000000E+01   -2.538140E-04  5.223671E-02    2.254267E-14 -1.098526E-14   -1.750581E-05  1.284297E-04
 -8.10000000E+03  0.00000000E+00  3.00000000E+01   -2.569680E-04  5.224083E-02    2.509500E-14 -1.165034E-14   -1.689483E-05  1.270341E-04
 -8.00000000E+03  0.00000000E+00  3.00000000E+01   -2.600481E-04  5.224488E-02    2.633438E-14 -1.198749E-14   -1.601923E-05  1.249657E-04
 -7.90000000E+03  0.00000000E+00  3.00000000E+01   -2.630396E-04  5.224881E-02    2.635519E-14 -1.317722E-14   -1.518060E-05  1.229158E-04
 -7.80000000E+03  0.00000000E+00  3.00000000E+01   -2.659623E-04  5.225266E-02    2.862674E-14 -1.342490E-14   -1.464406E-05  1.215577E-04
 -7.70000000E+03  0.00000000E+00  3.00000000E+01   -2.688163E-04  5.225644E-02    2.808130E-14 -1.395300E-14   -1.412738E-05  1.202138E-04
 -7.60000000E+03  0.00000000E+00  3.00000000E+01   -2.716008E-04  5.226012E-02    3.076362E-14 -1.509813E-14   -1.338316E-05  1.182071E-04
 -7.50000000E+03  0.00000000E+00  3.00000000E+01   -2.743109E-04  5.226372E-02    3.089808E-14 -1.484096E-14   -1.267418E-05  1.162213E-04
 -7.40000000E+03  0.00000000E+00  3.00000000E+01   -2.769572E-04  5.226723E-02    3.250393E-14 -1.697453E-14   -1.222533E-05  1.149136E-04
 -7.30000000E+03  0.00000000E+00  3.00000000E+01   -2.795418E-04  5.227067E-02    3.396899E-14 -1.816678E-14   -1.178980E-05  1.136067E-04
 -7.20000000E+03  0.00000000E+00  3.00000000E+01   -2.820674E-04  5.227405E-02    3.669589E-14 -1.949600E-14   -1.117127E-05  1.116716E-04
 -7.10000000E+03  0.00000000E+00  3.00000000E+01   -2.845239E-04  5.227733E-02    3.729791E-14 -2.089077E-14   -1.058319E-05  1.097517E-04
 -7.00000000E+03  0.00000000E+00  3.00000000E+01   -2.869239E-04  5.228054E-02    3.735680E-14 -2.417884E-14   -1.020901E-05  1.084758E-04
 -6.90000000E+03  0.00000000E+00  3.00000000E+01   -2.892673E-04  5.228369E-02    4.056100E-14 -2.303865E-14   -9.851984E-06  1.072151E-04
 -6.80000000E+03  0.00000000E+00  3.00000000E+01   -2.915551E-04  5.228676E-02    4.221688E-14 -2.579564E-14   -9.343555E-06  1.053339E-04
 -6.70000000E+03  0.00000000E+00  3.00000000E+01   -2.937817E-04  5.228977E-02    4.877352E-14 -2.571294E-14   -8.862484E-06  1.034647E-04
 -6.60000000E+03  0.00000000E+00  3.00000000E+01   -2.959541E-04  5.229270E-02    4.795290E-14 -2.756388E-14   -8.561117E-06  1.022321E-04
 -6.50000000E+03  0.00000000E+00  3.00000000E+01   -2.980746E-04  5.229556E-02    4.805522E-14 -3.012006E-14   -8.271388E-06  1.010001E-04
 -6.40000000E+03  0.00000000E+00  3.00000000E+01   -3.001444E-04  5.229837E-02    5.188477E-14 -3.136314E-14   -7.863378E-06  9.916785E-05
 -6.30000000E+03  0.00000000E+00  3.00000000E+01   -3.021525E-04  5.230110E-02    5.530623E-14 -3.383635E-14   -7.480390E-06  9.734757E-05
 -6.20000000E+03  0.00000000E+00  3.00000000E+01   -3.041111E-04  5.230376E-02    5.851380E-14 -3.457241E-14   -7.241033E-06  9.613979E-05
 -6.10000000E+03  0.00000000E+00  3.00000000E+01   -3.060200E-04  5.230637E-02    5.946346E-14 -3.695562E-14   -7.014992E-06  9.494343E-05
 -6.00000000E+03  0.00000000E+00  3.00000000E+01   -3.078785E-04  5.230891E-02    6.654534E-14 -3.859978E-14   -6.697846E-06  9.315310E-05
 -5.90000000E+03  0.00000000E+00  3.00000000E+01   -3.096808E-04  5.231138E-02    6.906066E-14 -4.280307E-14   -6.403947E-06  9.137503E-05
 -5.80000000E+03  0.00000000E+00  3.00000000E+01   -3.114339E-04  5.231379E-02    7.193013E-14 -4.513495E-14   -6.223333E-06  9.019928E-05
 -5.70000000E+03  0.00000000E+00  3.00000000E+01   -3.131382E-04  5.231614E-02    7.603414E-14 -4.672169E-14   -6.052127E-06  8.902100E-05
 -5.60000000E+03  0.00000000E+00  3.00000000E+01   -3.147943E-04  5.231843E-02    8.125105E-14 -5.167658E-14   -5.817811E-06  8.727121E-05
 -5.50000000E+03  0.00000000E+00  3.00000000E+01   -3.163934E-04  5.232065E-02    8.593301E-14 -5.677197E-14   -5.603971E-06  8.553067E-05
 -5.40000000E+03  0.00000000E+00  3.00000000E+01   -3.179447E-04  5.232282E-02    9.088398E-14 -6.035048E-14   -5.473828E-06  8.437065E-05
 -5.30000000E+03  0.00000000E+00  3.00000000E+01   -3.194476E-04  5.232492E-02    9.569380E-14 -6.342764E-14   -5.354211E-06  8.322111E-05
 -5.20000000E+03  0.00000000E+00  3.00000000E+01   -3.209018E-04  5.232697E-02    1.008008E-13 -6.903307E-14   -5.192580E-06  8.149830E-05
 -5.10000000E+03  0.00000000E+00  3.00000000E+01   -3.222999E-04  5.232895E-02    1.084297E-13 -7.610508E-14   -5.048634E-06  7.977988E-05
 -5.00000000E+03  0.00000000E+00  3.00000000E+01   -3.236485E-04  5.233086E-02    1.156952E-13 -7.982447E-14   -4.964871E-06  7.864358E-05
 -4.90000000E+03  0.00000000E+00  3.00000000E+01   -3.249483E-04  5.233272E-02    1.213718E-13 -8.340991E-14   -4.889210E-06  7.750623E-05
 -4.80000000E+03  0.00000000E+00  3.00000000E+01   -3.261995E-04  5.233452E-02    1.328109E-13 -9.165032E-14   -4.792746E-06  7.581133E-05
 -4.70000000E+03  0.00000000E+00  3.00000000E+01   -3.273925E-04  5.233625E-02    1.434688E-13 -9.960000E-14   -4.712229E-06  7.412257E-05
 -4.60000000E+03  0.00000000E+00  3.00000000E+01   -3.285365E-04  5.233792E-02    1.510670E-13 -1.060487E-13   -4.668639E-06  7.299756E-05
 -4.50000000E+03  0.00000000E+00  3.00000000E+01   -3.296308E-04  5.233953E-02    1.569421E-13 -1.137332E-13   -4.632760E-06  7.187950E-05
 -4.40000000E+03  0.00000000E+00  3.00000000E+01   -3.306745E-04  5.234108E-02    1.722664E-13 -1.224130E-13   -4.592689E-06  7.020000E-05
 -4.30000000E+03  0.00000000E+00  3.00000000E+01   -3.316596E-04  5.234257E-02    1.858636E-13 -1.395166E-13   -4.566531E-06  6.852686E-05
 -4.20000000E+03  0.00000000E+00  3.00000000E+01   -3.325937E-04  5.234400E-02    1.941640E-13 -1.494264E-13   -4.558029E-06  6.741724E-05
 -4.10000000E+03  0.00000000E+00  3.00000000E+01   -3.334764E-04  5.234536E-02    2.080405E-13 -1.556997E-13   -4.555536E-06  6.630252E-05
 -4.00000000E+03  0.00000000E+00  3.00000000E+01   -3.343076E-04  5.234667E-02    2.267938E-13 -1.719146E-13   -4.564084E-06  6.463968E-05
 -3.90000000E+03  0.00000000E+00  3.00000000E+01   -3.350775E-04  5.234791E-02    2.475050E-13 -1.906648E-13   -4.584050E-06  6.297783E-05
 -3.80000000E+03  0.00000000E+00  3.00000000E+01   -3.357946E-04  5.234909E-02    2.645105E-13 -2.028378E-13   -4.604523E-06  6.186551E-05
 -3.70000000E+03  0.00000000E+00  3.00000000E+01   -3.364581E-04  5.235020E-02    2.782670E-13 -2.160287E-13   -4.630370E-06  6.076059E-05
 -3.60000000E+03  0.00000000E+00  3.00000000E+01   -3.370674E-04  5.235125E-02    3.062972E-13 -2.396153E-13   -4.679139E-06  5.910021E-05
 -3.50000000E+03  0.00000000E+00  3.00000000E+01   -3.376130E-04  5.235224E-02    3.347828E-13 -2.680584E-13   -4.737422E-06  5.743915E-05
 -3.40000000E+03  0.00000000E+00  3.00000000E+01   -3.381029E-04  5.235316E-02    3.574905E-13 -2.864571E-13   -4.782255E-06  5.633617E-05
 -3.30000000E+03  0.00000000E+00  3.00000000E+01   -3.385364E-04  5.235401E-02    3.798335E-13 -3.067055E-13   -4.831319E-06  5.522805E-05
 -3.20000000E+03  0.00000000E+00  3.00000000E+01   -3.389129E-04  5.235481E-02    4.189492E-13 -3.423937E-13   -4.912719E-06  5.356832E-05
 -3.10000000E+03  0.00000000E+00  3.00000000E+01   -3.392212E-04  5.235553E-02    4.609751E-13 -3.817339E-13   -5.001395E-06  5.190751E-05
 -3.00000000E+03  0.00000000E+00  3.00000000E+01   -3.394704E-04  5.235619E-02    4.902047E-13 -4.120187E-13   -5.065061E-06  5.079723E-05
 -2.90000000E+03  0.00000000E+00  3.00000000E+01   -3.396592E-04  5.235678E-02    5.261165E-13 -4.424730E-13   -5.131702E-06  4.969108E-05
 -2.80000000E+03  0.00000000E+00  3.00000000E+01   -3.397863E-04  5.235730E-02    5.797908E-13 -4.965033E-13   -5.237202E-06  4.802345E-05
 -2.70000000E+03  0.00000000E+00  3.00000000E+01   -3.398405E-04  5.235775E-02    6.414907E-13 -5.559617E-13   -5.347458E-06  4.635499E-05
 -2.60000000E+03  0.00000000E+00  3.00000000E+01   -3.398303E-04  5.235813E-02    6.866981E-13 -5.991001E-13   -5.423587E-06  4.524393E-05
 -2.50000000E+03  0.00000000E+00  3.00000000E+01   -3.397547E-04  5.235844E-02    7.357610E-13 -6.459246E-13   -5.501492E-06  4.412507E-05
 -2.40000000E+03  0.00000000E+00  3.00000000E+01   -3.396127E-04  5.235868E-02    8.139549E-13 -7.242425E-13   -5.620893E-06  4.245323E-05
 -2.30000000E+03  0.00000000E+00  3.00000000E+01   -3.393915E-04  5.235883E-02    9.024343E-13 -8.095222E-13   -5.742079E-06  4.078066E-05
 -2.20000000E+03  0.00000000E+00  3.00000000E+01   -3.391017E-04  5.235891E-02    9.625508E-13 -8.737622E-13   -5.823448E-06  3.965986E-05
 -2.10000000E+03  0.00000000E+00  3.00000000E+01   -3.387423E-04  5.235892E-02    1.031812E-12 -9.417909E-13   -5.904639E-06  3.854480E-05
 -2.00000000E+03  0.00000000E+00  3.00000000E+01   -3.383124E-04  5.235884E-02    1.138082E-12 -1.053599E-12   -6.025006E-06  3.686480E-05
 -1.90000000E+03  0.00000000E+00  3.00000000E+01   -3.378000E-04  5.235868E-02    1.255228E-12 -1.175951E-12   -6.142498E-06  3.517989E-05
 -1.80000000E+03  0.00000000E+00  3.00000000E+01   -3.372161E-04  5.235844E-02    1.335079E-12 -1.261376E-12   -6.218095E-06  3.405927E-05
 -1.70000000E+03  0.00000000E+00  3.00000000E+01   -3.365614E-04  5.235811E-02    1.420249E-12 -1.353287E-12   -6.290637E-06  3.293197E-05
 -1.60000000E+03  0.00000000E+00  3.00000000E+01   -3.358366E-04  5.235771E-02    1.551870E-12 -1.495364E-12   -6.390930E-06  3.123939E-05
 -1.50000000E+03  0.00000000E+00  3.00000000E+01   -3.350304E-04  5.235720E-02    1.684655E-12 -1.639746E-12   -6.479740E-06  2.953803E-05
 -1.40000000E+03  0.00000000E+00  3.00000000E+01   -3.341571E-04  5.235660E-02    1.770392E-12 -1.738101E-12   -6.528453E-06  2.839216E-05
 -1.30000000E+03  0.00000000E+00  3.00000000E+01   -3.332185E-04  5.235592E-02    1.853741E-12 -1.831656E-12   -6.567101E-06  2.724203E-05
 -1.20000000E+03  0.00000000E+00  3.00000000E+01   -3.322171E-04  5.235515E-02    1.967006E-12 -1.962512E-12   -6.597363E-06  2.548395E-05
 -1.10000000E+03  0.00000000E+00  3.00000000E+01   -3.311488E-04  5.235428E-02    2.053817E-12 -2.071458E-12   -6.592202E-06  2.369309E-05
 -1.00000000E+03  0.00000000E+00  3.00000000E+01   -3.300290E-04  5.235333E-02    2.094084E-12 -2.124885E-12   -6.558016E-06  2.247068E-05
 -9.00000000E+02  0.00000000E+00  3.00000000E+01   -3.288639E-04  5.235230E-02    2.112105E-12 -2.156258E-12   -6.492255E-06  2.120732E-05
 -8.00000000E+02  0.00000000E+00  3.00000000E+01   -3.276618E-04  5.235120E-02    2.086184E-12 -2.145621E-12   -6.315621E-06  1.923145E-05
 -7.00000000E+02  0.00000000E+00  3.00000000E+01   -3.264293E-04  5.235003E-02    1.998918E-12 -2.073144E-12   -6.035250E-06  1.713562E-05
 -6.00000000E+02  0.00000000E+00  3.00000000E+01   -3.251867E-04  5.234881E-02    1.891095E-12 -1.969293E-12   -5.756191E-06  1.562599E-05
 -5.00000000E+02  0.00000000E+00  3.00000000E+01   -3.239561E-04  5.234757E-02    1.744303E-12 -1.824435E-12   -5.391105E-06  1.402229E-05
 -4.00000000E+02  0.00000000E+00  3.00000000E+01   -3.227731E-04  5.234635E-02    1.443887E-12 -1.515906E-12   -4.613849E-06  1.134226E-05
 -3.00000000E+02  0.00000000E+00  3.00000000E+01   -3.217234E-04  5.234525E-02    1.064894E-12 -1.126141E-12   -3.562161E-06  8.335700E-06
 -2.00000000E+02  0.00000000E+00  3.00000000E+01   -3.208753E-04  5.234434E-02    7.721779E-13 -8.156942E-13   -2.671826E-06  6.109695E-06
 -1.00000000E+02  0.00000000E+00  3.00000000E+01   -3.203124E-04  5.234374E-02    4.527872E-13 -4.805908E-13   -1.656542E-06  3.728832E-06
  0.00000000E+00  0.00000000E+00  3.00000000E+01   -3.200970E-04  5.234351E-02   -4.684894E-14  4.830456E-14    2.656408E-11 -2.994471E-11
  1.00000000E+02  0.00000000E+00  3.00000000E+01   -3.203124E-04  5.234374E-02   -5.423259E-13  5.732824E-13    1.656591E-06 -3.728887E-06
  2.00000000E+02  0.00000000E+00  3.00000000E+01   -3.208753E-04  5.234434E-02   -8.554560E-13  9.038836E-13    2.671868E-06 -6.109741E-06
  3.00000000E+02  0.00000000E+00  3.00000000E+01   -3.217234E-04  5.234525E-02   -1.141908E-12  1.203550E-12    3.562194E-06 -8.335736E-06
  4.00000000E+02  0.00000000E+00  3.00000000E+01   -3.227731E-04  5.234635E-02   -1.503361E-12  1.580066E-12    4.613868E-06 -1.134228E-05
  5.00000000E+02  0.00000000E+00  3.00000000E+01   -3.239561E-04  5.234757E-02   -1.790174E-12  1.868300E-12    5.391111E-06 -1.402229E-05
  6.00000000E+02  0.00000000E+00  3.00000000E+01   -3.251868E-04  5.234881E-02   -1.925496E-12  2.002600E-12    5.756190E-06 -1.562599E-05
  7.00000000E+02  0.00000000E+00  3.00000000E+01   -3.264293E-04  5.235003E-02   -2.022437E-12  2.094527E-12    6.035244E-06 -1.713562E-05
  8.00000000E+02  0.00000000E+00  3.00000000E+01   -3.276618E-04  5.235120E-02   -2.097896E-12  2.155991E-12    6.315611E-06 -1.923144E-05
  9.00000000E+02  0.00000000E+00  3.00000000E+01   -3.288639E-04  5.235230E-02   -2.113458E-12  2.152010E-12    6.492242E-06 -2.120730E-05
  1.00000000E+03  0.00000000E+00  3.00000000E+01   -3.300290E-04  5.235333E-02   -2.085863E-12  2.112655E-12    6.558003E-06 -2.247066E-05
  1.10000000E+03  0.00000000E+00  3.00000000E+01   -3.311488E-04  5.235428E-02   -2.041906E-12  2.055826E-12    6.592189E-06 -2.369307E-05
  1.20000000E+03  0.00000000E+00  3.00000000E+01   -3.322171E-04  5.235515E-02   -1.946644E-12  1.941657E-12    6.597351E-06 -2.548393E-05
  1.30000000E+03  0.00000000E+00  3.00000000E+01   -3.332185E-04  5.235592E-02   -1.833139E-12  1.808074E-12    6.567090E-06 -2.724202E-05
  1.40000000E+03  0.00000000E+00  3.00000000E+01   -3.341571E-04  5.235660E-02   -1.749240E-12  1.714378E-12    6.528443E-06 -2.839215E-05
  1.50000000E+03  0.00000000E+00  3.00000000E+01   -3.350304E-04  5.235720E-02   -1.660664E-12  1.616481E-12    6.479731E-06 -2.953802E-05
  1.60000000E+03  0.00000000E+00  3.00000000E+01   -3.358366E-04  5.235771E-02   -1.529907E-12  1.470510E-12    6.390922E-06 -3.123938E-05
  1.70000000E+03  0.00000000E+00  3.00000000E+01   -3.365614E-04  5.235811E-02   -1.399567E-12  1.328176E-12    6.290630E-06 -3.293196E-05
  1.80000000E+03  0.00000000E+00  3.00000000E+01   -3.372161E-04  5.235844E-02   -1.314873E-12  1.238460E-12    6.218089E-06 -3.405926E-05
  1.90000000E+03  0.00000000E+00  3.00000000E+01   -3.378000E-04  5.235868E-02   -1.234708E-12  1.153918E-12    6.142492E-06 -3.517989E-05
  2.00000000E+03  0.00000000E+00  3.00000000E+01   -3.383124E-04  5.235884E-02   -1.118981E-12  1.034307E-12    6.025001E-06 -3.686480E-05
  2.10000000E+03  0.00000000E+00  3.00000000E+01   -3.387423E-04  5.235892E-02   -1.013395E-12  9.239392E-13    5.904635E-06 -3.854480E-05
  2.20000000E+03  0.00000000E+00  3.00000000E+01   -3.391017E-04  5.235891E-02   -9.471014E-13  8.583894E-13    5.823444E-06 -3.965986E-05
  2.30000000E+03  0.00000000E+00  3.00000000E+01   -3.393915E-04  5.235883E-02   -8.850369E-13  7.951233E-13    5.742075E-06 -4.078066E-05
  2.40000000E+03  0.00000000E+00  3.00000000E+01   -3.396127E-04  5.235868E-02   -7.983806E-13  7.109442E-13    5.620890E-06 -4.245323E-05
  2.50000000E+03  0.00000000E+00  3.00000000E+01   -3.397547E-04  5.235844E-02   -7.216126E-13  6.336123E-13    5.501489E-06 -4.412506E-05
  2.60000000E+03  0.00000000E+00  3.00000000E+01   -3.398303E-04  5.235813E-02   -6.735945E-13  5.934716E-13    5.423585E-06 -4.524393E-05
  2.70000000E+03  0.00000000E+00  3.00000000E+01   -3.398405E-04  5.235775E-02   -6.291435E-13  5.436993E-13    5.347456E-06 -4.635499E-05
  2.80000000E+03  0.00000000E+00  3.00000000E+01   -3.397863E-04  5.235730E-02   -5.700113E-13  4.865317E-13    5.237200E-06 -4.802345E-05
  2.90000000E+03  0.00000000E+00  3.00000000E+01   -3.396592E-04  5.235678E-02   -5.160069E-13  4.358830E-13    5.131700E-06 -4.969108E-05
  3.00000000E+03  0.00000000E+00  3.00000000E+01   -3.394704E-04  5.235619E-02   -4.831523E-13  4.036787E-13    5.065060E-06 -5.079723E-05
  3.10000000E+03  0.00000000E+00  3.00000000E+01   -3.392212E-04  5.235553E-02   -4.533014E-13  3.751894E-13    5.001393E-06 -5.190751E-05
  3.20000000E+03  0.00000000E+00  3.00000000E+01   -3.389129E-04  5.235481E-02   -4.103587E-13  3.354151E-13    4.912717E-06 -5.356832E-05
  3.30000000E+03  0.00000000E+00  3.00000000E+01   -3.385364E-04  5.235401E-02   -3.742035E-13  3.016227E-13    4.831318E-06 -5.522805E-05
  3.40000000E+03  0.00000000E+00  3.00000000E+01   -3.381029E-04  5.235316E-02   -3.508395E-13  2.814519E-13    4.782254E-06 -5.633617E-05
  3.50000000E+03  0.00000000E+00  3.00000000E+01   -3.376130E-04  5.235224E-02   -3.299093E-13  2.628352E-13    4.737421E-06 -5.743915E-05
  3.60000000E+03  0.00000000E+00  3.00000000E+01   -3.370674E-04  5.235125E-02   -3.017219E-13  2.357313E-13    4.679138E-06 -5.910021E-05
  3.70000000E+03  0.00000000E+00  3.00000000E+01   -3.364581E-04  5.235020E-02   -2.747065E-13  2.136587E-13    4.630369E-06 -6.076059E-05
  3.80000000E+03  0.00000000E+00  3.00000000E+01   -3.357946E-04  5.234909E-02   -2.585663E-13  1.996760E-13    4.604522E-06 -6.186551E-05
  3.90000000E+03  0.00000000E+00  3.00000000E+01   -3.350775E-04  5.234791E-02   -2.449671E-13  1.867747E-13    4.584049E-06 -6.297783E-05
  4.00000000E+03  0.00000000E+00  3.00000000E+01   -3.343076E-04  5.234667E-02   -2.238453E-13  1.691299E-13    4.564084E-06 -6.463968E-05
  4.10000000E+03  0.00000000E+00  3.00000000E+01   -3.334764E-04  5.234536E-02   -2.048624E-13  1.528658E-13    4.555535E-06 -6.630252E-05
  4.20000000E+03  0.00000000E+00  3.00000000E+01   -3.325937E-04  5.234400E-02   -1.920756E-13  1.440538E-13    4.558028E-06 -6.741724E-05
  4.30000000E+03  0.00000000E+00  3.00000000E+01   -3.316596E-04  5.234257E-02   -1.840502E-13  1.340397E-13    4.566531E-06 -6.852686E-05
  4.40000000E+03  0.00000000E+00  3.00000000E+01   -3.306745E-04  5.234108E-02   -1.704461E-13  1.206078E-13    4.592689E-06 -7.020000E-05
  4.50000000E+03  0.00000000E+00  3.00000000E+01   -3.296308E-04  5.233953E-02   -1.566705E-13  1.108548E-13    4.632759E-06 -7.187950E-05
  4.60000000E+03  0.00000000E+00  3.00000000E+01   -3.285365E-04  5.233792E-02   -1.472374E-13  1.037059E-13    4.668638E-06 -7.299756E-05
  4.70000000E+03  0.00000000E+00  3.00000000E+01   -3.273925E-04  5.233625E-02   -1.414059E-13  9.625346E-14    4.712229E-06 -7.412257E-05
  4.80000000E+03  0.00000000E+00  3.00000000E+01   -3.261995E-04  5.233452E-02   -1.313622E-13  8.984122E-14    4.792746E-06 -7.581133E-05
  4.90000000E+03  0.00000000E+00  3.00000000E+01   -3.249483E-04  5.233272E-02   -1.202951E-13  8.297333E-14    4.889210E-06 -7.750623E-05
  5.00000000E+03  0.00000000E+00  3.00000000E+01   -3.236485E-04  5.233086E-02   -1.148196E-13  7.757696E-14    4.964871E-06 -7.864358E-05
  5.10000000E+03  0.00000000E+00  3.00000000E+01   -3.222999E-04  5.232895E-02   -1.095507E-13  7.359642E-14    5.048634E-06 -7.977988E-05
  5.20000000E+03  0.00000000E+00  3.00000000E+01   -3.209018E-04  5.232697E-02   -1.021960E-13  6.820816E-14    5.192579E-06 -8.149830E-05
  5.30000000E+03  0.00000000E+00  3.00000000E+01   -3.194476E-04  5.232492E-02   -9.475288E-14  6.223280E-14    5.354211E-06 -8.322111E-05
  5.40000000E+03  0.00000000E+00  3.00000000E+01   -3.179447E-04  5.232282E-02   -9.185225E-14  5.828441E-14    5.473828E-06 -8.437065E-05
  5.50000000E+03  0.00000000E+00  3.00000000E+01   -3.163934E-04  5.232065E-02   -8.579102E-14  5.456410E-14    5.603971E-06 -8.553067E-05
  5.60000000E+03  0.00000000E+00  3.00000000E+01   -3.147943E-04  5.231843E-02   -8.168221E-14  5.102158E-14    5.817811E-06 -8.727121E-05
  5.70000000E+03  0.00000000E+00  3.00000000E+01   -3.131382E-04  5.231614E-02   -7.509719E-14  4.542051E-14    6.052127E-06 -8.902100E-05
  5.80000000E+03  0.00000000E+00  3.00000000E+01   -3.114339E-04  5.231379E-02   -7.257111E-14  4.397263E-14    6.223333E-06 -9.019928E-05
  5.90000000E+03  0.00000000E+00  3.00000000E+01   -3.096808E-04  5.231138E-02   -6.934983E-14  4.165531E-14    6.403947E-06 -9.137503E-05
  6.00000000E+03  0.00000000E+00  3.00000000E+01   -3.078785E-04  5.230891E-02   -6.494855E-14  3.967209E-14    6.697846E-06 -9.315310E-05
  6.10000000E+03  0.00000000E+00  3.00000000E+01   -3.060200E-04  5.230637E-02   -5.895419E-14  3.706464E-14    7.014992E-06 -9.494343E-05
  6.20000000E+03  0.00000000E+00  3.00000000E+01   -3.041111E-04  5.230376E-02   -5.720571E-14  3.470654E-14    7.241033E-06 -9.613979E-05
  6.30000000E+03  0.00000000E+00  3.00000000E+01   -3.021525E-04  5.230110E-02   -5.456024E-14  3.225849E-14    7.480390E-06 -9.734757E-05
  6.40000000E+03  0.00000000E+00  3.00000000E+01   -3.001444E-04  5.229837E-02   -5.144586E-14  3.220356E-14    7.863378E-06 -9.916784E-05
  6.50000000E+03  0.00000000E+00  3.00000000E+01   -2.980746E-04  5.229556E-02   -4.943980E-14  2.834872E-14    8.271388E-06 -1.010001E-04
  6.60000000E+03  0.00000000E+00  3.00000000E+01   -2.959541E-04  5.229270E-02   -4.775859E-14  2.802383E-14    8.561117E-06 -1.022321E-04
  6.70000000E+03  0.00000000E+00  3.00000000E+01   -2.937817E-04  5.228977E-02   -4.536435E-14  2.583379E-14    8.862484E-06 -1.034647E-04
  6.80000000E+03  0.00000000E+00  3.00000000E+01   -2.915551E-04  5.228676E-02   -4.350191E-14  2.443422E-14    9.343555E-06 -1.053339E-04
  6.90000000E+03  0.00000000E+00  3.00000000E+01   -2.892673E-04  5.228369E-02   -4.183837E-14  2.198659E-14    9.851984E-06 -1.072151E-04
  7.00000000E+03  0.00000000E+00  3.00000000E+01   -2.869239E-04  5.228054E-02   -4.020373E-14  2.006464E-14    1.020901E-05 -1.084758E-04
  7.10000000E+03  0.00000000E+00  3.00000000E+01   -2.845239E-04  5.227733E-02   -4.037891E-14  1.958748E-14    1.058319E-05 -1.097517E-04
  7.20000000E+03  0.00000000E+00  3.00000000E+01   -2.820674E-04  5.227405E-02   -3.600261E-14  1.892215E-14    1.117127E-05 -1.116716E-04
  7.30000000E+03  0.00000000E+00  3.00000000E+01   -2.795418E-04  5.227067E-02   -3.512721E-14  1.584614E-14    1.178980E-05 -1.136067E-04
  7.40000000E+03  0.00000000E+00  3.00000000E+01   -2.769572E-04  5.226723E-02   -3.145560E-14  1.748758E-14    1.222533E-05 -1.149136E-04
  7.50000000E+03  0.00000000E+00  3.00000000E+01   -2.743109E-04  5.226372E-02   -3.456837E-14  1.413141E-14    1.267418E-05 -1.162213E-04
  7.60000000E+03  0.00000000E+00  3.00000000E+01   -2.716008E-04  5.226012E-02   -2.777825E-14  1.740372E-14    1.338316E-05 -1.182071E-04
  7.70000000E+03  0.00000000E+00  3.00000000E+01   -2.688163E-04  5.225644E-02   -2.918759E-14  1.535178E-14    1.412738E-05 -1.202138E-04
  7.80000000E+03  0.00000000E+00  3.00000000E+01   -2.659623E-04  5.225266E-02   -2.576327E-14  1.324087E-14    1.464406E-05 -1.215577E-04
  7.90000000E+03  0.00000000E+00  3.00000000E+01   -2.630396E-04  5.224881E-02   -2.638064E-14  1.376479E-14    1.518060E-05 -1.229158E-04
  8.00000000E+03  0.00000000E+00  3.00000000E+01   -2.600481E-04  5.224488E-02   -2.484589E-14  1.382111E-14    1.601923E-05 -1.249657E-04
  8.10000000E+03  0.00000000E+00  3.00000000E+01   -2.569680E-04  5.224083E-02   -2.485667E-14  9.832000E-15    1.689483E-05 -1.270341E-04
  8.20000000E+03  0.00000000E+00  3.00000000E+01   -2.538140E-04  5.223671E-02   -2.291579E-14  1.206598E-14    1.750581E-05 -1.284297E-04
  8.30000000E+03  0.00000000E+00  3.00000000E+01   -2.505817E-04  5.223249E-02   -2.320620E-14  1.073921E-14    1.813379E-05 -1.298296E-04
  8.40000000E+03  0.00000000E+00  3.00000000E+01   -2.472647E-04  5.222817E-02   -2.008573E-14  1.193353E-14    1.912039E-05 -1.319588E-04
  8.50000000E+03  0.00000000E+00  3.00000000E+01   -2.438510E-04  5.222375E-02   -2.136710E-14  1.218241E-14    2.014680E-05 -1.341055E-04
  8.60000000E+03  0.00000000E+00  3.00000000E+01   -2.403477E-04  5.221922E-02   -2.050237E-14  1.143661E-14    2.085700E-05 -1.355460E-04
  8.70000000E+03  0.00000000E+00  3.00000000E+01   -2.367512E-04  5.221459E-02   -2.019993E-14  1.131922E-14    2.159387E-05 -1.370061E-04
  8.80000000E+03  0.00000000E+00  3.00000000E+01   -2.330601E-04  5.220985E-02   -1.778025E-14  8.963824E-15    2.273881E-05 -1.392083E-04
  8.90000000E+03  0.00000000E+00  3.00000000E+01   -2.292480E-04  5.220498E-02   -1.724046E-14  8.184415E-15    2.393030E-05 -1.414329E-04
  9.00000000E+03  0.00000000E+00  3.00000000E+01   -2.253293E-04  5.219999E-02   -1.735298E-14  7.525220E-15    2.476034E-05 -1.429375E-04
  9.10000000E+03  0.00000000E+00  3.00000000E+01   -2.212964E-04  5.219488E-02   -1.703574E-14  6.987372E-15    2.560799E-05 -1.444416E-04
  9.20000000E+03  0.00000000E+00  3.00000000E+01   -2.171434E-04  5.218964E-02   -1.716001E-14  6.448300E-15    2.693082E-05 -1.467212E-04
  9.30000000E+03  0.00000000E+00  3.00000000E+01   -2.128476E-04  5.218426E-02   -1.560094E-14  6.371795E-15    2.830389E-05 -1.490189E-04
  9.40000000E+03  0.00000000E+00  3.00000000E+01   -2.084140E-04  5.217872E-02   -1.425244E-14  5.600347E-15    2.924779E-05 -1.505533E-04
  9.50000000E+03  0.00000000E+00  3.00000000E+01   -2.038388E-04  5.217304E-02   -1.410754E-14  6.116298E-15    3.022174E-05 -1.521010E-04
  9.60000000E+03  0.00000000E+00  3.00000000E+01   -1.991145E-04  5.216721E-02   -1.446230E-14  5.260231E-15    3.172970E-05 -1.544256E-04
  9.70000000E+03  0.00000000E+00  3.00000000E+01   -1.941907E-04  5.216118E-02   -1.281614E-14  6.064782E-15    3.328683E-05 -1.567528E-04
  9.80000000E+03  0.00000000E+00  3.00000000E+01   -1.890920E-04  5.215496E-02   -1.220538E-14  6.663534E-15    3.436001E-05 -1.583056E-04
  9.90000000E+03  0.00000000E+00  3.00000000E+01   -1.838024E-04  5.214856E-02   -1.160735E-14  5.464818E-15    3.545136E-05 -1.598457E-04
  1.00000000E+04  0.00000000E+00  3.00000000E+01   -1.782996E-04  5.214194E-02   -1.178737E-14  3.900293E-15    3.714335E-05 -1.621494E-04
  1.05000000E+04  0.00000000E+00  3.00000000E+01   -1.466246E-04  5.210455E-02   -8.297700E-15  2.612637E-15    4.496614E-05 -1.715497E-04
