 -1.05000000E+04  0.00000000E+00  3.00000000E+01   -1.065814E-14  4.572731E-15   -4.306972E-04 -5.118593E-02   -1.314619E-15  6.993002E-16
 -1.00000000E+04  0.00000000E+00  3.00000000E+01   -5.329071E-15  5.356826E-15   -4.420780E-04 -5.117401E-02   -2.427909E-15 -4.219562E-16
 -9.90000000E+03  0.00000000E+00  3.00000000E+01   -3.552714E-15  4.593548E-15   -4.446308E-04 -5.117131E-02   -1.283438E-15 -4.294897E-16
 -9.80000000E+03  0.00000000E+00  3.00000000E+01   -1.776357E-15  4.187622E-15   -4.462878E-04 -5.116955E-02   -1.116939E-15  1.141157E-15
 -9.70000000E+03  0.00000000E+00  3.00000000E+01   -3.552714E-15  3.882311E-15   -4.479155E-04 -5.116782E-02    2.544761E-15 -5.857707E-16
 -9.60000000E+03  0.00000000E+00  3.00000000E+01   -7.105427E-15  4.544976E-15   -4.502851E-04 -5.116529E-02   -2.538494E-15  4.818787E-16
 -9.50000000E+03  0.00000000E+00  3.00000000E+01   -1.199041E-14  4.019354E-15   -4.525871E-04 -5.116283E-02    2.311189E-16  1.044348E-15
 -9.40000000E+03  0.00000000E+00  3.00000000E+01   -1.953993E-14  4.479056E-15   -4.540796E-04 -5.116122E-02   -1.917488E-15  3.527892E-16
 -9.30000000E+03  0.00000000E+00  3.00000000E+01   -2.131628E-14  6.331741E-15   -4.555359E-04 -5.115964E-02    2.874495E-15 -1.008308E-15
 -9.20000000E+03  0.00000000E+00  3.00000000E+01   -1.776357E-14  7.278900E-15   -4.576605E-04 -5.115733E-02   -7.946565E-15  8.451017E-17
 -9.10000000E+03  0.00000000E+00  3.00000000E+01   -1.865175E-14  6.978793E-15   -4.597233E-04 -5.115508E-02   -5.659271E-15 -2.426749E-16
 -9.00000000E+03  0.00000000E+00  3.00000000E+01   -2.220446E-14  7.552986E-15   -4.610565E-04 -5.115362E-02   -3.607468E-15 -8.695403E-16
 -8.90000000E+03  0.00000000E+00  3.00000000E+01   -1.509903E-14  8.128914E-15   -4.623640E-04 -5.115218E-02   -3.716622E-15 -2.830659E-15
 -8.80000000E+03  0.00000000E+00  3.00000000E+01   -1.421085E-14  8.312795E-15   -4.642661E-04 -5.115007E-02   -1.881707E-15 -4.114225E-16
 -8.70000000E+03  0.00000000E+00  3.00000000E+01   -1.376677E-14  8.604228E-15   -4.661140E-04 -5.114802E-02   -4.331217E-15 -9.589734E-16
 -8.60000000E+03  0.00000000E+00  3.00000000E+01   -2.309264E-14  9.780371E-15   -4.673129E-04 -5.114668E-02   -4.315288E-15 -3.474902E-16
 -8.50000000E+03  0.00000000E+00  3.00000000E+01   -2.220446E-14  9.603429E-15   -4.684833E-04 -5.114536E-02   -4.688648E-15 -8.560454E-16
 -8.40000000E+03  0.00000000E+00  3.00000000E+01   -1.953993E-14  8.854029E-15   -4.701923E-04 -5.114343E-02   -2.530968E-15  1.351399E-15
 -8.30000000E+03  0.00000000E+00  3.00000000E+01   -1.909584E-14  1.007527E-14   -4.718531E-04 -5.114154E-02   -3.830774E-15  7.732869E-16
 -8.20000000E+03  0.00000000E+00  3.00000000E+01   -2.309264E-14  1.099468E-14   -4.729273E-04 -5.114032E-02   -5.149771E-15  8.410021E-17
 -8.10000000E+03  0.00000000E+00  3.00000000E+01   -2.042810E-14  1.202510E-14   -4.739813E-04 -5.113911E-02   -7.021510E-15  8.035632E-17
 -8.00000000E+03  0.00000000E+00  3.00000000E+01   -2.309264E-14  1.249001E-14   -4.755152E-04 -5.113734E-02   -7.845947E-15 -4.702015E-16
 -7.90000000E+03  0.00000000E+00  3.00000000E+01   -1.909584E-14  1.434443E-14   -4.770055E-04 -5.113561E-02   -5.904126E-15 -4.949281E-16
 -7.80000000E+03  0.00000000E+00  3.00000000E+01   -2.620126E-14  1.455086E-14   -4.779722E-04 -5.113448E-02   -5.959016E-15 -1.524253E-16
 -7.70000000E+03  0.00000000E+00  3.00000000E+01   -2.309264E-14  1.415881E-14   -4.789158E-04 -5.113338E-02   -5.538038E-15  4.112192E-16
 -7.60000000E+03  0.00000000E+00  3.00000000E+01   -2.575717E-14  1.466535E-14   -4.802924E-04 -5.113176E-02   -5.834770E-15  1.058461E-16
 -7.50000000E+03  0.00000000E+00  3.00000000E+01   -2.708944E-14  1.571399E-14   -4.816287E-04 -5.113017E-02   -5.185680E-15  9.448907E-16
 -7.40000000E+03  0.00000000E+00  3.00000000E+01   -2.797762E-14  1.628732E-14   -4.824917E-04 -5.112914E-02   -8.131365E-15  1.791051E-16
 -7.30000000E+03  0.00000000E+00  3.00000000E+01   -2.842171E-14  1.776357E-14   -4.833373E-04 -5.112812E-02   -8.318085E-15  1.296851E-15
 -7.20000000E+03  0.00000000E+00  3.00000000E+01   -3.197442E-14  1.772887E-14   -4.845650E-04 -5.112664E-02   -7.838912E-15  9.684136E-16
 -7.10000000E+03  0.00000000E+00  3.00000000E+01   -3.641532E-14  1.931181E-14   -4.857544E-04 -5.112519E-02   -1.228961E-14 -2.340233E-16
 -7.00000000E+03  0.00000000E+00  3.00000000E+01   -3.597123E-14  2.029800E-14   -4.865234E-04 -5.112425E-02   -7.571153E-15  4.794410E-16
 -6.90000000E+03  0.00000000E+00  3.00000000E+01   -3.730349E-14  2.094505E-14   -4.872716E-04 -5.112333E-02   -5.095914E-15  7.434442E-16
 -6.80000000E+03  0.00000000E+00  3.00000000E+01   -3.552714E-14  2.258263E-14   -4.883584E-04 -5.112198E-02   -1.025587E-14  5.478016E-17
 -6.70000000E+03  0.00000000E+00  3.00000000E+01   -3.952394E-14  2.421240E-14   -4.894079E-04 -5.112066E-02   -9.803374E-15  9.520074E-16
 -6.60000000E+03  0.00000000E+00  3.00000000E+01   -4.085621E-14  2.689342E-14   -4.900815E-04 -5.111981E-02   -1.354074E-14 -2.926109E-16
 -6.50000000E+03  0.00000000E+00  3.00000000E+01   -3.819167E-14  2.804354E-14   -4.907381E-04 -5.111898E-02   -1.490419E-14  2.067513E-15
 -6.40000000E+03  0.00000000E+00  3.00000000E+01   -4.529710E-14  3.033337E-14   -4.916841E-04 -5.111776E-02   -1.307192E-14  7.606796E-16
 -6.30000000E+03  0.00000000E+00  3.00000000E+01   -4.685141E-14  3.335613E-14   -4.925926E-04 -5.111658E-02   -1.596906E-14  5.089584E-16
 -6.20000000E+03  0.00000000E+00  3.00000000E+01   -5.151435E-14  3.571102E-14   -4.931740E-04 -5.111582E-02   -1.647294E-14  1.856368E-15
 -6.10000000E+03  0.00000000E+00  3.00000000E+01   -5.684342E-14  3.833045E-14   -4.937350E-04 -5.111508E-02   -1.794986E-14  2.109041E-15
 -6.00000000E+03  0.00000000E+00  3.00000000E+01   -5.684342E-14  4.072437E-14   -4.945396E-04 -5.111400E-02   -1.851355E-14  1.275258E-15
 -5.90000000E+03  0.00000000E+00  3.00000000E+01   -6.084022E-14  4.443061E-14   -4.953051E-04 -5.111296E-02   -2.243267E-14  1.312448E-15
 -5.80000000E+03  0.00000000E+00  3.00000000E+01   -6.306067E-14  4.803276E-14   -4.957885E-04 -5.111229E-02   -2.172416E-14  1.612504E-15
 -5.70000000E+03  0.00000000E+00  3.00000000E+01   -6.750156E-14  5.236783E-14   -4.962531E-04 -5.111164E-02   -2.280005E-14  2.000747E-15
 -5.60000000E+03  0.00000000E+00  3.00000000E+01   -7.283063E-14  5.479645E-14   -4.969083E-04 -5.111071E-02   -2.350942E-14  3.207889E-15
 -5.50000000E+03  0.00000000E+00  3.00000000E+01   -7.682743E-14  5.932494E-14   -4.975223E-04 -5.110982E-02   -2.083525E-14  5.145730E-15
 -5.40000000E+03  0.00000000E+00  3.00000000E+01   -8.171241E-14  6.392283E-14   -4.979043E-04 -5.110925E-02   -2.640285E-14  4.111938E-15
 -5.30000000E+03  0.00000000E+00  3.00000000E+01   -8.437695E-14  6.893791E-14   -4.982639E-04 -5.110870E-02   -2.612886E-14  5.376080E-15
 -5.20000000E+03  0.00000000E+00  3.00000000E+01   -8.792966E-14  7.526271E-14   -4.987605E-04 -5.110793E-02   -3.173135E-14  4.625622E-15
 -5.10000000E+03  0.00000000E+00  3.00000000E+01   -9.880985E-14  8.163262E-14   -4.992124E-04 -5.110719E-02   -2.973517E-14  7.822428E-15
 -5.00000000E+03  0.00000000E+00  3.00000000E+01   -1.039169E-13  8.741098E-14   -4.994828E-04 -5.110673E-02   -3.523455E-14  7.785622E-15
 -4.90000000E+03  0.00000000E+00  3.00000000E+01   -1.145750E-13  9.282679E-14   -4.997304E-04 -5.110630E-02   -3.510942E-14  9.721827E-15
 -4.80000000E+03  0.00000000E+00  3.00000000E+01   -1.225686E-13  9.946557E-14   -5.000534E-04 -5.110569E-02   -3.761344E-14  1.152590E-14
 -4.70000000E+03  0.00000000E+00  3.00000000E+01   -1.314504E-13  1.072666E-13   -5.003274E-04 -5.110514E-02   -4.296905E-14  1.298313E-14
 -4.60000000E+03  0.00000000E+00  3.00000000E+01   -1.398881E-13  1.165092E-13   -5.004770E-04 -5.110480E-02   -4.529022E-14  1.357636E-14
 -4.50000000E+03  0.00000000E+00  3.00000000E+01   -1.505462E-13  1.262237E-13   -5.006005E-04 -5.110449E-02   -4.951418E-14  1.720391E-14
 -4.40000000E+03  0.00000000E+00  3.00000000E+01   -1.598721E-13  1.373519E-13   -5.007335E-04 -5.110407E-02   -5.247090E-14  1.940780E-14
 -4.30000000E+03  0.00000000E+00  3.00000000E+01   -1.731948E-13  1.493536E-13   -5.008126E-04 -5.110371E-02   -5.643322E-14  2.289875E-14
 -4.20000000E+03  0.00000000E+00  3.00000000E+01   -1.878497E-13  1.623857E-13   -5.008285E-04 -5.110350E-02   -6.232561E-14  2.495184E-14
 -4.10000000E+03  0.00000000E+00  3.00000000E+01   -2.029488E-13  1.763745E-13   -5.008164E-04 -5.110333E-02   -7.060972E-14  2.795598E-14
 -4.00000000E+03  0.00000000E+00  3.00000000E+01   -2.193801E-13  1.933592E-13   -5.007405E-04 -5.110312E-02   -7.620271E-14  3.339724E-14
 -3.90000000E+03  0.00000000E+00  3.00000000E+01   -2.317035E-13  2.104662E-13   -5.006059E-04 -5.110297E-02   -8.335623E-14  3.913667E-14
 -3.80000000E+03  0.00000000E+00  3.00000000E+01   -2.511324E-13  2.310071E-13   -5.004758E-04 -5.110291E-02   -9.409175E-14  4.338290E-14
 -3.70000000E+03  0.00000000E+00  3.00000000E+01   -2.722267E-13  2.523294E-13   -5.003155E-04 -5.110288E-02   -9.604257E-14  4.941670E-14
 -3.60000000E+03  0.00000000E+00  3.00000000E+01   -2.953193E-13  2.755348E-13   -5.000120E-04 -5.110290E-02   -1.124685E-13  5.901005E-14
 -3.50000000E+03  0.00000000E+00  3.00000000E+01   -3.210765E-13  3.027769E-13   -4.996447E-04 -5.110298E-02   -1.238288E-13  6.935557E-14
 -3.40000000E+03  0.00000000E+00  3.00000000E+01   -3.457234E-13  3.317338E-13   -4.993570E-04 -5.110308E-02   -1.388338E-13  7.698710E-14
 -3.30000000E+03  0.00000000E+00  3.00000000E+01   -3.748113E-13  3.637732E-13   -4.990355E-04 -5.110321E-02   -1.476544E-13  8.761889E-14
 -3.20000000E+03  0.00000000E+00  3.00000000E+01   -4.085621E-13  3.997670E-13   -4.984865E-04 -5.110347E-02   -1.682280E-13  1.040515E-13
 -3.10000000E+03  0.00000000E+00  3.00000000E+01   -4.435341E-13  4.395703E-13   -4.978690E-04 -5.110380E-02   -1.919045E-13  1.248092E-13
 -3.00000000E+03  0.00000000E+00  3.00000000E+01   -4.829470E-13  4.843027E-13   -4.974099E-04 -5.110407E-02   -2.086135E-13  1.392206E-13
 -2.90000000E+03  0.00000000E+00  3.00000000E+01   -5.258016E-13  5.340520E-13   -4.969162E-04 -5.110438E-02   -2.282212E-13  1.570410E-13
 -2.80000000E+03  0.00000000E+00  3.00000000E+01   -5.728751E-13  5.890358E-13   -4.961017E-04 -5.110490E-02   -2.604577E-13  1.881301E-13
 -2.70000000E+03  0.00000000E+00  3.00000000E+01   -6.287193E-13  6.508873E-13   -4.952129E-04 -5.110550E-02   -3.005597E-13  2.249925E-13
 -2.60000000E+03  0.00000000E+00  3.00000000E+01   -6.856737E-13  7.175293E-13   -4.945709E-04 -5.110596E-02   -3.312541E-13  2.528949E-13
 -2.50000000E+03  0.00000000E+00  3.00000000E+01   -7.474021E-13  7.917174E-13   -4.938886E-04 -5.110645E-02   -3.669401E-13  2.859809E-13
 -2.40000000E+03  0.00000000E+00  3.00000000E+01   -8.175682E-13  8.737212E-13   -4.927883E-04 -5.110726E-02   -4.249747E-13  3.439461E-13
 -2.30000000E+03  0.00000000E+00  3.00000000E+01   -8.951728E-13  9.659747E-13   -4.916084E-04 -5.110816E-02   -4.914351E-13  4.106424E-13
 -2.20000000E+03  0.00000000E+00  3.00000000E+01   -9.798828E-13  1.066357E-12   -4.907671E-04 -5.110882E-02   -5.430558E-13  4.650276E-13
 -2.10000000E+03  0.00000000E+00  3.00000000E+01   -1.072253E-12  1.175151E-12   -4.898878E-04 -5.110951E-02   -6.037591E-13  5.251547E-13
 -2.00000000E+03  0.00000000E+00  3.00000000E+01   -1.171063E-12  1.293887E-12   -4.884879E-04 -5.111064E-02   -7.044586E-13  6.329386E-13
 -1.90000000E+03  0.00000000E+00  3.00000000E+01   -1.277534E-12  1.424181E-12   -4.870117E-04 -5.111185E-02   -8.222228E-13  7.608473E-13
 -1.80000000E+03  0.00000000E+00  3.00000000E+01   -1.390776E-12  1.563994E-12   -4.859813E-04 -5.111271E-02   -9.149445E-13  8.610983E-13
 -1.70000000E+03  0.00000000E+00  3.00000000E+01   -1.510347E-12  1.711265E-12   -4.849154E-04 -5.111361E-02   -1.017264E-12  9.725848E-13
 -1.60000000E+03  0.00000000E+00  3.00000000E+01   -1.632250E-12  1.864535E-12   -4.832625E-04 -5.111502E-02   -1.196282E-12  1.171451E-12
 -1.50000000E+03  0.00000000E+00  3.00000000E+01   -1.762535E-12  2.024239E-12   -4.815644E-04 -5.111648E-02   -1.400962E-12  1.401664E-12
 -1.40000000E+03  0.00000000E+00  3.00000000E+01   -1.890377E-12  2.185116E-12   -4.804094E-04 -5.111749E-02   -1.559345E-12  1.578497E-12
 -1.30000000E+03  0.00000000E+00  3.00000000E+01   -2.012057E-12  2.342597E-12   -4.792500E-04 -5.111851E-02   -1.731805E-12  1.774372E-12
 -1.20000000E+03  0.00000000E+00  3.00000000E+01   -2.126299E-12  2.489624E-12   -4.775113E-04 -5.112005E-02   -2.023372E-12  2.112332E-12
 -1.10000000E+03  0.00000000E+00  3.00000000E+01   -2.218947E-12  2.613384E-12   -4.757967E-04 -5.112157E-02   -2.349860E-12  2.492895E-12
 -1.00000000E+03  0.00000000E+00  3.00000000E+01   -2.285783E-12  2.707304E-12   -4.746861E-04 -5.112257E-02   -2.589119E-12  2.772340E-12
 -9.00000000E+02  0.00000000E+00  3.00000000E+01   -2.318479E-12  2.760211E-12   -4.736072E-04 -5.112355E-02   -2.842442E-12  3.071898E-12
 -8.00000000E+02  0.00000000E+00  3.00000000E+01   -2.307821E-12  2.760554E-12   -4.720849E-04 -5.112493E-02   -3.242638E-12  3.549571E-12
 -7.00000000E+02  0.00000000E+00  3.00000000E+01   -2.235129E-12  2.685194E-12   -4.706805E-04 -5.112621E-02   -3.655391E-12  4.043452E-12
 -6.00000000E+02  0.00000000E+00  3.00000000E+01   -2.098377E-12  2.531957E-12   -4.698379E-04 -5.112698E-02   -3.930062E-12  4.374077E-12
 -5.00000000E+02  0.00000000E+00  3.00000000E+01   -1.894596E-12  2.294400E-12   -4.690807E-04 -5.112768E-02   -4.193776E-12  4.694420E-12
 -4.00000000E+02  0.00000000E+00  3.00000000E+01   -1.621869E-12  1.972097E-12   -4.681303E-04 -5.112856E-02   -4.553456E-12  5.129102E-12
 -3.00000000E+02  0.00000000E+00  3.00000000E+01   -1.271469E-12  1.548880E-12   -4.673854E-04 -5.112924E-02   -4.853417E-12  5.493467E-12
 -2.00000000E+02  0.00000000E+00  3.00000000E+01   -8.672091E-13  1.057311E-12   -4.670357E-04 -5.112957E-02   -4.999405E-12  5.674061E-12
 -1.00000000E+02  0.00000000E+00  3.00000000E+01   -4.219194E-13  5.147479E-13   -4.667998E-04 -5.112979E-02   -5.099633E-12  5.796312E-12
  0.00000000E+00  0.00000000E+00  3.00000000E+01    4.623105E-14 -5.565470E-14   -4.666816E-04 -5.112990E-02   -5.142974E-12  5.849622E-12
  1.00000000E+02  0.00000000E+00  3.00000000E+01    5.120002E-13 -6.224579E-13   -4.667998E-04 -5.112979E-02   -5.081025E-12  5.772037E-12
  2.00000000E+02  0.00000000E+00  3.00000000E+01    9.525575E-13 -1.156438E-12   -4.670357E-04 -5.112957E-02   -4.966815E-12  5.636661E-12
  3.00000000E+02  0.00000000E+00  3.00000000E+01    1.346478E-12 -1.634982E-12   -4.673854E-04 -5.112924E-02   -4.808096E-12  5.443109E-12
  4.00000000E+02  0.00000000E+00  3.00000000E+01    1.683764E-12 -2.039244E-12   -4.681303E-04 -5.112856E-02   -4.497531E-12  5.062054E-12
  5.00000000E+02  0.00000000E+00  3.00000000E+01    1.941558E-12 -2.348262E-12   -4.690807E-04 -5.112768E-02   -4.131763E-12  4.616626E-12
  6.00000000E+02  0.00000000E+00  3.00000000E+01    2.130185E-12 -2.568693E-12   -4.698379E-04 -5.112698E-02   -3.862851E-12  4.294924E-12
  7.00000000E+02  0.00000000E+00  3.00000000E+01    2.252643E-12 -2.706145E-12   -4.706805E-04 -5.112621E-02   -3.586946E-12  3.962242E-12
  8.00000000E+02  0.00000000E+00  3.00000000E+01    2.312928E-12 -2.767151E-12   -4.720849E-04 -5.112493E-02   -3.176258E-12  3.468508E-12
  9.00000000E+02  0.00000000E+00  3.00000000E+01    2.313150E-12 -2.755334E-12   -4.736072E-04 -5.112355E-02   -2.779840E-12  2.996528E-12
  1.00000000E+03  0.00000000E+00  3.00000000E+01    2.274181E-12 -2.692973E-12   -4.746861E-04 -5.112257E-02   -2.528631E-12  2.700911E-12
  1.10000000E+03  0.00000000E+00  3.00000000E+01    2.201905E-12 -2.591156E-12   -4.757967E-04 -5.112157E-02   -2.293982E-12  2.426705E-12
  1.20000000E+03  0.00000000E+00  3.00000000E+01    2.104761E-12 -2.462375E-12   -4.775113E-04 -5.112005E-02   -1.973558E-12  2.055903E-12
  1.30000000E+03  0.00000000E+00  3.00000000E+01    1.990297E-12 -2.312209E-12   -4.792500E-04 -5.111851E-02   -1.685753E-12  1.724854E-12
  1.40000000E+03  0.00000000E+00  3.00000000E+01    1.866729E-12 -2.153944E-12   -4.804094E-04 -5.111749E-02   -1.518723E-12  1.533126E-12
  1.50000000E+03  0.00000000E+00  3.00000000E+01    1.740608E-12 -1.992431E-12   -4.815644E-04 -5.111648E-02   -1.366887E-12  1.358567E-12
  1.60000000E+03  0.00000000E+00  3.00000000E+01    1.611378E-12 -1.833881E-12   -4.832625E-04 -5.111502E-02   -1.165864E-12  1.135584E-12
  1.70000000E+03  0.00000000E+00  3.00000000E+01    1.488309E-12 -1.680633E-12   -4.849154E-04 -5.111361E-02   -9.907252E-13  9.443944E-13
  1.80000000E+03  0.00000000E+00  3.00000000E+01    1.371459E-12 -1.535408E-12   -4.859813E-04 -5.111271E-02   -8.894953E-13  8.347686E-13
  1.90000000E+03  0.00000000E+00  3.00000000E+01    1.256550E-12 -1.397910E-12   -4.870117E-04 -5.111185E-02   -8.029990E-13  7.390853E-13
  2.00000000E+03  0.00000000E+00  3.00000000E+01    1.149747E-12 -1.269479E-12   -4.884879E-04 -5.111064E-02   -6.865939E-13  6.141893E-13
  2.10000000E+03  0.00000000E+00  3.00000000E+01    1.051270E-12 -1.151831E-12   -4.898878E-04 -5.110951E-02   -5.865370E-13  5.103995E-13
  2.20000000E+03  0.00000000E+00  3.00000000E+01    9.612311E-13 -1.044892E-12   -4.907670E-04 -5.110882E-02   -5.305604E-13  4.522421E-13
  2.30000000E+03  0.00000000E+00  3.00000000E+01    8.810730E-13 -9.462518E-13   -4.916084E-04 -5.110816E-02   -4.793367E-13  3.997128E-13
  2.40000000E+03  0.00000000E+00  3.00000000E+01    8.046896E-13 -8.556801E-13   -4.927883E-04 -5.110726E-02   -4.128223E-13  3.317857E-13
  2.50000000E+03  0.00000000E+00  3.00000000E+01    7.377432E-13 -7.754370E-13   -4.938886E-04 -5.110645E-02   -3.560207E-13  2.765030E-13
  2.60000000E+03  0.00000000E+00  3.00000000E+01    6.754597E-13 -7.016263E-13   -4.945709E-04 -5.110596E-02   -3.234170E-13  2.444097E-13
  2.70000000E+03  0.00000000E+00  3.00000000E+01    6.163958E-13 -6.360346E-13   -4.952129E-04 -5.110550E-02   -2.946607E-13  2.169467E-13
  2.80000000E+03  0.00000000E+00  3.00000000E+01    5.635492E-13 -5.763064E-13   -4.961017E-04 -5.110490E-02   -2.563582E-13  1.819130E-13
  2.90000000E+03  0.00000000E+00  3.00000000E+01    5.159206E-13 -5.232433E-13   -4.969162E-04 -5.110438E-02   -2.248900E-13  1.502962E-13
  3.00000000E+03  0.00000000E+00  3.00000000E+01    4.722889E-13 -4.753767E-13   -4.974099E-04 -5.110407E-02   -2.063146E-13  1.343376E-13
  3.10000000E+03  0.00000000E+00  3.00000000E+01    4.365397E-13 -4.314275E-13   -4.978690E-04 -5.110380E-02   -1.878332E-13  1.192329E-13
  3.20000000E+03  0.00000000E+00  3.00000000E+01    4.019007E-13 -3.919885E-13   -4.984865E-04 -5.110347E-02   -1.668032E-13  1.003398E-13
  3.30000000E+03  0.00000000E+00  3.00000000E+01    3.724798E-13 -3.575664E-13   -4.990355E-04 -5.110321E-02   -1.459044E-13  8.337035E-14
  3.40000000E+03  0.00000000E+00  3.00000000E+01    3.406164E-13 -3.263301E-13   -4.993570E-04 -5.110308E-02   -1.363097E-13  7.436821E-14
  3.50000000E+03  0.00000000E+00  3.00000000E+01    3.121947E-13 -2.970939E-13   -4.996447E-04 -5.110298E-02   -1.232408E-13  6.652384E-14
  3.60000000E+03  0.00000000E+00  3.00000000E+01    2.877698E-13 -2.716022E-13   -5.000120E-04 -5.110290E-02   -1.104592E-13  5.580642E-14
  3.70000000E+03  0.00000000E+00  3.00000000E+01    2.661205E-13 -2.475073E-13   -5.003155E-04 -5.110288E-02   -9.851411E-14  4.668775E-14
  3.80000000E+03  0.00000000E+00  3.00000000E+01    2.495781E-13 -2.254768E-13   -5.004758E-04 -5.110291E-02   -9.251570E-14  4.096995E-14
  3.90000000E+03  0.00000000E+00  3.00000000E+01    2.327027E-13 -2.065570E-13   -5.006059E-04 -5.110297E-02   -8.457881E-14  3.731542E-14
  4.00000000E+03  0.00000000E+00  3.00000000E+01    2.238210E-13 -1.897024E-13   -5.007405E-04 -5.110312E-02   -7.481029E-14  3.124024E-14
  4.10000000E+03  0.00000000E+00  3.00000000E+01    2.013945E-13 -1.742183E-13   -5.008164E-04 -5.110333E-02   -6.662019E-14  2.519512E-14
  4.20000000E+03  0.00000000E+00  3.00000000E+01    1.820766E-13 -1.594072E-13   -5.008285E-04 -5.110350E-02   -6.361942E-14  2.210746E-14
  4.30000000E+03  0.00000000E+00  3.00000000E+01    1.705303E-13 -1.456925E-13   -5.008126E-04 -5.110371E-02   -6.193336E-14  1.992819E-14
  4.40000000E+03  0.00000000E+00  3.00000000E+01    1.563194E-13 -1.343647E-13   -5.007335E-04 -5.110407E-02   -5.502237E-14  1.738956E-14
  4.50000000E+03  0.00000000E+00  3.00000000E+01    1.425526E-13 -1.239391E-13   -5.006005E-04 -5.110449E-02   -4.915704E-14  1.324571E-14
  4.60000000E+03  0.00000000E+00  3.00000000E+01    1.345590E-13 -1.141448E-13   -5.004770E-04 -5.110480E-02   -4.704925E-14  1.270137E-14
  4.70000000E+03  0.00000000E+00  3.00000000E+01    1.274536E-13 -1.051312E-13   -5.003274E-04 -5.110514E-02   -4.502219E-14  1.103104E-14
  4.80000000E+03  0.00000000E+00  3.00000000E+01    1.199041E-13 -9.726595E-14   -5.000534E-04 -5.110569E-02   -3.732218E-14  8.095991E-15
  4.90000000E+03  0.00000000E+00  3.00000000E+01    1.134648E-13 -9.013363E-14   -4.997304E-04 -5.110630E-02   -3.724168E-14  7.177343E-15
  5.00000000E+03  0.00000000E+00  3.00000000E+01    1.056932E-13 -8.381490E-14   -4.994828E-04 -5.110673E-02   -3.415925E-14  5.615886E-15
  5.10000000E+03  0.00000000E+00  3.00000000E+01    9.858780E-14 -7.718479E-14   -4.992124E-04 -5.110719E-02   -3.205725E-14  5.700489E-15
  5.20000000E+03  0.00000000E+00  3.00000000E+01    9.503509E-14 -7.140816E-14   -4.987605E-04 -5.110793E-02   -2.802496E-14  5.287464E-15
  5.30000000E+03  0.00000000E+00  3.00000000E+01    9.192647E-14 -6.564714E-14   -4.982639E-04 -5.110870E-02   -2.691633E-14  4.057727E-15
  5.40000000E+03  0.00000000E+00  3.00000000E+01    8.526513E-14 -6.003358E-14   -4.979043E-04 -5.110925E-02   -2.428582E-14  3.257744E-15
  5.50000000E+03  0.00000000E+00  3.00000000E+01    7.815970E-14 -5.663178E-14   -4.975223E-04 -5.110982E-02   -2.384893E-14  3.132190E-15
  5.60000000E+03  0.00000000E+00  3.00000000E+01    6.927792E-14 -5.262457E-14   -4.969083E-04 -5.111071E-02   -2.187803E-14  2.072665E-15
  5.70000000E+03  0.00000000E+00  3.00000000E+01    6.439294E-14 -4.925661E-14   -4.962531E-04 -5.111164E-02   -2.127825E-14  1.207728E-15
  5.80000000E+03  0.00000000E+00  3.00000000E+01    5.684342E-14 -4.561282E-14   -4.957885E-04 -5.111229E-02   -2.023667E-14  5.023913E-16
  5.90000000E+03  0.00000000E+00  3.00000000E+01    5.417888E-14 -4.287543E-14   -4.953051E-04 -5.111296E-02   -2.015708E-14  1.242231E-15
  6.00000000E+03  0.00000000E+00  3.00000000E+01    5.240253E-14 -3.995068E-14   -4.945396E-04 -5.111400E-02   -1.766718E-14  7.675393E-16
  6.10000000E+03  0.00000000E+00  3.00000000E+01    5.173639E-14 -3.669894E-14   -4.937350E-04 -5.111508E-02   -1.428385E-14  4.257899E-16
  6.20000000E+03  0.00000000E+00  3.00000000E+01    5.107026E-14 -3.472743E-14   -4.931740E-04 -5.111582E-02   -1.571487E-14  1.005262E-15
  6.30000000E+03  0.00000000E+00  3.00000000E+01    4.529710E-14 -3.325812E-14   -4.925926E-04 -5.111658E-02   -1.337983E-14  8.750884E-16
  6.40000000E+03  0.00000000E+00  3.00000000E+01    4.884981E-14 -3.171768E-14   -4.916841E-04 -5.111776E-02   -1.437941E-14  1.764497E-16
  6.50000000E+03  0.00000000E+00  3.00000000E+01    4.285461E-14 -3.007230E-14   -4.907381E-04 -5.111898E-02   -1.274922E-14 -4.623665E-16
  6.60000000E+03  0.00000000E+00  3.00000000E+01    4.307665E-14 -2.746935E-14   -4.900815E-04 -5.111981E-02   -1.486476E-14 -5.839699E-16
  6.70000000E+03  0.00000000E+00  3.00000000E+01    4.085621E-14 -2.666964E-14   -4.894079E-04 -5.112066E-02   -1.375354E-14  7.873137E-16
  6.80000000E+03  0.00000000E+00  3.00000000E+01    3.996803E-14 -2.382122E-14   -4.883584E-04 -5.112198E-02   -9.529974E-15  6.806935E-16
  6.90000000E+03  0.00000000E+00  3.00000000E+01    3.752554E-14 -2.281595E-14   -4.872716E-04 -5.112333E-02   -1.427721E-14  5.531328E-16
  7.00000000E+03  0.00000000E+00  3.00000000E+01    3.552714E-14 -2.203272E-14   -4.865234E-04 -5.112425E-02   -1.193729E-14  1.348800E-15
  7.10000000E+03  0.00000000E+00  3.00000000E+01    3.019807E-14 -2.034484E-14   -4.857544E-04 -5.112519E-02   -1.047763E-14  5.227786E-16
  7.20000000E+03  0.00000000E+00  3.00000000E+01    2.753353E-14 -1.914441E-14   -4.845650E-04 -5.112664E-02   -1.026309E-14 -7.604831E-17
  7.30000000E+03  0.00000000E+00  3.00000000E+01    2.975398E-14 -1.816255E-14   -4.833373E-04 -5.112812E-02   -9.789866E-15 -2.409470E-16
  7.40000000E+03  0.00000000E+00  3.00000000E+01    2.842171E-14 -1.678518E-14   -4.824917E-04 -5.112914E-02   -7.101410E-15 -1.869791E-16
  7.50000000E+03  0.00000000E+00  3.00000000E+01    1.953993E-14 -1.507822E-14   -4.816287E-04 -5.113017E-02   -1.036176E-14  6.486053E-16
  7.60000000E+03  0.00000000E+00  3.00000000E+01    1.865175E-14 -1.461331E-14   -4.802924E-04 -5.113176E-02   -9.274458E-15  1.553247E-16
  7.70000000E+03  0.00000000E+00  3.00000000E+01    1.643130E-14 -1.368350E-14   -4.789158E-04 -5.113338E-02   -8.661259E-15 -6.712075E-16
  7.80000000E+03  0.00000000E+00  3.00000000E+01    1.598721E-14 -1.259409E-14   -4.779722E-04 -5.113448E-02   -1.102904E-14 -2.643624E-16
  7.90000000E+03  0.00000000E+00  3.00000000E+01    2.042810E-14 -1.171632E-14   -4.770055E-04 -5.113561E-02   -9.863498E-15 -3.822524E-16
  8.00000000E+03  0.00000000E+00  3.00000000E+01    8.881784E-15 -1.245185E-14   -4.755152E-04 -5.113734E-02   -8.680170E-15  2.476894E-16
  8.10000000E+03  0.00000000E+00  3.00000000E+01    1.509903E-14 -1.141535E-14   -4.739813E-04 -5.113911E-02   -5.957170E-15 -1.238220E-15
  8.20000000E+03  0.00000000E+00  3.00000000E+01    1.865175E-14 -1.091141E-14   -4.729273E-04 -5.114032E-02   -7.287520E-15 -5.989743E-16
  8.30000000E+03  0.00000000E+00  3.00000000E+01    1.065814E-14 -1.138672E-14   -4.718531E-04 -5.114154E-02   -5.813086E-15 -3.968688E-16
  8.40000000E+03  0.00000000E+00  3.00000000E+01    5.329071E-15 -1.023487E-14   -4.701923E-04 -5.114343E-02   -5.963997E-15  1.626608E-16
  8.50000000E+03  0.00000000E+00  3.00000000E+01    1.021405E-14 -9.593021E-15   -4.684833E-04 -5.114536E-02   -6.383893E-15  3.233599E-16
  8.60000000E+03  0.00000000E+00  3.00000000E+01    1.243450E-14 -9.374446E-15   -4.673129E-04 -5.114668E-02   -6.875923E-15 -1.679531E-16
  8.70000000E+03  0.00000000E+00  3.00000000E+01    1.332268E-14 -9.176687E-15   -4.661140E-04 -5.114802E-02   -4.806254E-15 -7.638679E-16
  8.80000000E+03  0.00000000E+00  3.00000000E+01    1.421085E-14 -7.972789E-15   -4.642661E-04 -5.115007E-02   -7.099642E-15 -1.323523E-15
  8.90000000E+03  0.00000000E+00  3.00000000E+01    8.437695E-15 -7.251144E-15   -4.623640E-04 -5.115218E-02   -8.489865E-15 -8.342156E-16
  9.00000000E+03  0.00000000E+00  3.00000000E+01    7.993606E-15 -7.122775E-15   -4.610565E-04 -5.115362E-02   -7.580294E-15 -1.052171E-15
  9.10000000E+03  0.00000000E+00  3.00000000E+01    7.105427E-15 -7.466250E-15   -4.597233E-04 -5.115508E-02   -4.108810E-15 -1.371116E-15
  9.20000000E+03  0.00000000E+00  3.00000000E+01    1.243450E-14 -6.591949E-15   -4.576605E-04 -5.115733E-02   -2.552916E-15 -7.404169E-16
  9.30000000E+03  0.00000000E+00  3.00000000E+01    3.108624E-15 -6.218984E-15   -4.555359E-04 -5.115964E-02   -7.542624E-15 -1.225826E-16
  9.40000000E+03  0.00000000E+00  3.00000000E+01    1.154632E-14 -5.943163E-15   -4.540796E-04 -5.116122E-02   -4.241002E-15  6.800014E-16
  9.50000000E+03  0.00000000E+00  3.00000000E+01    1.953993E-14 -4.107825E-15   -4.525871E-04 -5.116283E-02   -6.668842E-15 -6.096299E-16
  9.60000000E+03  0.00000000E+00  3.00000000E+01    2.309264E-14 -2.824130E-15   -4.502851E-04 -5.116529E-02   -1.658670E-15  2.464442E-16
  9.70000000E+03  0.00000000E+00  3.00000000E+01    1.199041E-14 -4.145989E-15   -4.479155E-04 -5.116782E-02    1.886165E-15  2.158613E-16
  9.80000000E+03  0.00000000E+00  3.00000000E+01    1.953993E-14 -4.694162E-15   -4.462878E-04 -5.116955E-02   -9.851849E-16 -1.089034E-15
  9.90000000E+03  0.00000000E+00  3.00000000E+01    2.930989E-14 -5.023759E-15   -4.446308E-04 -5.117131E-02   -2.710274E-15  2.573998E-16
  1.00000000E+04  0.00000000E+00  3.00000000E+01    1.776357E-14 -5.925815E-15   -4.420780E-04 -5.117401E-02   -6.426860E-15 -1.302811E-15
  1.05000000E+04  0.00000000E+00  3.00000000E+01    8.437695E-15 -4.553649E-15   -4.306972E-04 -5.118593E-02   -5.596962E-15  2.295663E-16
