 -1.05000000E+04  0.00000000E+00  3.00000000E+01    5.629178E-16  6.461845E-17   -3.879599E-04 -1.153314E-03    3.923110E-17 -2.037667E-17
 -1.00000000E+04  0.00000000E+00  3.00000000E+01    6.895526E-16  8.196568E-17   -3.879118E-04 -1.151775E-03    4.838295E-17 -2.591823E-17
 -9.90000000E+03  0.00000000E+00  3.00000000E+01    7.153566E-16  8.586881E-17   -3.879077E-04 -1.151436E-03    4.767628E-17 -3.184214E-17
 -9.80000000E+03  0.00000000E+00  3.00000000E+01    7.407269E-16  8.695301E-17   -3.879033E-04 -1.151219E-03    5.426797E-17 -3.487436E-17
 -9.70000000E+03  0.00000000E+00  3.00000000E+01    7.762888E-16  8.933826E-17   -3.878974E-04 -1.151009E-03    4.417706E-17 -3.597349E-17
 -9.60000000E+03  0.00000000E+00  3.00000000E+01    8.144527E-16  9.150666E-17   -3.878854E-04 -1.150708E-03    5.402217E-17 -3.520761E-17
 -9.50000000E+03  0.00000000E+00  3.00000000E+01    8.404735E-16  9.530137E-17   -3.878702E-04 -1.150421E-03    5.958035E-17 -3.859495E-17
 -9.40000000E+03  0.00000000E+00  3.00000000E+01    8.851427E-16  9.887924E-17   -3.878580E-04 -1.150238E-03    6.294863E-17 -3.881902E-17
 -9.30000000E+03  0.00000000E+00  3.00000000E+01    9.246076E-16  1.043002E-16   -3.878444E-04 -1.150062E-03    5.761748E-17 -3.991762E-17
 -9.20000000E+03  0.00000000E+00  3.00000000E+01    9.619042E-16  1.101549E-16   -3.878214E-04 -1.149811E-03    6.425166E-17 -4.089069E-17
 -9.10000000E+03  0.00000000E+00  3.00000000E+01    1.005489E-15  1.177444E-16   -3.877959E-04 -1.149571E-03    7.212721E-17 -4.401641E-17
 -9.00000000E+03  0.00000000E+00  3.00000000E+01    1.049508E-15  1.225148E-16   -3.877776E-04 -1.149420E-03    8.097744E-17 -4.427941E-17
 -8.90000000E+03  0.00000000E+00  3.00000000E+01    1.091141E-15  1.311885E-16   -3.877583E-04 -1.149273E-03    7.966639E-17 -4.816285E-17
 -8.80000000E+03  0.00000000E+00  3.00000000E+01    1.143183E-15  1.363926E-16   -3.877278E-04 -1.149065E-03    7.695126E-17 -5.372267E-17
 -8.70000000E+03  0.00000000E+00  3.00000000E+01    1.194357E-15  1.462047E-16   -3.876959E-04 -1.148866E-03    7.439752E-17 -6.002148E-17
 -8.60000000E+03  0.00000000E+00  3.00000000E+01    1.245098E-15  1.552578E-16   -3.876738E-04 -1.148740E-03    8.735917E-17 -6.299154E-17
 -8.50000000E+03  0.00000000E+00  3.00000000E+01    1.304512E-15  1.628472E-16   -3.876514E-04 -1.148620E-03    9.344526E-17 -6.530066E-17
 -8.40000000E+03  0.00000000E+00  3.00000000E+01    1.366095E-15  1.689187E-16   -3.876168E-04 -1.148447E-03    1.027959E-16 -7.453489E-17
 -8.30000000E+03  0.00000000E+00  3.00000000E+01    1.424858E-15  1.769418E-16   -3.875816E-04 -1.148283E-03    1.056112E-16 -7.785973E-17
 -8.20000000E+03  0.00000000E+00  3.00000000E+01    1.502704E-15  1.839891E-16   -3.875579E-04 -1.148179E-03    1.060168E-16 -8.496891E-17
 -8.10000000E+03  0.00000000E+00  3.00000000E+01    1.576430E-15  1.938553E-16   -3.875340E-04 -1.148079E-03    1.148151E-16 -8.649458E-17
 -8.00000000E+03  0.00000000E+00  3.00000000E+01    1.652324E-15  2.020953E-16   -3.874980E-04 -1.147938E-03    1.231540E-16 -9.575679E-17
 -7.90000000E+03  0.00000000E+00  3.00000000E+01    1.738843E-15  2.118531E-16   -3.874618E-04 -1.147804E-03    1.381550E-16 -9.973710E-17
 -7.80000000E+03  0.00000000E+00  3.00000000E+01    1.822761E-15  2.233456E-16   -3.874377E-04 -1.147719E-03    1.436136E-16 -1.074101E-16
 -7.70000000E+03  0.00000000E+00  3.00000000E+01    1.920773E-15  2.333203E-16   -3.874137E-04 -1.147638E-03    1.512301E-16 -1.144160E-16
 -7.60000000E+03  0.00000000E+00  3.00000000E+01    2.022688E-15  2.450297E-16   -3.873777E-04 -1.147524E-03    1.630111E-16 -1.228756E-16
 -7.50000000E+03  0.00000000E+00  3.00000000E+01    2.134794E-15  2.602627E-16   -3.873419E-04 -1.147416E-03    1.822598E-16 -1.345266E-16
 -7.40000000E+03  0.00000000E+00  3.00000000E+01    2.250370E-15  2.743031E-16   -3.873183E-04 -1.147349E-03    1.918708E-16 -1.422195E-16
 -7.30000000E+03  0.00000000E+00  3.00000000E+01    2.376137E-15  2.931683E-16   -3.872948E-04 -1.147285E-03    2.010255E-16 -1.490709E-16
 -7.20000000E+03  0.00000000E+00  3.00000000E+01    2.507543E-15  3.129007E-16   -3.872598E-04 -1.147196E-03    2.180745E-16 -1.662604E-16
 -7.10000000E+03  0.00000000E+00  3.00000000E+01    2.653260E-15  3.328501E-16   -3.872253E-04 -1.147113E-03    2.388646E-16 -1.799810E-16
 -7.00000000E+03  0.00000000E+00  3.00000000E+01    2.807216E-15  3.531246E-16   -3.872024E-04 -1.147062E-03    2.522660E-16 -1.899940E-16
 -6.90000000E+03  0.00000000E+00  3.00000000E+01    2.970280E-15  3.781697E-16   -3.871798E-04 -1.147015E-03    2.736575E-16 -2.026492E-16
 -6.80000000E+03  0.00000000E+00  3.00000000E+01    3.146788E-15  4.022390E-16   -3.871462E-04 -1.146950E-03    2.963566E-16 -2.261518E-16
 -6.70000000E+03  0.00000000E+00  3.00000000E+01    3.336849E-15  4.290730E-16   -3.871129E-04 -1.146892E-03    3.225061E-16 -2.506379E-16
 -6.60000000E+03  0.00000000E+00  3.00000000E+01    3.541655E-15  4.608943E-16   -3.870910E-04 -1.146858E-03    3.466671E-16 -2.649349E-16
 -6.50000000E+03  0.00000000E+00  3.00000000E+01    3.758278E-15  4.943962E-16   -3.870691E-04 -1.146827E-03    3.729950E-16 -2.834293E-16
 -6.40000000E+03  0.00000000E+00  3.00000000E+01    3.996803E-15  5.394990E-16   -3.870367E-04 -1.146787E-03    4.064562E-16 -3.147332E-16
 -6.30000000E+03  0.00000000E+00  3.00000000E+01    4.249964E-15  5.828129E-16   -3.870044E-04 -1.146755E-03    4.567204E-16 -3.469010E-16
 -6.20000000E+03  0.00000000E+00  3.00000000E+01    4.522641E-15  6.285120E-16   -3.869830E-04 -1.146738E-03    4.856586E-16 -3.741197E-16
 -6.10000000E+03  0.00000000E+00  3.00000000E+01    4.817761E-15  6.805537E-16   -3.869616E-04 -1.146725E-03    5.236500E-16 -4.028313E-16
 -6.00000000E+03  0.00000000E+00  3.00000000E+01    5.136516E-15  7.411606E-16   -3.869295E-04 -1.146712E-03    5.871789E-16 -4.448304E-16
 -5.90000000E+03  0.00000000E+00  3.00000000E+01    5.478799E-15  8.098448E-16   -3.868973E-04 -1.146707E-03    6.582283E-16 -4.927629E-16
 -5.80000000E+03  0.00000000E+00  3.00000000E+01    5.852740E-15  8.823237E-16   -3.868758E-04 -1.146709E-03    7.120859E-16 -5.260549E-16
 -5.70000000E+03  0.00000000E+00  3.00000000E+01    6.257148E-15  9.612536E-16   -3.868540E-04 -1.146715E-03    7.745223E-16 -5.635335E-16
 -5.60000000E+03  0.00000000E+00  3.00000000E+01    6.697334E-15  1.054278E-15   -3.868210E-04 -1.146733E-03    8.759198E-16 -6.254734E-16
 -5.50000000E+03  0.00000000E+00  3.00000000E+01    7.180129E-15  1.160584E-15   -3.867874E-04 -1.146759E-03    9.890083E-16 -6.905469E-16
 -5.40000000E+03  0.00000000E+00  3.00000000E+01    7.699353E-15  1.278491E-15   -3.867645E-04 -1.146783E-03    1.079132E-15 -7.372885E-16
 -5.30000000E+03  0.00000000E+00  3.00000000E+01    8.258151E-15  1.410547E-15   -3.867411E-04 -1.146811E-03    1.173905E-15 -7.876365E-16
 -5.20000000E+03  0.00000000E+00  3.00000000E+01    8.873544E-15  1.561902E-15   -3.867051E-04 -1.146862E-03    1.342687E-15 -8.702059E-16
 -5.10000000E+03  0.00000000E+00  3.00000000E+01    9.542172E-15  1.732176E-15   -3.866677E-04 -1.146924E-03    1.531898E-15 -9.586245E-16
 -5.00000000E+03  0.00000000E+00  3.00000000E+01    1.027563E-14  1.920989E-15   -3.866419E-04 -1.146972E-03    1.675661E-15 -1.027563E-15
 -4.90000000E+03  0.00000000E+00  3.00000000E+01    1.106450E-14  2.132084E-15   -3.866152E-04 -1.147025E-03    1.827584E-15 -1.098335E-15
 -4.80000000E+03  0.00000000E+00  3.00000000E+01    1.193056E-14  2.376571E-15   -3.865732E-04 -1.147116E-03    2.099523E-15 -1.206835E-15
 -4.70000000E+03  0.00000000E+00  3.00000000E+01    1.288422E-14  2.656187E-15   -3.865291E-04 -1.147218E-03    2.405797E-15 -1.325981E-15
 -4.60000000E+03  0.00000000E+00  3.00000000E+01    1.391725E-14  2.967245E-15   -3.864980E-04 -1.147294E-03    2.644586E-15 -1.406837E-15
 -4.50000000E+03  0.00000000E+00  3.00000000E+01    1.504656E-14  3.322971E-15   -3.864657E-04 -1.147376E-03    2.905713E-15 -1.496434E-15
 -4.40000000E+03  0.00000000E+00  3.00000000E+01    1.627084E-14  3.725752E-15   -3.864141E-04 -1.147511E-03    3.362327E-15 -1.633599E-15
 -4.30000000E+03  0.00000000E+00  3.00000000E+01    1.764019E-14  4.191878E-15   -3.863593E-04 -1.147658E-03    3.884205E-15 -1.776954E-15
 -4.20000000E+03  0.00000000E+00  3.00000000E+01    1.913552E-14  4.717147E-15   -3.863203E-04 -1.147765E-03    4.287313E-15 -1.877446E-15
 -4.10000000E+03  0.00000000E+00  3.00000000E+01    2.075987E-14  5.315952E-15   -3.862793E-04 -1.147879E-03    4.729570E-15 -1.977521E-15
 -4.00000000E+03  0.00000000E+00  3.00000000E+01    2.253796E-14  5.992277E-15   -3.862136E-04 -1.148063E-03    5.501984E-15 -2.134300E-15
 -3.90000000E+03  0.00000000E+00  3.00000000E+01    2.451359E-14  6.776562E-15   -3.861433E-04 -1.148260E-03    6.390228E-15 -2.284654E-15
 -3.80000000E+03  0.00000000E+00  3.00000000E+01    2.667766E-14  7.670188E-15   -3.860929E-04 -1.148402E-03    7.076773E-15 -2.384342E-15
 -3.70000000E+03  0.00000000E+00  3.00000000E+01    2.904838E-14  8.682508E-15   -3.860399E-04 -1.148550E-03    7.830688E-15 -2.475192E-15
 -3.60000000E+03  0.00000000E+00  3.00000000E+01    3.164396E-14  9.834256E-15   -3.859546E-04 -1.148787E-03    9.152044E-15 -2.601722E-15
 -3.50000000E+03  0.00000000E+00  3.00000000E+01    3.454051E-14  1.117482E-14   -3.858629E-04 -1.149038E-03    1.068801E-14 -2.702241E-15
 -3.40000000E+03  0.00000000E+00  3.00000000E+01    3.771180E-14  1.269986E-14   -3.857975E-04 -1.149215E-03    1.186322E-14 -2.745025E-15
 -3.30000000E+03  0.00000000E+00  3.00000000E+01    4.117518E-14  1.443257E-14   -3.857284E-04 -1.149400E-03    1.318755E-14 -2.763393E-15
 -3.20000000E+03  0.00000000E+00  3.00000000E+01    4.497357E-14  1.640409E-14   -3.856174E-04 -1.149691E-03    1.549252E-14 -2.714466E-15
 -3.10000000E+03  0.00000000E+00  3.00000000E+01    4.920511E-14  1.870140E-14   -3.854985E-04 -1.149998E-03    1.817102E-14 -2.578927E-15
 -3.00000000E+03  0.00000000E+00  3.00000000E+01    5.382945E-14  2.131270E-14   -3.854134E-04 -1.150212E-03    2.025420E-14 -2.408042E-15
 -2.90000000E+03  0.00000000E+00  3.00000000E+01    5.888736E-14  2.427941E-14   -3.853242E-04 -1.150434E-03    2.257015E-14 -2.164901E-15
 -2.80000000E+03  0.00000000E+00  3.00000000E+01    6.443002E-14  2.765540E-14   -3.851811E-04 -1.150781E-03    2.663005E-14 -1.596224E-15
 -2.70000000E+03  0.00000000E+00  3.00000000E+01    7.054849E-14  3.156243E-14   -3.850283E-04 -1.151143E-03    3.136351E-14 -7.819050E-16
 -2.60000000E+03  0.00000000E+00  3.00000000E+01    7.723336E-14  3.598792E-14   -3.849201E-04 -1.151394E-03    3.501849E-14 -2.540506E-17
 -2.50000000E+03  0.00000000E+00  3.00000000E+01    8.450814E-14  4.099856E-14   -3.848065E-04 -1.151652E-03    3.913277E-14  9.342495E-16
 -2.40000000E+03  0.00000000E+00  3.00000000E+01    9.238357E-14  4.664455E-14   -3.846262E-04 -1.152054E-03    4.630453E-14  2.859856E-15
 -2.30000000E+03  0.00000000E+00  3.00000000E+01    1.010204E-13  5.312352E-14   -3.844357E-04 -1.152469E-03    5.464267E-14  5.396269E-15
 -2.20000000E+03  0.00000000E+00  3.00000000E+01    1.103058E-13  6.037645E-14   -3.843016E-04 -1.152756E-03    6.111586E-14  7.600859E-15
 -2.10000000E+03  0.00000000E+00  3.00000000E+01    1.202486E-13  6.846173E-14   -3.841629E-04 -1.153049E-03    6.831083E-14  1.024983E-14
 -2.00000000E+03  0.00000000E+00  3.00000000E+01    1.308554E-13  7.743540E-14   -3.839452E-04 -1.153500E-03    8.088329E-14  1.536043E-14
 -1.90000000E+03  0.00000000E+00  3.00000000E+01    1.421295E-13  8.745520E-14   -3.837190E-04 -1.153963E-03    9.541651E-14  2.182773E-14
 -1.80000000E+03  0.00000000E+00  3.00000000E+01    1.539458E-13  9.840005E-14   -3.835635E-04 -1.154278E-03    1.065346E-13  2.719231E-14
 -1.70000000E+03  0.00000000E+00  3.00000000E+01    1.661477E-13  1.102094E-13   -3.834045E-04 -1.154597E-03    1.189150E-13  3.352567E-14
 -1.60000000E+03  0.00000000E+00  3.00000000E+01    1.785281E-13  1.227708E-13   -3.831622E-04 -1.155081E-03    1.401285E-13  4.521874E-14
 -1.50000000E+03  0.00000000E+00  3.00000000E+01    1.908995E-13  1.360500E-13   -3.829177E-04 -1.155568E-03    1.642472E-13  5.945010E-14
 -1.40000000E+03  0.00000000E+00  3.00000000E+01    2.028128E-13  1.495920E-13   -3.827546E-04 -1.155893E-03    1.824321E-13  7.088112E-14
 -1.30000000E+03  0.00000000E+00  3.00000000E+01    2.138797E-13  1.630389E-13   -3.825933E-04 -1.156214E-03    2.021742E-13  8.385789E-14
 -1.20000000E+03  0.00000000E+00  3.00000000E+01    2.236633E-13  1.759475E-13   -3.823567E-04 -1.156689E-03    2.351510E-13  1.067983E-13
 -1.10000000E+03  0.00000000E+00  3.00000000E+01    2.310197E-13  1.872938E-13   -3.821285E-04 -1.157151E-03    2.712856E-13  1.332653E-13
 -1.00000000E+03  0.00000000E+00  3.00000000E+01    2.355735E-13  1.964682E-13   -3.819842E-04 -1.157445E-03    2.972546E-13  1.532028E-13
 -9.00000000E+02  0.00000000E+00  3.00000000E+01    2.365438E-13  2.025556E-13   -3.818465E-04 -1.157729E-03    3.245270E-13  1.748555E-13
 -8.00000000E+02  0.00000000E+00  3.00000000E+01    2.331060E-13  2.045559E-13   -3.816569E-04 -1.158126E-03    3.669614E-13  2.099117E-13
 -7.00000000E+02  0.00000000E+00  3.00000000E+01    2.236257E-13  2.005605E-13   -3.814860E-04 -1.158488E-03    4.099447E-13  2.467152E-13
 -6.00000000E+02  0.00000000E+00  3.00000000E+01    2.082050E-13  1.904036E-13   -3.813856E-04 -1.158704E-03    4.381018E-13  2.716224E-13
 -5.00000000E+02  0.00000000E+00  3.00000000E+01    1.865355E-13  1.735244E-13   -3.812967E-04 -1.158897E-03    4.649439E-13  2.958455E-13
 -4.00000000E+02  0.00000000E+00  3.00000000E+01    1.585754E-13  1.496703E-13   -3.811867E-04 -1.159138E-03    5.009372E-13  3.291042E-13
 -3.00000000E+02  0.00000000E+00  3.00000000E+01    1.237186E-13  1.180359E-13   -3.811016E-04 -1.159326E-03    5.307200E-13  3.571513E-13
 -2.00000000E+02  0.00000000E+00  3.00000000E+01    8.400897E-14  8.079198E-14   -3.810620E-04 -1.159414E-03    5.452308E-13  3.710154E-13
 -1.00000000E+02  0.00000000E+00  3.00000000E+01    4.073169E-14  3.939425E-14   -3.810353E-04 -1.159474E-03    5.550373E-13  3.804593E-13
  0.00000000E+00  0.00000000E+00  3.00000000E+01   -4.461247E-15 -4.250309E-15   -3.810220E-04 -1.159503E-03    5.593703E-13  3.846631E-13
  1.00000000E+02  0.00000000E+00  3.00000000E+01   -4.942916E-14 -4.763308E-14   -3.810353E-04 -1.159474E-03    5.531050E-13  3.786406E-13
  2.00000000E+02  0.00000000E+00  3.00000000E+01   -9.211180E-14 -8.834848E-14   -3.810620E-04 -1.159414E-03    5.420998E-13  3.680756E-13
  3.00000000E+02  0.00000000E+00  3.00000000E+01   -1.309172E-13 -1.245607E-13   -3.811016E-04 -1.159326E-03    5.265079E-13  3.532377E-13
  4.00000000E+02  0.00000000E+00  3.00000000E+01   -1.646341E-13 -1.549266E-13   -3.811867E-04 -1.159138E-03    4.954440E-13  3.240829E-13
  5.00000000E+02  0.00000000E+00  3.00000000E+01   -1.913221E-13 -1.773750E-13   -3.812967E-04 -1.158897E-03    4.585240E-13  2.901160E-13
  6.00000000E+02  0.00000000E+00  3.00000000E+01   -2.116891E-13 -1.928617E-13   -3.813856E-04 -1.158704E-03    4.313283E-13  2.656863E-13
  7.00000000E+02  0.00000000E+00  3.00000000E+01   -2.258602E-13 -2.017260E-13   -3.814860E-04 -1.158488E-03    4.029726E-13  2.407449E-13
  8.00000000E+02  0.00000000E+00  3.00000000E+01   -2.342000E-13 -2.045848E-13   -3.816569E-04 -1.158126E-03    3.600139E-13  2.041723E-13
  9.00000000E+02  0.00000000E+00  3.00000000E+01   -2.366765E-13 -2.016788E-13   -3.818465E-04 -1.157729E-03    3.178222E-13  1.695578E-13
  1.00000000E+03  0.00000000E+00  3.00000000E+01   -2.349072E-13 -1.948911E-13   -3.819842E-04 -1.157445E-03    2.908277E-13  1.482899E-13
  1.10000000E+03  0.00000000E+00  3.00000000E+01   -2.297170E-13 -1.852134E-13   -3.821285E-04 -1.157151E-03    2.651945E-13  1.287604E-13
  1.20000000E+03  0.00000000E+00  3.00000000E+01   -2.218845E-13 -1.735335E-13   -3.823567E-04 -1.156689E-03    2.296352E-13  1.029410E-13
  1.30000000E+03  0.00000000E+00  3.00000000E+01   -2.117746E-13 -1.604550E-13   -3.825933E-04 -1.156214E-03    1.972573E-13  8.063149E-14
  1.40000000E+03  0.00000000E+00  3.00000000E+01   -2.004983E-13 -1.469585E-13   -3.827546E-04 -1.155893E-03    1.779190E-13  6.804553E-14
  1.50000000E+03  0.00000000E+00  3.00000000E+01   -1.884754E-13 -1.334525E-13   -3.829177E-04 -1.155568E-03    1.601257E-13  5.698355E-14
  1.60000000E+03  0.00000000E+00  3.00000000E+01   -1.760662E-13 -1.202745E-13   -3.831622E-04 -1.155081E-03    1.365514E-13  4.323304E-14
  1.70000000E+03  0.00000000E+00  3.00000000E+01   -1.637121E-13 -1.078625E-13   -3.834045E-04 -1.154597E-03    1.158457E-13  3.195636E-14
  1.80000000E+03  0.00000000E+00  3.00000000E+01   -1.515837E-13 -9.622563E-14   -3.835635E-04 -1.154278E-03    1.037740E-13  2.585746E-14
  1.90000000E+03  0.00000000E+00  3.00000000E+01   -1.398724E-13 -8.546413E-14   -3.837190E-04 -1.153963E-03    9.293485E-14  2.070151E-14
  2.00000000E+03  0.00000000E+00  3.00000000E+01   -1.287160E-13 -7.563031E-14   -3.839452E-04 -1.153500E-03    7.877685E-14  1.449372E-14
  2.10000000E+03  0.00000000E+00  3.00000000E+01   -1.182428E-13 -6.683846E-14   -3.841629E-04 -1.153049E-03    6.654428E-14  9.596461E-15
  2.20000000E+03  0.00000000E+00  3.00000000E+01   -1.084351E-13 -5.892438E-14   -3.843016E-04 -1.152756E-03    5.952893E-14  7.059840E-15
  2.30000000E+03  0.00000000E+00  3.00000000E+01   -9.928907E-14 -5.183560E-14   -3.844357E-04 -1.152469E-03    5.322823E-14  4.950588E-15
  2.40000000E+03  0.00000000E+00  3.00000000E+01   -9.079066E-14 -4.550624E-14   -3.846262E-04 -1.152054E-03    4.511301E-14  2.529013E-15
  2.50000000E+03  0.00000000E+00  3.00000000E+01   -8.304517E-14 -3.999592E-14   -3.848065E-04 -1.151652E-03    3.813197E-14  6.963400E-16
  2.60000000E+03  0.00000000E+00  3.00000000E+01   -7.590033E-14 -3.510544E-14   -3.849201E-04 -1.151394E-03    3.411858E-14 -2.169473E-16
  2.70000000E+03  0.00000000E+00  3.00000000E+01   -6.933538E-14 -3.078619E-14   -3.850283E-04 -1.151143E-03    3.056236E-14 -9.318231E-16
  2.80000000E+03  0.00000000E+00  3.00000000E+01   -6.331437E-14 -2.698113E-14   -3.851811E-04 -1.150781E-03    2.595725E-14 -1.701660E-15
  2.90000000E+03  0.00000000E+00  3.00000000E+01   -5.787439E-14 -2.369031E-14   -3.853242E-04 -1.150434E-03    2.200457E-14 -2.231090E-15
  3.00000000E+03  0.00000000E+00  3.00000000E+01   -5.290332E-14 -2.079527E-14   -3.854134E-04 -1.150212E-03    1.975494E-14 -2.456845E-15
  3.10000000E+03  0.00000000E+00  3.00000000E+01   -4.836301E-14 -1.824842E-14   -3.854985E-04 -1.149998E-03    1.772987E-14 -2.611174E-15
  3.20000000E+03  0.00000000E+00  3.00000000E+01   -4.421095E-14 -1.601063E-14   -3.856174E-04 -1.149691E-03    1.512343E-14 -2.731125E-15
  3.30000000E+03  0.00000000E+00  3.00000000E+01   -4.048541E-14 -1.408661E-14   -3.857284E-04 -1.149400E-03    1.287438E-14 -2.765848E-15
  3.40000000E+03  0.00000000E+00  3.00000000E+01   -3.707668E-14 -1.240116E-14   -3.857975E-04 -1.149215E-03    1.158297E-14 -2.742078E-15
  3.50000000E+03  0.00000000E+00  3.00000000E+01   -3.397174E-14 -1.091336E-14   -3.858629E-04 -1.149038E-03    1.043004E-14 -2.695034E-15
  3.60000000E+03  0.00000000E+00  3.00000000E+01   -3.113915E-14 -9.603971E-15   -3.859546E-04 -1.148787E-03    8.941035E-15 -2.592010E-15
  3.70000000E+03  0.00000000E+00  3.00000000E+01   -2.858618E-14 -8.477973E-15   -3.860399E-04 -1.148550E-03    7.646561E-15 -2.466604E-15
  3.80000000E+03  0.00000000E+00  3.00000000E+01   -2.625786E-14 -7.487609E-15   -3.860929E-04 -1.148402E-03    6.909704E-15 -2.369192E-15
  3.90000000E+03  0.00000000E+00  3.00000000E+01   -2.413217E-14 -6.616994E-15   -3.861433E-04 -1.148260E-03    6.237871E-15 -2.272098E-15
  4.00000000E+03  0.00000000E+00  3.00000000E+01   -2.218972E-14 -5.851981E-15   -3.862136E-04 -1.148063E-03    5.372576E-15 -2.119708E-15
  4.10000000E+03  0.00000000E+00  3.00000000E+01   -2.043808E-14 -5.191865E-15   -3.862793E-04 -1.147879E-03    4.617678E-15 -1.964987E-15
  4.20000000E+03  0.00000000E+00  3.00000000E+01   -1.884213E-14 -4.611925E-15   -3.863203E-04 -1.147765E-03    4.191386E-15 -1.864216E-15
  4.30000000E+03  0.00000000E+00  3.00000000E+01   -1.737477E-14 -4.097634E-15   -3.863593E-04 -1.147658E-03    3.798729E-15 -1.761337E-15
  4.40000000E+03  0.00000000E+00  3.00000000E+01   -1.603058E-14 -3.641618E-15   -3.864141E-04 -1.147511E-03    3.291289E-15 -1.616940E-15
  4.50000000E+03  0.00000000E+00  3.00000000E+01   -1.482332E-14 -3.247619E-15   -3.864657E-04 -1.147376E-03    2.847197E-15 -1.479242E-15
  4.60000000E+03  0.00000000E+00  3.00000000E+01   -1.371516E-14 -2.901433E-15   -3.864980E-04 -1.147294E-03    2.590540E-15 -1.394187E-15
  4.70000000E+03  0.00000000E+00  3.00000000E+01   -1.269471E-14 -2.595255E-15   -3.865291E-04 -1.147218E-03    2.357222E-15 -1.309264E-15
  4.80000000E+03  0.00000000E+00  3.00000000E+01   -1.175709E-14 -2.322144E-15   -3.865732E-04 -1.147116E-03    2.058467E-15 -1.190421E-15
  4.90000000E+03  0.00000000E+00  3.00000000E+01   -1.091271E-14 -2.090775E-15   -3.866152E-04 -1.147025E-03    1.791196E-15 -1.081164E-15
  5.00000000E+03  0.00000000E+00  3.00000000E+01   -1.013209E-14 -1.881524E-15   -3.866419E-04 -1.146972E-03    1.639440E-15 -1.015760E-15
  5.10000000E+03  0.00000000E+00  3.00000000E+01   -9.416513E-15 -1.695584E-15   -3.866677E-04 -1.146924E-03    1.502813E-15 -9.507449E-16
  5.20000000E+03  0.00000000E+00  3.00000000E+01   -8.752114E-15 -1.528725E-15   -3.867051E-04 -1.146862E-03    1.313028E-15 -8.604027E-16
  5.30000000E+03  0.00000000E+00  3.00000000E+01   -8.153309E-15 -1.385502E-15   -3.867411E-04 -1.146811E-03    1.150178E-15 -7.795495E-16
  5.40000000E+03  0.00000000E+00  3.00000000E+01   -7.595920E-15 -1.256807E-15   -3.867645E-04 -1.146783E-03    1.058277E-15 -7.270977E-16
  5.50000000E+03  0.00000000E+00  3.00000000E+01   -7.088947E-15 -1.142966E-15   -3.867874E-04 -1.146759E-03    9.756085E-16 -6.804598E-16
  5.60000000E+03  0.00000000E+00  3.00000000E+01   -6.610597E-15 -1.040184E-15   -3.868210E-04 -1.146733E-03    8.660347E-16 -6.140091E-16
  5.70000000E+03  0.00000000E+00  3.00000000E+01   -6.177784E-15 -9.504116E-16   -3.868540E-04 -1.146715E-03    7.616453E-16 -5.533421E-16
  5.80000000E+03  0.00000000E+00  3.00000000E+01   -5.780532E-15 -8.716985E-16   -3.868758E-04 -1.146709E-03    7.075012E-16 -5.184411E-16
  5.90000000E+03  0.00000000E+00  3.00000000E+01   -5.410603E-15 -7.985149E-16   -3.868973E-04 -1.146707E-03    6.563439E-16 -4.861744E-16
  6.00000000E+03  0.00000000E+00  3.00000000E+01   -5.071030E-15 -7.335712E-16   -3.869295E-04 -1.146712E-03    5.838901E-16 -4.381806E-16
  6.10000000E+03  0.00000000E+00  3.00000000E+01   -4.755961E-15 -6.748616E-16   -3.869616E-04 -1.146725E-03    5.172214E-16 -3.947816E-16
  6.20000000E+03  0.00000000E+00  3.00000000E+01   -4.467780E-15 -6.227657E-16   -3.869830E-04 -1.146738E-03    4.844678E-16 -3.715827E-16
  6.30000000E+03  0.00000000E+00  3.00000000E+01   -4.195862E-15 -5.787471E-16   -3.870044E-04 -1.146755E-03    4.497505E-16 -3.447000E-16
  6.40000000E+03  0.00000000E+00  3.00000000E+01   -3.946930E-15 -5.373306E-16   -3.870367E-04 -1.146787E-03    4.062236E-16 -3.157301E-16
  6.50000000E+03  0.00000000E+00  3.00000000E+01   -3.714585E-15 -4.983535E-16   -3.870691E-04 -1.146827E-03    3.659964E-16 -2.840054E-16
  6.60000000E+03  0.00000000E+00  3.00000000E+01   -3.500889E-15 -4.658817E-16   -3.870910E-04 -1.146858E-03    3.434531E-16 -2.666297E-16
  6.70000000E+03  0.00000000E+00  3.00000000E+01   -3.298143E-15 -4.349819E-16   -3.871129E-04 -1.146892E-03    3.267906E-16 -2.492879E-16
  6.80000000E+03  0.00000000E+00  3.00000000E+01   -3.109492E-15 -4.104789E-16   -3.871462E-04 -1.146950E-03    2.962055E-16 -2.244521E-16
  6.90000000E+03  0.00000000E+00  3.00000000E+01   -2.938838E-15 -3.822897E-16   -3.871798E-04 -1.147015E-03    2.684084E-16 -2.035848E-16
  7.00000000E+03  0.00000000E+00  3.00000000E+01   -2.774690E-15 -3.595214E-16   -3.872024E-04 -1.147062E-03    2.531363E-16 -1.905580E-16
  7.10000000E+03  0.00000000E+00  3.00000000E+01   -2.622468E-15 -3.369700E-16   -3.872253E-04 -1.147113E-03    2.402694E-16 -1.820080E-16
  7.20000000E+03  0.00000000E+00  3.00000000E+01   -2.485859E-15 -3.155028E-16   -3.872598E-04 -1.147196E-03    2.220856E-16 -1.631926E-16
  7.30000000E+03  0.00000000E+00  3.00000000E+01   -2.351418E-15 -2.985351E-16   -3.872948E-04 -1.147285E-03    2.014138E-16 -1.474710E-16
  7.40000000E+03  0.00000000E+00  3.00000000E+01   -2.229120E-15 -2.810252E-16   -3.873183E-04 -1.147349E-03    1.938392E-16 -1.371162E-16
  7.50000000E+03  0.00000000E+00  3.00000000E+01   -2.114194E-15 -2.664969E-16   -3.873419E-04 -1.147416E-03    1.888806E-16 -1.275087E-16
  7.60000000E+03  0.00000000E+00  3.00000000E+01   -2.000136E-15 -2.519686E-16   -3.873777E-04 -1.147524E-03    1.699456E-16 -1.192454E-16
  7.70000000E+03  0.00000000E+00  3.00000000E+01   -1.900606E-15 -2.417229E-16   -3.874137E-04 -1.147638E-03    1.593193E-16 -1.065928E-16
  7.80000000E+03  0.00000000E+00  3.00000000E+01   -1.807582E-15 -2.284414E-16   -3.874377E-04 -1.147719E-03    1.495481E-16 -1.024172E-16
  7.90000000E+03  0.00000000E+00  3.00000000E+01   -1.717810E-15 -2.181415E-16   -3.874618E-04 -1.147804E-03    1.337232E-16 -9.758993E-17
  8.00000000E+03  0.00000000E+00  3.00000000E+01   -1.638446E-15 -2.042637E-16   -3.874980E-04 -1.147938E-03    1.286800E-16 -8.863805E-17
  8.10000000E+03  0.00000000E+00  3.00000000E+01   -1.565154E-15 -1.957527E-16   -3.875340E-04 -1.148079E-03    1.193398E-16 -8.303890E-17
  8.20000000E+03  0.00000000E+00  3.00000000E+01   -1.498801E-15 -1.837723E-16   -3.875579E-04 -1.148179E-03    1.165240E-16 -7.724066E-17
  8.30000000E+03  0.00000000E+00  3.00000000E+01   -1.422040E-15 -1.769418E-16   -3.875816E-04 -1.148283E-03    1.070824E-16 -7.527048E-17
  8.40000000E+03  0.00000000E+00  3.00000000E+01   -1.360023E-15 -1.682682E-16   -3.876168E-04 -1.148447E-03    1.012509E-16 -6.995339E-17
  8.50000000E+03  0.00000000E+00  3.00000000E+01   -1.298657E-15 -1.585646E-16   -3.876514E-04 -1.148620E-03    1.018215E-16 -6.186973E-17
  8.60000000E+03  0.00000000E+00  3.00000000E+01   -1.239894E-15 -1.510294E-16   -3.876738E-04 -1.148740E-03    9.003722E-17 -5.815088E-17
  8.70000000E+03  0.00000000E+00  3.00000000E+01   -1.181347E-15 -1.409463E-16   -3.876959E-04 -1.148866E-03    9.000429E-17 -5.715893E-17
  8.80000000E+03  0.00000000E+00  3.00000000E+01   -1.130172E-15 -1.337905E-16   -3.877278E-04 -1.149065E-03    8.486475E-17 -5.446475E-17
  8.90000000E+03  0.00000000E+00  3.00000000E+01   -1.077046E-15 -1.303211E-16   -3.877583E-04 -1.149273E-03    8.032101E-17 -5.020878E-17
  9.00000000E+03  0.00000000E+00  3.00000000E+01   -1.029125E-15 -1.278274E-16   -3.877776E-04 -1.149420E-03    7.793447E-17 -4.934054E-17
  9.10000000E+03  0.00000000E+00  3.00000000E+01   -9.870577E-16 -1.222980E-16   -3.877959E-04 -1.149571E-03    7.226202E-17 -4.421716E-17
  9.20000000E+03  0.00000000E+00  3.00000000E+01   -9.402201E-16 -1.196959E-16   -3.878214E-04 -1.149811E-03    7.058157E-17 -4.192752E-17
  9.30000000E+03  0.00000000E+00  3.00000000E+01   -9.074772E-16 -1.154675E-16   -3.878444E-04 -1.150062E-03    6.972312E-17 -3.869069E-17
  9.40000000E+03  0.00000000E+00  3.00000000E+01   -8.686628E-16 -1.092876E-16   -3.878580E-04 -1.150238E-03    6.516508E-17 -3.701701E-17
  9.50000000E+03  0.00000000E+00  3.00000000E+01   -8.326673E-16 -1.049508E-16   -3.878702E-04 -1.150421E-03    6.197364E-17 -3.577171E-17
  9.60000000E+03  0.00000000E+00  3.00000000E+01   -7.953707E-16 -1.001803E-16   -3.878854E-04 -1.150708E-03    5.884740E-17 -3.182057E-17
  9.70000000E+03  0.00000000E+00  3.00000000E+01   -7.704341E-16 -9.530137E-17   -3.878974E-04 -1.151009E-03    5.263362E-17 -3.108661E-17
  9.80000000E+03  0.00000000E+00  3.00000000E+01   -7.407269E-16 -8.912142E-17   -3.879033E-04 -1.151219E-03    6.263814E-17 -2.261017E-17
  9.90000000E+03  0.00000000E+00  3.00000000E+01   -7.103693E-16 -8.847090E-17   -3.879077E-04 -1.151436E-03    5.332570E-17 -2.906660E-17
  1.00000000E+04  0.00000000E+00  3.00000000E+01   -6.782769E-16 -8.586881E-17   -3.879118E-04 -1.151775E-03    5.512234E-17 -2.674705E-17
  1.05000000E+04  0.00000000E+00  3.00000000E+01   -5.600988E-16 -7.491837E-17   -3.879599E-04 -1.153314E-03    4.066290E-17 -2.437570E-17
