 -1.05000000E+04  0.00000000E+00  3.00000000E+01    9.337208E-16 -4.488783E-16    3.172503E-02  8.256946E-03
 -1.00000000E+04  0.00000000E+00  3.00000000E+01    9.826998E-16 -3.933330E-16    1.519719E-02 -8.438673E-04
 -9.90000000E+03  0.00000000E+00  3.00000000E+01    8.069731E-16 -1.378873E-15    1.392883E-02 -1.449487E-03
 -9.80000000E+03  0.00000000E+00  3.00000000E+01    4.158095E-16 -2.682543E-15    1.282410E-02 -1.941371E-03
 -9.70000000E+03  0.00000000E+00  3.00000000E+01    8.698736E-16 -1.389572E-15    1.183831E-02 -2.344914E-03
 -9.60000000E+03  0.00000000E+00  3.00000000E+01    2.288919E-16 -1.398838E-15    1.094351E-02 -2.676143E-03
 -9.50000000E+03  0.00000000E+00  3.00000000E+01   -9.775849E-16  4.014147E-16    1.012329E-02 -2.946335E-03
 -9.40000000E+03  0.00000000E+00  3.00000000E+01   -1.295382E-15  1.385699E-15    9.366202E-03 -3.163726E-03
 -9.30000000E+03  0.00000000E+00  3.00000000E+01    2.449153E-16  3.752581E-17    8.664836E-03 -3.335248E-03
 -9.20000000E+03  0.00000000E+00  3.00000000E+01    9.203413E-16 -9.546889E-16    8.013502E-03 -3.466429E-03
 -9.10000000E+03  0.00000000E+00  3.00000000E+01    7.084422E-16 -8.181959E-16    7.408052E-03 -3.562410E-03
 -9.00000000E+03  0.00000000E+00  3.00000000E+01    1.157390E-15 -1.092721E-15    6.845063E-03 -3.627451E-03
 -8.90000000E+03  0.00000000E+00  3.00000000E+01    1.317336E-15 -1.233109E-15    6.321668E-03 -3.665664E-03
 -8.80000000E+03  0.00000000E+00  3.00000000E+01   -7.158979E-17 -1.352952E-16    5.835402E-03 -3.680512E-03
 -8.70000000E+03  0.00000000E+00  3.00000000E+01   -3.911870E-16 -1.142458E-15    5.383958E-03 -3.675352E-03
 -8.60000000E+03  0.00000000E+00  3.00000000E+01    9.869209E-16 -1.813711E-15    4.965324E-03 -3.653029E-03
 -8.50000000E+03  0.00000000E+00  3.00000000E+01    1.095629E-15 -9.574834E-16    4.577468E-03 -3.616274E-03
 -8.40000000E+03  0.00000000E+00  3.00000000E+01    7.861817E-16 -3.870408E-16    4.218618E-03 -3.567409E-03
 -8.30000000E+03  0.00000000E+00  3.00000000E+01    3.082531E-16 -8.354704E-16    3.886924E-03 -3.508629E-03
 -8.20000000E+03  0.00000000E+00  3.00000000E+01   -4.920937E-16 -4.427364E-16    3.580780E-03 -3.441804E-03
 -8.10000000E+03  0.00000000E+00  3.00000000E+01   -1.129167E-15 -6.080824E-16    3.298482E-03 -3.368663E-03
 -8.00000000E+03  0.00000000E+00  3.00000000E+01   -3.766069E-16 -1.584720E-15    3.038559E-03 -3.290690E-03
 -7.90000000E+03  0.00000000E+00  3.00000000E+01    6.373275E-16 -1.980103E-15    2.799453E-03 -3.209220E-03
 -7.80000000E+03  0.00000000E+00  3.00000000E+01    5.950581E-17 -1.858332E-15    2.579823E-03 -3.125405E-03
 -7.70000000E+03  0.00000000E+00  3.00000000E+01   -3.998494E-16 -2.881265E-15    2.378256E-03 -3.040252E-03
 -7.60000000E+03  0.00000000E+00  3.00000000E+01    2.843256E-16 -1.996074E-15    2.193542E-03 -2.954635E-03
 -7.50000000E+03  0.00000000E+00  3.00000000E+01    1.016283E-15 -5.335299E-16    2.024414E-03 -2.869293E-03
 -7.40000000E+03  0.00000000E+00  3.00000000E+01    8.739552E-16 -5.381911E-16    1.869796E-03 -2.784872E-03
 -7.30000000E+03  0.00000000E+00  3.00000000E+01    7.262385E-16 -3.994097E-16    1.728568E-03 -2.701891E-03
 -7.20000000E+03  0.00000000E+00  3.00000000E+01    2.400591E-16 -7.045152E-16    1.599780E-03 -2.620811E-03
 -7.10000000E+03  0.00000000E+00  3.00000000E+01   -4.166748E-16 -4.440702E-16    1.482459E-03 -2.541981E-03
 -7.00000000E+03  0.00000000E+00  3.00000000E+01   -2.863379E-17  7.157686E-16    1.375781E-03 -2.465715E-03
 -6.90000000E+03  0.00000000E+00  3.00000000E+01   -2.492226E-16  8.507283E-16    1.278908E-03 -2.392226E-03
 -6.80000000E+03  0.00000000E+00  3.00000000E+01   -6.069732E-16  8.389897E-16    1.191134E-03 -2.321711E-03
 -6.70000000E+03  0.00000000E+00  3.00000000E+01   -9.614756E-16  6.856376E-16    1.111751E-03 -2.254279E-03
 -6.60000000E+03  0.00000000E+00  3.00000000E+01   -1.861877E-15 -2.040416E-16    1.040165E-03 -2.190041E-03
 -6.50000000E+03  0.00000000E+00  3.00000000E+01   -1.648724E-15 -1.975575E-16    9.757827E-04 -2.129026E-03
 -6.40000000E+03  0.00000000E+00  3.00000000E+01   -1.214649E-15  1.681849E-15    9.181129E-04 -2.071275E-03
 -6.30000000E+03  0.00000000E+00  3.00000000E+01   -9.372706E-16  1.980820E-15    8.666686E-04 -2.016758E-03
 -6.20000000E+03  0.00000000E+00  3.00000000E+01   -1.359192E-15  1.821154E-15    8.210504E-04 -1.965465E-03
 -6.10000000E+03  0.00000000E+00  3.00000000E+01   -1.937198E-15  1.942166E-15    7.808648E-04 -1.917321E-03
 -6.00000000E+03  0.00000000E+00  3.00000000E+01   -1.866012E-15  1.945544E-15    7.457933E-04 -1.872276E-03
 -5.90000000E+03  0.00000000E+00  3.00000000E+01   -1.293716E-15  1.037592E-16    7.155240E-04 -1.830222E-03
 -5.80000000E+03  0.00000000E+00  3.00000000E+01   -6.996223E-16 -4.488724E-16    6.898095E-04 -1.791076E-03
 -5.70000000E+03  0.00000000E+00  3.00000000E+01   -1.233900E-15  3.908202E-16    6.684071E-04 -1.754707E-03
 -5.60000000E+03  0.00000000E+00  3.00000000E+01   -1.591572E-15  3.761746E-16    6.511293E-04 -1.721007E-03
 -5.50000000E+03  0.00000000E+00  3.00000000E+01   -1.651128E-15  8.515977E-17    6.377907E-04 -1.689823E-03
 -5.40000000E+03  0.00000000E+00  3.00000000E+01   -2.009283E-15  7.132709E-17    6.282538E-04 -1.661027E-03
 -5.30000000E+03  0.00000000E+00  3.00000000E+01   -1.601357E-15  6.613420E-16    6.223788E-04 -1.634449E-03
 -5.20000000E+03  0.00000000E+00  3.00000000E+01   -7.321964E-16  4.076267E-16    6.200668E-04 -1.609943E-03
 -5.10000000E+03  0.00000000E+00  3.00000000E+01    5.897311E-17  2.944049E-16    6.212121E-04 -1.587325E-03
 -5.00000000E+03  0.00000000E+00  3.00000000E+01   -1.186313E-17  2.905608E-16    6.257444E-04 -1.566431E-03
 -4.90000000E+03  0.00000000E+00  3.00000000E+01   -1.300242E-15  2.420578E-16    6.335808E-04 -1.547066E-03
 -4.80000000E+03  0.00000000E+00  3.00000000E+01   -1.147464E-15 -3.728351E-17    6.446688E-04 -1.529050E-03
 -4.70000000E+03  0.00000000E+00  3.00000000E+01   -8.761399E-16  4.012651E-16    6.589377E-04 -1.512178E-03
 -4.60000000E+03  0.00000000E+00  3.00000000E+01   -9.091034E-16  1.258559E-15    6.763422E-04 -1.496256E-03
 -4.50000000E+03  0.00000000E+00  3.00000000E+01   -7.104309E-16  1.698345E-15    6.968135E-04 -1.481070E-03
 -4.40000000E+03  0.00000000E+00  3.00000000E+01   -5.292177E-16  6.995520E-16    7.203031E-04 -1.466416E-03
 -4.30000000E+03  0.00000000E+00  3.00000000E+01   -6.133150E-17 -2.852680E-16    7.467345E-04 -1.452076E-03
 -4.20000000E+03  0.00000000E+00  3.00000000E+01    7.968199E-16 -2.517871E-16    7.760463E-04 -1.437837E-03
 -4.10000000E+03  0.00000000E+00  3.00000000E+01    1.083587E-15 -2.405407E-16    8.081456E-04 -1.423482E-03
 -4.00000000E+03  0.00000000E+00  3.00000000E+01    1.315375E-15 -6.602939E-16    8.429500E-04 -1.408797E-03
 -3.90000000E+03  0.00000000E+00  3.00000000E+01    9.638043E-16 -8.184317E-16    8.803429E-04 -1.393571E-03
 -3.80000000E+03  0.00000000E+00  3.00000000E+01    8.078658E-16 -5.365955E-16    9.202140E-04 -1.377594E-03
 -3.70000000E+03  0.00000000E+00  3.00000000E+01    1.179272E-15 -9.468408E-16    9.624186E-04 -1.360671E-03
 -3.60000000E+03  0.00000000E+00  3.00000000E+01    1.254614E-15 -1.088714E-15    1.006815E-03 -1.342607E-03
 -3.50000000E+03  0.00000000E+00  3.00000000E+01    1.024098E-15 -6.683728E-16    1.053228E-03 -1.323228E-03
 -3.40000000E+03  0.00000000E+00  3.00000000E+01    1.040832E-15 -1.097255E-15    1.101483E-03 -1.302367E-03
 -3.30000000E+03  0.00000000E+00  3.00000000E+01    5.664653E-16  2.724168E-17    1.151380E-03 -1.279879E-03
 -3.20000000E+03  0.00000000E+00  3.00000000E+01   -2.467494E-16  7.090054E-16    1.202716E-03 -1.255633E-03
 -3.10000000E+03  0.00000000E+00  3.00000000E+01   -5.976230E-16  5.518711E-16    1.255271E-03 -1.229525E-03
 -3.00000000E+03  0.00000000E+00  3.00000000E+01   -3.078022E-16  4.208983E-16    1.308826E-03 -1.201463E-03
 -2.90000000E+03  0.00000000E+00  3.00000000E+01    1.057637E-15 -1.664154E-15    1.363157E-03 -1.171390E-03
 -2.80000000E+03  0.00000000E+00  3.00000000E+01    1.357817E-15 -2.079863E-15    1.418047E-03 -1.139256E-03
 -2.70000000E+03  0.00000000E+00  3.00000000E+01    4.802893E-16 -1.546409E-15    1.473290E-03 -1.105044E-03
 -2.60000000E+03  0.00000000E+00  3.00000000E+01   -2.476022E-16 -1.147257E-15    1.528697E-03 -1.068740E-03
 -2.50000000E+03  0.00000000E+00  3.00000000E+01   -4.762956E-16 -7.294075E-16    1.584114E-03 -1.030346E-03
 -2.40000000E+03  0.00000000E+00  3.00000000E+01   -1.532782E-16  1.371577E-16    1.639421E-03 -9.898597E-04
 -2.30000000E+03  0.00000000E+00  3.00000000E+01   -5.778694E-16  1.210158E-16    1.694560E-03 -9.472619E-04
 -2.20000000E+03  0.00000000E+00  3.00000000E+01   -1.195306E-15 -4.722030E-16    1.749536E-03 -9.025048E-04
 -2.10000000E+03  0.00000000E+00  3.00000000E+01   -1.653762E-15  3.628769E-16    1.804454E-03 -8.554768E-04
 -2.00000000E+03  0.00000000E+00  3.00000000E+01   -7.323424E-16  4.002900E-16    1.859530E-03 -8.059863E-04
 -1.90000000E+03  0.00000000E+00  3.00000000E+01   -6.940776E-17 -1.426059E-16    1.915128E-03 -7.537063E-04
 -1.80000000E+03  0.00000000E+00  3.00000000E+01   -1.030046E-15  8.141986E-16    1.971808E-03 -6.981429E-04
 -1.70000000E+03  0.00000000E+00  3.00000000E+01   -1.404635E-15  1.368791E-15    2.030345E-03 -6.385686E-04
 -1.60000000E+03  0.00000000E+00  3.00000000E+01   -1.839633E-15  1.638955E-15    2.091842E-03 -5.739533E-04
 -1.50000000E+03  0.00000000E+00  3.00000000E+01   -2.493566E-15  1.969130E-16    2.157723E-03 -5.029266E-04
 -1.40000000E+03  0.00000000E+00  3.00000000E+01    4.730104E-16 -1.536712E-15    2.229935E-03 -4.236427E-04
 -1.30000000E+03  0.00000000E+00  3.00000000E+01    1.779280E-15 -2.338558E-15    2.310867E-03 -3.338970E-04
 -1.20000000E+03  0.00000000E+00  3.00000000E+01   -1.453731E-15 -1.041636E-15    2.403683E-03 -2.309132E-04
 -1.10000000E+03  0.00000000E+00  3.00000000E+01   -1.962968E-15 -6.325503E-16    2.512007E-03 -1.119508E-04
 -1.00000000E+03  0.00000000E+00  3.00000000E+01   -7.347823E-16 -1.295231E-15    2.640332E-03  2.589024E-05
 -9.00000000E+02  0.00000000E+00  3.00000000E+01   -8.433588E-17  1.396333E-16    2.792965E-03  1.836816E-04
 -8.00000000E+02  0.00000000E+00  3.00000000E+01   -9.950176E-17  5.622890E-16    2.973825E-03  3.605397E-04
 -7.00000000E+02  0.00000000E+00  3.00000000E+01   -2.379062E-16  5.566796E-16    3.182296E-03  5.482864E-04
 -6.00000000E+02  0.00000000E+00  3.00000000E+01    4.812314E-16  1.542828E-16    3.407790E-03  7.310779E-04
 -5.00000000E+02  0.00000000E+00  3.00000000E+01    7.771582E-16 -2.581783E-16    3.610103E-03  8.744380E-04
 -4.00000000E+02  0.00000000E+00  3.00000000E+01    1.110907E-15  1.742757E-16    3.679231E-03  9.332096E-04
 -3.00000000E+02  0.00000000E+00  3.00000000E+01    1.094336E-15  5.943009E-16    3.327357E-03  8.499857E-04
 -2.00000000E+02  0.00000000E+00  3.00000000E+01   -2.263143E-17  5.600703E-16    2.453879E-03  6.240299E-04
 -1.00000000E+02  0.00000000E+00  3.00000000E+01   -2.130702E-17  5.609161E-16    1.280299E-03  3.251701E-04
  0.00000000E+00  0.00000000E+00  3.00000000E+01    2.669757E-16  4.312248E-16   -1.283488E-05  4.797359E-07
  1.00000000E+02  0.00000000E+00  3.00000000E+01   -1.184516E-16 -5.662750E-16   -1.303542E-03 -3.242011E-04
  2.00000000E+02  0.00000000E+00  3.00000000E+01    1.732002E-17 -4.203325E-16   -2.471329E-03 -6.229674E-04
  3.00000000E+02  0.00000000E+00  3.00000000E+01    1.209205E-16  7.133017E-16   -3.338148E-03 -8.487308E-04
  4.00000000E+02  0.00000000E+00  3.00000000E+01   -6.936662E-17  1.480446E-16   -3.683944E-03 -9.317746E-04
  5.00000000E+02  0.00000000E+00  3.00000000E+01    1.156422E-16 -9.724996E-16   -3.610064E-03 -8.729492E-04
  6.00000000E+02  0.00000000E+00  3.00000000E+01   -3.063310E-17 -9.783015E-16   -3.404580E-03 -7.297099E-04
  7.00000000E+02  0.00000000E+00  3.00000000E+01   -1.171703E-15 -7.349116E-16   -3.177233E-03 -5.471635E-04
  8.00000000E+02  0.00000000E+00  3.00000000E+01   -8.290682E-16 -4.446570E-16   -2.967858E-03 -3.597207E-04
  9.00000000E+02  0.00000000E+00  3.00000000E+01   -9.701232E-16 -4.532607E-16   -2.786732E-03 -1.831776E-04
  1.00000000E+03  0.00000000E+00  3.00000000E+01   -1.896486E-15 -2.047224E-16   -2.634232E-03 -2.567878E-05
  1.10000000E+03  0.00000000E+00  3.00000000E+01   -2.128751E-15  3.511413E-16   -2.506274E-03  1.119082E-04
  1.20000000E+03  0.00000000E+00  3.00000000E+01   -1.423285E-15  3.747001E-16   -2.398438E-03  2.306631E-04
  1.30000000E+03  0.00000000E+00  3.00000000E+01   -1.837480E-15  7.671802E-17   -2.306159E-03  3.334854E-04
  1.40000000E+03  0.00000000E+00  3.00000000E+01   -1.376917E-15 -8.967483E-16   -2.225764E-03  4.231127E-04
  1.50000000E+03  0.00000000E+00  3.00000000E+01   -2.970020E-16 -1.423337E-15   -2.154067E-03  5.023153E-04
  1.60000000E+03  0.00000000E+00  3.00000000E+01   -2.430571E-16 -9.967489E-16   -2.088661E-03  5.732922E-04
  1.70000000E+03  0.00000000E+00  3.00000000E+01   -2.541082E-16 -7.140875E-16   -2.027594E-03  6.378829E-04
  1.80000000E+03  0.00000000E+00  3.00000000E+01   -2.638306E-16 -4.313329E-16   -1.969440E-03  6.974525E-04
  1.90000000E+03  0.00000000E+00  3.00000000E+01   -3.585527E-16  1.331432E-16   -1.913096E-03  7.530262E-04
  2.00000000E+03  0.00000000E+00  3.00000000E+01   -1.352772E-15  9.515774E-17   -1.857791E-03  8.053275E-04
  2.10000000E+03  0.00000000E+00  3.00000000E+01   -1.298613E-15  5.230513E-16   -1.802969E-03  8.548468E-04
  2.20000000E+03  0.00000000E+00  3.00000000E+01   -3.651116E-16  2.741017E-16   -1.748270E-03  9.019087E-04
  2.30000000E+03  0.00000000E+00  3.00000000E+01   -5.478997E-16 -4.436985E-16   -1.693481E-03  9.467025E-04
  2.40000000E+03  0.00000000E+00  3.00000000E+01   -1.517305E-15  6.564236E-16   -1.638503E-03  9.893384E-04
  2.50000000E+03  0.00000000E+00  3.00000000E+01   -2.131728E-15  1.769270E-15   -1.583334E-03  1.029863E-03
  2.60000000E+03  0.00000000E+00  3.00000000E+01   -1.565463E-15  1.792712E-15   -1.528033E-03  1.068294E-03
  2.70000000E+03  0.00000000E+00  3.00000000E+01   -1.019908E-15  2.384043E-15   -1.472725E-03  1.104634E-03
  2.80000000E+03  0.00000000E+00  3.00000000E+01   -1.354707E-15  1.800416E-15   -1.417567E-03  1.138881E-03
  2.90000000E+03  0.00000000E+00  3.00000000E+01   -1.536649E-15  9.379098E-16   -1.362749E-03  1.171046E-03
  3.00000000E+03  0.00000000E+00  3.00000000E+01   -8.936571E-16  9.628241E-16   -1.308479E-03  1.201150E-03
  3.10000000E+03  0.00000000E+00  3.00000000E+01   -1.073118E-15  1.000688E-16   -1.254975E-03  1.229239E-03
  3.20000000E+03  0.00000000E+00  3.00000000E+01   -3.560245E-16 -1.332866E-17   -1.202464E-03  1.255373E-03
  3.30000000E+03  0.00000000E+00  3.00000000E+01    9.446590E-16 -3.916658E-16   -1.151166E-03  1.279643E-03
  3.40000000E+03  0.00000000E+00  3.00000000E+01    8.611867E-16 -1.089323E-16   -1.101301E-03  1.302152E-03
  3.50000000E+03  0.00000000E+00  3.00000000E+01    3.547978E-16  1.271742E-17   -1.053072E-03  1.323033E-03
  3.60000000E+03  0.00000000E+00  3.00000000E+01   -3.226741E-16  8.446943E-16   -1.006682E-03  1.342430E-03
  3.70000000E+03  0.00000000E+00  3.00000000E+01    1.715691E-16  1.006327E-15   -9.623058E-04  1.360510E-03
  3.80000000E+03  0.00000000E+00  3.00000000E+01    7.436925E-16  1.030034E-15   -9.201179E-04  1.377448E-03
  3.90000000E+03  0.00000000E+00  3.00000000E+01    1.818784E-16  7.221609E-16   -8.802611E-04  1.393438E-03
  4.00000000E+03  0.00000000E+00  3.00000000E+01   -3.081861E-16  4.187080E-16   -8.428803E-04  1.408677E-03
  4.10000000E+03  0.00000000E+00  3.00000000E+01   -3.020973E-16  2.764208E-16   -8.080863E-04  1.423373E-03
  4.20000000E+03  0.00000000E+00  3.00000000E+01   -2.475786E-16  7.109607E-16   -7.759960E-04  1.437738E-03
  4.30000000E+03  0.00000000E+00  3.00000000E+01    8.941369E-17 -5.645219E-16   -7.466918E-04  1.451985E-03
  4.40000000E+03  0.00000000E+00  3.00000000E+01    2.506332E-16 -9.868885E-16   -7.202669E-04  1.466334E-03
  4.50000000E+03  0.00000000E+00  3.00000000E+01   -2.184066E-16 -2.722253E-18   -6.967828E-04  1.480995E-03
  4.60000000E+03  0.00000000E+00  3.00000000E+01   -8.688252E-16  1.159960E-16   -6.763163E-04  1.496187E-03
  4.70000000E+03  0.00000000E+00  3.00000000E+01   -1.793594E-15 -6.313002E-17   -6.589159E-04  1.512116E-03
  4.80000000E+03  0.00000000E+00  3.00000000E+01   -2.464812E-15 -1.234040E-15   -6.446505E-04  1.528994E-03
  4.90000000E+03  0.00000000E+00  3.00000000E+01   -1.985562E-15 -6.404536E-16   -6.335655E-04  1.547015E-03
  5.00000000E+03  0.00000000E+00  3.00000000E+01   -1.269627E-15 -6.123390E-16   -6.257316E-04  1.566384E-03
  5.10000000E+03  0.00000000E+00  3.00000000E+01   -7.316992E-16 -1.596837E-15   -6.212015E-04  1.587282E-03
  5.20000000E+03  0.00000000E+00  3.00000000E+01    1.871282E-16 -1.273956E-15   -6.200581E-04  1.609904E-03
  5.30000000E+03  0.00000000E+00  3.00000000E+01   -5.627174E-16 -4.418209E-16   -6.223717E-04  1.634414E-03
  5.40000000E+03  0.00000000E+00  3.00000000E+01   -1.053682E-15 -7.492350E-16   -6.282481E-04  1.660994E-03
  5.50000000E+03  0.00000000E+00  3.00000000E+01   -1.658333E-16 -1.431382E-15   -6.377860E-04  1.689793E-03
  5.60000000E+03  0.00000000E+00  3.00000000E+01   -6.946117E-16 -7.333690E-16   -6.511256E-04  1.720980E-03
  5.70000000E+03  0.00000000E+00  3.00000000E+01   -2.372943E-15  6.175504E-17   -6.684042E-04  1.754683E-03
  5.80000000E+03  0.00000000E+00  3.00000000E+01   -2.285307E-15 -3.637407E-16   -6.898074E-04  1.791054E-03
  5.90000000E+03  0.00000000E+00  3.00000000E+01   -1.293634E-15 -4.080154E-17   -7.155224E-04  1.830201E-03
  6.00000000E+03  0.00000000E+00  3.00000000E+01   -9.577465E-16  5.445606E-16   -7.457922E-04  1.872257E-03
  6.10000000E+03  0.00000000E+00  3.00000000E+01   -1.414781E-15 -6.209047E-16   -7.808641E-04  1.917304E-03
  6.20000000E+03  0.00000000E+00  3.00000000E+01   -1.046789E-15 -8.926308E-16   -8.210500E-04  1.965449E-03
  6.30000000E+03  0.00000000E+00  3.00000000E+01   -4.620757E-18  7.901181E-18   -8.666685E-04  2.016744E-03
  6.40000000E+03  0.00000000E+00  3.00000000E+01   -5.510482E-17 -5.675260E-16   -9.181129E-04  2.071262E-03
  6.50000000E+03  0.00000000E+00  3.00000000E+01   -1.386434E-17 -1.713500E-15   -9.757829E-04  2.129014E-03
  6.60000000E+03  0.00000000E+00  3.00000000E+01    1.109216E-16 -1.135211E-15   -1.040165E-03  2.190030E-03
  6.70000000E+03  0.00000000E+00  3.00000000E+01    9.576322E-16 -8.157964E-16   -1.111751E-03  2.254269E-03
  6.80000000E+03  0.00000000E+00  3.00000000E+01    1.541408E-15 -1.079877E-15   -1.191135E-03  2.321701E-03
  6.90000000E+03  0.00000000E+00  3.00000000E+01    1.013644E-15 -3.847318E-16   -1.278908E-03  2.392217E-03
  7.00000000E+03  0.00000000E+00  3.00000000E+01    1.832967E-16  8.737712E-16   -1.375781E-03  2.465708E-03
  7.10000000E+03  0.00000000E+00  3.00000000E+01   -4.721123E-16  1.133859E-15   -1.482460E-03  2.541974E-03
  7.20000000E+03  0.00000000E+00  3.00000000E+01   -1.245608E-15  6.761955E-16   -1.599781E-03  2.620805E-03
  7.30000000E+03  0.00000000E+00  3.00000000E+01   -2.036711E-15  7.947958E-16   -1.728569E-03  2.701885E-03
  7.40000000E+03  0.00000000E+00  3.00000000E+01   -9.582043E-16  6.923844E-16   -1.869797E-03  2.784866E-03
  7.50000000E+03  0.00000000E+00  3.00000000E+01    6.936900E-16  4.651165E-16   -2.024415E-03  2.869288E-03
  7.60000000E+03  0.00000000E+00  3.00000000E+01    6.825217E-16  8.930277E-16   -2.193542E-03  2.954631E-03
  7.70000000E+03  0.00000000E+00  3.00000000E+01    6.801435E-16  8.949794E-16   -2.378257E-03  3.040248E-03
  7.80000000E+03  0.00000000E+00  3.00000000E+01    1.108887E-15  7.691554E-16   -2.579823E-03  3.125400E-03
  7.90000000E+03  0.00000000E+00  3.00000000E+01    9.648902E-16  6.189934E-16   -2.799453E-03  3.209216E-03
  8.00000000E+03  0.00000000E+00  3.00000000E+01   -5.992334E-16  4.192945E-16   -3.038560E-03  3.290686E-03
  8.10000000E+03  0.00000000E+00  3.00000000E+01   -1.097133E-15  3.997321E-16   -3.298483E-03  3.368660E-03
  8.20000000E+03  0.00000000E+00  3.00000000E+01   -3.668877E-16 -2.044730E-18   -3.580780E-03  3.441800E-03
  8.30000000E+03  0.00000000E+00  3.00000000E+01   -1.478096E-16  6.208238E-18   -3.886924E-03  3.508626E-03
  8.40000000E+03  0.00000000E+00  3.00000000E+01   -8.797943E-16  4.145127E-16   -4.218618E-03  3.567407E-03
  8.50000000E+03  0.00000000E+00  3.00000000E+01    5.336709E-16  6.134892E-16   -4.577468E-03  3.616271E-03
  8.60000000E+03  0.00000000E+00  3.00000000E+01    1.276335E-15  1.497666E-15   -4.965324E-03  3.653027E-03
  8.70000000E+03  0.00000000E+00  3.00000000E+01   -7.692283E-16  1.116103E-15   -5.383959E-03  3.675350E-03
  8.80000000E+03  0.00000000E+00  3.00000000E+01   -4.557826E-16  2.794204E-16   -5.835403E-03  3.680510E-03
  8.90000000E+03  0.00000000E+00  3.00000000E+01    4.887906E-16 -1.124033E-16   -6.321668E-03  3.665662E-03
  9.00000000E+03  0.00000000E+00  3.00000000E+01   -6.039393E-19 -1.337777E-16   -6.845064E-03  3.627449E-03
  9.10000000E+03  0.00000000E+00  3.00000000E+01    8.523570E-16 -2.490835E-16   -7.408052E-03  3.562408E-03
  9.20000000E+03  0.00000000E+00  3.00000000E+01    1.591903E-15 -9.358538E-16   -8.013502E-03  3.466428E-03
  9.30000000E+03  0.00000000E+00  3.00000000E+01    1.465166E-15 -1.237876E-15   -8.664836E-03  3.335246E-03
  9.40000000E+03  0.00000000E+00  3.00000000E+01    1.951605E-15 -4.982443E-16   -9.366202E-03  3.163724E-03
  9.50000000E+03  0.00000000E+00  3.00000000E+01    1.807286E-15 -4.992564E-16   -1.012329E-02  2.946334E-03
  9.60000000E+03  0.00000000E+00  3.00000000E+01    9.555316E-16 -3.937374E-16   -1.094351E-02  2.676142E-03
  9.70000000E+03  0.00000000E+00  3.00000000E+01    2.247956E-16  1.463461E-16   -1.183831E-02  2.344912E-03
  9.80000000E+03  0.00000000E+00  3.00000000E+01    6.711633E-16 -2.646223E-16   -1.282410E-02  1.941370E-03
  9.90000000E+03  0.00000000E+00  3.00000000E+01    6.901569E-16 -8.301129E-16   -1.392883E-02  1.449486E-03
  1.00000000E+04  0.00000000E+00  3.00000000E+01   -3.078370E-16 -1.628338E-16   -1.519719E-02  8.438662E-04
  1.05000000E+04  0.00000000E+00  3.00000000E+01   -3.007918E-16  5.852934E-16   -3.172503E-02 -8.256946E-03
 
