 -1.05000000E+04  0.00000000E+00  3.00000000E+01    3.361027E-18 -7.372575E-18   -9.415192E-05 -3.075743E-03   -1.301043E-18 -3.035766E-18
 -1.00000000E+04  0.00000000E+00  3.00000000E+01    4.336809E-19 -4.445229E-18   -1.017246E-04 -3.060809E-03   -1.301043E-18 -3.035766E-18
 -9.90000000E+03  0.00000000E+00  3.00000000E+01   -2.168404E-18 -4.445229E-18   -1.027254E-04 -3.058487E-03   -4.336809E-18 -2.385245E-18
 -9.80000000E+03  0.00000000E+00  3.00000000E+01    1.192622E-18 -6.938894E-18   -1.036107E-04 -3.056308E-03   -8.239937E-18 -1.084202E-18
 -9.70000000E+03  0.00000000E+00  3.00000000E+01    1.301043E-18 -7.372575E-18   -1.043951E-04 -3.054260E-03   -4.336809E-18 -2.602085E-18
 -9.60000000E+03  0.00000000E+00  3.00000000E+01   -1.626303E-18 -9.432559E-18   -1.050910E-04 -3.052330E-03   -4.336809E-18 -6.505213E-19
 -9.50000000E+03  0.00000000E+00  3.00000000E+01    7.589415E-19 -1.170938E-17   -1.057093E-04 -3.050510E-03    1.301043E-18  2.818926E-18
 -9.40000000E+03  0.00000000E+00  3.00000000E+01    1.301043E-18 -1.192622E-17   -1.062593E-04 -3.048792E-03    4.336809E-18  3.686287E-18
 -9.30000000E+03  0.00000000E+00  3.00000000E+01   -4.336809E-18 -1.517883E-17   -1.067494E-04 -3.047168E-03    0.000000E+00 -8.673617E-19
 -9.20000000E+03  0.00000000E+00  3.00000000E+01    2.276825E-18 -1.376937E-17   -1.071867E-04 -3.045634E-03   -3.035766E-18 -2.818926E-18
 -9.10000000E+03  0.00000000E+00  3.00000000E+01    1.409463E-18 -1.279359E-17   -1.075779E-04 -3.044183E-03   -2.602085E-18 -2.168404E-18
 -9.00000000E+03  0.00000000E+00  3.00000000E+01    1.734723E-18 -8.673617E-18   -1.079285E-04 -3.042811E-03   -3.469447E-18 -3.469447E-18
 -8.90000000E+03  0.00000000E+00  3.00000000E+01    8.673617E-19 -4.228388E-18   -1.082438E-04 -3.041513E-03   -3.903128E-18 -3.903128E-18
 -8.80000000E+03  0.00000000E+00  3.00000000E+01   -2.493665E-18 -4.228388E-18   -1.085284E-04 -3.040286E-03   -4.336809E-19  2.168404E-19
 -8.70000000E+03  0.00000000E+00  3.00000000E+01   -4.011548E-18 -4.987330E-18   -1.087864E-04 -3.039126E-03   -3.469447E-18  1.301043E-18
 -8.60000000E+03  0.00000000E+00  3.00000000E+01   -8.673617E-19 -4.336809E-18   -1.090214E-04 -3.038029E-03   -5.637851E-18 -2.818926E-18
 -8.50000000E+03  0.00000000E+00  3.00000000E+01    2.059984E-18 -4.878910E-18   -1.092369E-04 -3.036992E-03   -3.035766E-18 -3.252607E-18
 -8.40000000E+03  0.00000000E+00  3.00000000E+01   -7.589415E-19 -1.029992E-17   -1.094359E-04 -3.036012E-03   -1.301043E-18 -2.385245E-18
 -8.30000000E+03  0.00000000E+00  3.00000000E+01   -1.626303E-18 -7.480995E-18   -1.096210E-04 -3.035087E-03   -2.602085E-18 -8.673617E-19
 -8.20000000E+03  0.00000000E+00  3.00000000E+01    1.626303E-18 -5.095750E-18   -1.097947E-04 -3.034213E-03   -1.301043E-18  1.517883E-18
 -8.10000000E+03  0.00000000E+00  3.00000000E+01    1.301043E-18 -5.529431E-18   -1.099592E-04 -3.033389E-03   -1.734723E-18  3.469447E-18
 -8.00000000E+03  0.00000000E+00  3.00000000E+01    1.626303E-18 -3.361027E-18   -1.101166E-04 -3.032613E-03   -4.770490E-18  1.301043E-18
 -7.90000000E+03  0.00000000E+00  3.00000000E+01    4.011548E-18 -2.818926E-18   -1.102686E-04 -3.031881E-03   -6.071532E-18 -1.734723E-18
 -7.80000000E+03  0.00000000E+00  3.00000000E+01    4.987330E-18 -3.577867E-18   -1.104169E-04 -3.031193E-03   -5.637851E-18  0.000000E+00
 -7.70000000E+03  0.00000000E+00  3.00000000E+01    4.770490E-18  8.673617E-19   -1.105630E-04 -3.030547E-03   -8.673617E-18  1.517883E-18
 -7.60000000E+03  0.00000000E+00  3.00000000E+01    3.469447E-18  1.084202E-19   -1.107081E-04 -3.029941E-03   -6.071532E-18 -6.505213E-19
 -7.50000000E+03  0.00000000E+00  3.00000000E+01    2.818926E-18 -4.011548E-18   -1.108536E-04 -3.029373E-03   -1.734723E-18 -3.035766E-18
 -7.40000000E+03  0.00000000E+00  3.00000000E+01    2.385245E-18 -4.336809E-18   -1.110005E-04 -3.028843E-03   -1.734723E-18 -2.602085E-18
 -7.30000000E+03  0.00000000E+00  3.00000000E+01    1.734723E-18 -5.095750E-18   -1.111498E-04 -3.028349E-03   -1.301043E-18 -2.168404E-18
 -7.20000000E+03  0.00000000E+00  3.00000000E+01   -8.673617E-19 -2.710505E-18   -1.113024E-04 -3.027889E-03   -2.168404E-18 -6.505213E-19
 -7.10000000E+03  0.00000000E+00  3.00000000E+01    2.385245E-18 -2.602085E-18   -1.114590E-04 -3.027464E-03   -1.301043E-18  1.301043E-18
 -7.00000000E+03  0.00000000E+00  3.00000000E+01    1.843144E-18 -1.626303E-18   -1.116205E-04 -3.027071E-03    2.168404E-18  0.000000E+00
 -6.90000000E+03  0.00000000E+00  3.00000000E+01    2.710505E-18 -1.734723E-18   -1.117873E-04 -3.026711E-03    2.602085E-18  6.505213E-19
 -6.80000000E+03  0.00000000E+00  3.00000000E+01    1.951564E-18 -3.144186E-18   -1.119601E-04 -3.026382E-03    2.602085E-18  1.734723E-18
 -6.70000000E+03  0.00000000E+00  3.00000000E+01    2.385245E-18 -7.480995E-18   -1.121394E-04 -3.026085E-03    2.168404E-18  2.818926E-18
 -6.60000000E+03  0.00000000E+00  3.00000000E+01    2.493665E-18 -1.279359E-17   -1.123255E-04 -3.025817E-03   -4.336809E-19  5.637851E-18
 -6.50000000E+03  0.00000000E+00  3.00000000E+01    5.204170E-18 -1.246832E-17   -1.125188E-04 -3.025580E-03   -4.336809E-19  4.987330E-18
 -6.40000000E+03  0.00000000E+00  3.00000000E+01    2.602085E-18 -1.127570E-17   -1.127196E-04 -3.025373E-03    5.204170E-18  3.469447E-18
 -6.30000000E+03  0.00000000E+00  3.00000000E+01   -7.589415E-19 -1.290201E-17   -1.129280E-04 -3.025195E-03    6.071532E-18  2.602085E-18
 -6.20000000E+03  0.00000000E+00  3.00000000E+01   -3.469447E-18 -1.127570E-17   -1.131442E-04 -3.025047E-03    5.637851E-18  3.903128E-18
 -6.10000000E+03  0.00000000E+00  3.00000000E+01   -3.361027E-18 -1.062518E-17   -1.133683E-04 -3.024928E-03    6.071532E-18  5.637851E-18
 -6.00000000E+03  0.00000000E+00  3.00000000E+01   -3.577867E-18 -1.214306E-17   -1.136004E-04 -3.024838E-03    6.071532E-18  5.421011E-18
 -5.90000000E+03  0.00000000E+00  3.00000000E+01   -5.908902E-18 -1.268517E-17   -1.138402E-04 -3.024778E-03    4.336809E-19  3.903128E-18
 -5.80000000E+03  0.00000000E+00  3.00000000E+01   -4.824700E-18 -1.105886E-17   -1.140878E-04 -3.024747E-03   -1.301043E-18  2.168404E-18
 -5.70000000E+03  0.00000000E+00  3.00000000E+01   -3.577867E-18 -1.127570E-17   -1.143429E-04 -3.024746E-03    1.301043E-18  3.686287E-18
 -5.60000000E+03  0.00000000E+00  3.00000000E+01   -3.415237E-18 -9.866240E-18   -1.146052E-04 -3.024776E-03    1.301043E-18  4.770490E-18
 -5.50000000E+03  0.00000000E+00  3.00000000E+01   -4.065758E-18 -6.505213E-18   -1.148744E-04 -3.024836E-03    4.336809E-19  4.987330E-18
 -5.40000000E+03  0.00000000E+00  3.00000000E+01   -3.632077E-18 -6.722053E-18   -1.151500E-04 -3.024928E-03    4.336809E-19  6.071532E-18
 -5.30000000E+03  0.00000000E+00  3.00000000E+01   -4.878910E-18 -8.565197E-18   -1.154316E-04 -3.025051E-03    2.168404E-18  4.770490E-18
 -5.20000000E+03  0.00000000E+00  3.00000000E+01   -3.794708E-18 -8.998878E-18   -1.157184E-04 -3.025206E-03    1.301043E-18  2.168404E-18
 -5.10000000E+03  0.00000000E+00  3.00000000E+01   -1.192622E-18 -9.920450E-18   -1.160099E-04 -3.025394E-03    8.673617E-19 -2.168404E-19
 -5.00000000E+03  0.00000000E+00  3.00000000E+01   -1.734723E-18 -7.697835E-18   -1.163052E-04 -3.025616E-03    8.673617E-19  0.000000E+00
 -4.90000000E+03  0.00000000E+00  3.00000000E+01   -2.114194E-18 -9.920450E-18   -1.166034E-04 -3.025873E-03    8.673617E-19  3.903128E-18
 -4.80000000E+03  0.00000000E+00  3.00000000E+01   -9.215718E-19 -1.355253E-17   -1.169035E-04 -3.026165E-03    0.000000E+00  3.469447E-18
 -4.70000000E+03  0.00000000E+00  3.00000000E+01   -2.493665E-18 -9.540979E-18   -1.172045E-04 -3.026493E-03    1.301043E-18  2.602085E-18
 -4.60000000E+03  0.00000000E+00  3.00000000E+01   -2.331035E-18 -7.752046E-18   -1.175050E-04 -3.026858E-03    3.903128E-18  2.602085E-18
 -4.50000000E+03  0.00000000E+00  3.00000000E+01   -5.963112E-18 -1.127570E-17   -1.178038E-04 -3.027262E-03    5.204170E-18  1.951564E-18
 -4.40000000E+03  0.00000000E+00  3.00000000E+01   -2.276825E-18 -7.155734E-18   -1.180993E-04 -3.027705E-03    2.168404E-18  1.517883E-18
 -4.30000000E+03  0.00000000E+00  3.00000000E+01   -1.572093E-18 -6.613633E-18   -1.183901E-04 -3.028189E-03   -8.673617E-19  2.168404E-19
 -4.20000000E+03  0.00000000E+00  3.00000000E+01   -2.005774E-18 -6.017322E-18   -1.186744E-04 -3.028714E-03   -8.673617E-19 -2.385245E-18
 -4.10000000E+03  0.00000000E+00  3.00000000E+01   -3.632077E-18 -4.824700E-18   -1.189505E-04 -3.029282E-03   -8.673617E-19 -3.252607E-18
 -4.00000000E+03  0.00000000E+00  3.00000000E+01   -5.312591E-18 -4.607859E-18   -1.192162E-04 -3.029894E-03   -2.168404E-18 -3.903128E-18
 -3.90000000E+03  0.00000000E+00  3.00000000E+01   -4.282599E-18 -2.059984E-18   -1.194697E-04 -3.030551E-03   -2.602085E-18 -2.818926E-18
 -3.80000000E+03  0.00000000E+00  3.00000000E+01   -3.523657E-18 -5.963112E-18   -1.197087E-04 -3.031254E-03   -1.734723E-18 -2.385245E-18
 -3.70000000E+03  0.00000000E+00  3.00000000E+01   -4.499439E-18 -1.409463E-17   -1.199309E-04 -3.032005E-03   -3.035766E-18 -3.469447E-18
 -3.60000000E+03  0.00000000E+00  3.00000000E+01   -2.710505E-19 -1.235990E-17   -1.201339E-04 -3.032805E-03   -3.469447E-18 -3.686287E-18
 -3.50000000E+03  0.00000000E+00  3.00000000E+01   -2.114194E-18 -1.160096E-17   -1.203151E-04 -3.033655E-03   -2.168404E-18 -3.035766E-18
 -3.40000000E+03  0.00000000E+00  3.00000000E+01   -1.192622E-18 -1.002887E-17   -1.204718E-04 -3.034555E-03   -3.469447E-18 -3.035766E-18
 -3.30000000E+03  0.00000000E+00  3.00000000E+01   -4.336809E-19 -1.084202E-17   -1.206014E-04 -3.035508E-03    0.000000E+00 -1.734723E-18
 -3.20000000E+03  0.00000000E+00  3.00000000E+01   -2.168404E-19 -1.116728E-17   -1.207010E-04 -3.036513E-03    2.168404E-18  6.505213E-19
 -3.10000000E+03  0.00000000E+00  3.00000000E+01   -5.421011E-20 -1.116728E-17   -1.207676E-04 -3.037572E-03    1.734723E-18  1.734723E-18
 -3.00000000E+03  0.00000000E+00  3.00000000E+01    2.439455E-19 -1.284780E-17   -1.207983E-04 -3.038686E-03    1.301043E-18  8.673617E-19
 -2.90000000E+03  0.00000000E+00  3.00000000E+01    4.336809E-19 -1.555830E-17   -1.207900E-04 -3.039854E-03   -5.204170E-18 -3.035766E-18
 -2.80000000E+03  0.00000000E+00  3.00000000E+01    1.653408E-18 -1.631724E-17   -1.207396E-04 -3.041077E-03   -6.505213E-18 -3.903128E-18
 -2.70000000E+03  0.00000000E+00  3.00000000E+01    5.204170E-18 -1.401331E-17   -1.206440E-04 -3.042356E-03   -4.770490E-18 -1.301043E-18
 -2.60000000E+03  0.00000000E+00  3.00000000E+01    4.282599E-18 -1.303753E-17   -1.205001E-04 -3.043690E-03   -3.469447E-18  8.673617E-19
 -2.50000000E+03  0.00000000E+00  3.00000000E+01    3.794708E-18 -1.029992E-17   -1.203048E-04 -3.045079E-03   -2.168404E-18  1.517883E-18
 -2.40000000E+03  0.00000000E+00  3.00000000E+01    3.388132E-18 -8.212831E-18   -1.200551E-04 -3.046523E-03    4.336809E-19  4.336809E-19
 -2.30000000E+03  0.00000000E+00  3.00000000E+01    1.084202E-18 -6.559423E-18   -1.197481E-04 -3.048019E-03    4.336809E-19  1.734723E-18
 -2.20000000E+03  0.00000000E+00  3.00000000E+01    1.870249E-18 -7.752046E-18   -1.193811E-04 -3.049568E-03   -1.301043E-18  3.686287E-18
 -2.10000000E+03  0.00000000E+00  3.00000000E+01    2.005774E-18 -7.589415E-18   -1.189517E-04 -3.051167E-03    1.301043E-18  4.987330E-18
 -2.00000000E+03  0.00000000E+00  3.00000000E+01    4.065758E-19 -1.051676E-17   -1.184579E-04 -3.052815E-03    1.301043E-18  2.168404E-18
 -1.90000000E+03  0.00000000E+00  3.00000000E+01   -7.047314E-19 -6.532318E-18   -1.178980E-04 -3.054508E-03   -4.336809E-19  2.168404E-19
 -1.80000000E+03  0.00000000E+00  3.00000000E+01   -5.149960E-19 -8.714275E-18   -1.172712E-04 -3.056244E-03    2.602085E-18  3.035766E-18
 -1.70000000E+03  0.00000000E+00  3.00000000E+01   -3.469447E-18 -8.904010E-18   -1.165776E-04 -3.058019E-03    4.336809E-18  4.119968E-18
 -1.60000000E+03  0.00000000E+00  3.00000000E+01   -8.375462E-18 -1.096399E-17   -1.158184E-04 -3.059828E-03    5.204170E-18  5.421011E-18
 -1.50000000E+03  0.00000000E+00  3.00000000E+01   -7.494548E-18 -1.212951E-17   -1.149966E-04 -3.061664E-03    8.673617E-19  7.589415E-18
 -1.40000000E+03  0.00000000E+00  3.00000000E+01   -1.544988E-18 -1.254964E-17   -1.141169E-04 -3.063520E-03   -4.770490E-18 -1.301043E-18
 -1.30000000E+03  0.00000000E+00  3.00000000E+01   -2.032879E-19 -6.383240E-18   -1.131864E-04 -3.065386E-03   -7.372575E-18 -5.204170E-18
 -1.20000000E+03  0.00000000E+00  3.00000000E+01   -7.453890E-19 -9.303810E-18   -1.122151E-04 -3.067248E-03   -3.035766E-18  4.553649E-18
 -1.10000000E+03  0.00000000E+00  3.00000000E+01   -4.228388E-18 -9.479993E-18   -1.112158E-04 -3.069089E-03   -1.734723E-18  6.071532E-18
 -1.00000000E+03  0.00000000E+00  3.00000000E+01   -2.547875E-18 -5.251604E-18   -1.102046E-04 -3.070891E-03   -3.903128E-18  2.385245E-18
 -9.00000000E+02  0.00000000E+00  3.00000000E+01   -2.263272E-18 -9.534203E-18   -1.092005E-04 -3.072629E-03    4.336809E-19  2.168404E-19
 -8.00000000E+02  0.00000000E+00  3.00000000E+01   -2.683400E-18 -9.158120E-18   -1.082247E-04 -3.074279E-03    1.734723E-18  2.168404E-19
 -7.00000000E+02  0.00000000E+00  3.00000000E+01   -2.059984E-18 -6.401875E-18   -1.072995E-04 -3.075812E-03    1.734723E-18  6.505213E-19
 -6.00000000E+02  0.00000000E+00  3.00000000E+01    1.605974E-18 -6.393405E-18   -1.064470E-04 -3.077203E-03    4.336809E-19 -1.517883E-18
 -5.00000000E+02  0.00000000E+00  3.00000000E+01    1.226504E-18 -5.866550E-18   -1.056880E-04 -3.078427E-03   -8.673617E-19 -2.385245E-18
 -4.00000000E+02  0.00000000E+00  3.00000000E+01    1.544988E-18 -8.585526E-18   -1.050412E-04 -3.079462E-03    4.336809E-19 -3.469447E-18
 -3.00000000E+02  0.00000000E+00  3.00000000E+01    2.588533E-18 -1.161960E-17   -1.045223E-04 -3.080286E-03    1.734723E-18 -3.469447E-18
 -2.00000000E+02  0.00000000E+00  3.00000000E+01    1.514495E-18 -5.029682E-18   -1.041435E-04 -3.080884E-03    1.734723E-18  0.000000E+00
 -1.00000000E+02  0.00000000E+00  3.00000000E+01    1.700842E-18 -6.185035E-18   -1.039131E-04 -3.081246E-03    1.734723E-18  0.000000E+00
  0.00000000E+00  0.00000000E+00  3.00000000E+01    4.560743E-20 -5.074627E-18   -1.038359E-04 -3.081368E-03    1.301043E-18 -8.673617E-19
  1.00000000E+02  0.00000000E+00  3.00000000E+01   -1.829591E-19 -7.517417E-18   -1.039135E-04 -3.081248E-03   -1.734723E-18  4.336809E-19
  2.00000000E+02  0.00000000E+00  3.00000000E+01    6.945670E-19 -4.053900E-18   -1.041442E-04 -3.080887E-03   -1.301043E-18  0.000000E+00
  3.00000000E+02  0.00000000E+00  3.00000000E+01    3.584643E-18 -4.909403E-18   -1.045234E-04 -3.080290E-03    2.168404E-18 -4.336809E-19
  4.00000000E+02  0.00000000E+00  3.00000000E+01    6.315478E-18 -6.694948E-18   -1.050426E-04 -3.079467E-03    4.336809E-19  2.168404E-19
  5.00000000E+02  0.00000000E+00  3.00000000E+01    5.488773E-18 -1.140276E-17   -1.056896E-04 -3.078433E-03   -3.035766E-18 -2.168404E-19
  6.00000000E+02  0.00000000E+00  3.00000000E+01    6.918565E-18 -6.898236E-18   -1.064487E-04 -3.077209E-03   -3.035766E-18  2.168404E-19
  7.00000000E+02  0.00000000E+00  3.00000000E+01    1.011019E-17 -2.837560E-18   -1.073013E-04 -3.075818E-03   -2.168404E-18  3.686287E-18
  8.00000000E+02  0.00000000E+00  3.00000000E+01    7.684283E-18 -2.673236E-18   -1.082266E-04 -3.074285E-03   -1.301043E-18  2.602085E-18
  9.00000000E+02  0.00000000E+00  3.00000000E+01    4.973777E-18 -2.276825E-18   -1.092025E-04 -3.072635E-03   -1.301043E-18  3.035766E-18
  1.00000000E+03  0.00000000E+00  3.00000000E+01    5.285486E-18 -3.171291E-18   -1.102065E-04 -3.070897E-03   -4.336809E-19  5.854692E-18
  1.10000000E+03  0.00000000E+00  3.00000000E+01    5.529431E-18 -4.113192E-18   -1.112177E-04 -3.069095E-03    1.301043E-18  6.505213E-18
  1.20000000E+03  0.00000000E+00  3.00000000E+01    3.821813E-18 -5.170289E-18   -1.122169E-04 -3.067253E-03    1.301043E-18  4.336809E-18
  1.30000000E+03  0.00000000E+00  3.00000000E+01    4.878910E-18 -5.339696E-18   -1.131882E-04 -3.065391E-03    4.336809E-19  5.637851E-18
  1.40000000E+03  0.00000000E+00  3.00000000E+01    6.545871E-18 -6.057980E-18   -1.141186E-04 -3.063525E-03   -2.602085E-18  4.336809E-18
  1.50000000E+03  0.00000000E+00  3.00000000E+01    6.952446E-18 -3.577867E-18   -1.149982E-04 -3.061668E-03   -4.336809E-18  1.084202E-18
  1.60000000E+03  0.00000000E+00  3.00000000E+01    7.250602E-18 -1.938011E-18   -1.158199E-04 -3.059832E-03   -3.035766E-18  8.673617E-19
  1.70000000E+03  0.00000000E+00  3.00000000E+01    7.426785E-18 -1.138412E-18   -1.165789E-04 -3.058022E-03   -2.168404E-18  8.673617E-19
  1.80000000E+03  0.00000000E+00  3.00000000E+01    7.860466E-18 -2.520770E-18   -1.172724E-04 -3.056247E-03   -1.301043E-18  8.673617E-19
  1.90000000E+03  0.00000000E+00  3.00000000E+01    7.752046E-18  5.963112E-19   -1.178991E-04 -3.054511E-03    4.336809E-19  1.084202E-18
  2.00000000E+03  0.00000000E+00  3.00000000E+01    8.023096E-18  2.683400E-18   -1.184590E-04 -3.052817E-03    4.336809E-19  4.119968E-18
  2.10000000E+03  0.00000000E+00  3.00000000E+01    7.752046E-18  1.978669E-18   -1.189528E-04 -3.051169E-03    1.734723E-18  3.903128E-18
  2.20000000E+03  0.00000000E+00  3.00000000E+01    6.288373E-18  1.246832E-18   -1.193821E-04 -3.049570E-03    8.673617E-19  1.084202E-18
  2.30000000E+03  0.00000000E+00  3.00000000E+01    9.324139E-18 -1.626303E-18   -1.197490E-04 -3.048021E-03   -1.301043E-18  1.734723E-18
  2.40000000E+03  0.00000000E+00  3.00000000E+01    8.754933E-18 -7.860466E-19   -1.200559E-04 -3.046524E-03    2.168404E-18  4.553649E-18
  2.50000000E+03  0.00000000E+00  3.00000000E+01    5.610746E-18 -2.629190E-18   -1.203055E-04 -3.045081E-03    5.637851E-18  6.288373E-18
  2.60000000E+03  0.00000000E+00  3.00000000E+01    4.689174E-18  8.131516E-20   -1.205008E-04 -3.043692E-03    5.637851E-18  4.553649E-18
  2.70000000E+03  0.00000000E+00  3.00000000E+01    2.737610E-18 -4.065758E-19   -1.206446E-04 -3.042357E-03    7.372575E-18  2.818926E-18
  2.80000000E+03  0.00000000E+00  3.00000000E+01    6.505213E-19  0.000000E+00   -1.207402E-04 -3.041078E-03    5.637851E-18  3.903128E-18
  2.90000000E+03  0.00000000E+00  3.00000000E+01   -1.138412E-18  2.141299E-18   -1.207905E-04 -3.039855E-03    3.035766E-18  4.553649E-18
  3.00000000E+03  0.00000000E+00  3.00000000E+01    2.168404E-19 -1.978669E-18   -1.207988E-04 -3.038686E-03    3.035766E-18  2.602085E-18
  3.10000000E+03  0.00000000E+00  3.00000000E+01    1.951564E-18 -2.087089E-18   -1.207681E-04 -3.037573E-03    4.336809E-19  3.252607E-18
  3.20000000E+03  0.00000000E+00  3.00000000E+01    1.626303E-18  4.336809E-19   -1.207014E-04 -3.036514E-03    0.000000E+00  1.084202E-18
  3.30000000E+03  0.00000000E+00  3.00000000E+01   -1.084202E-19 -1.301043E-18   -1.206018E-04 -3.035508E-03   -1.301043E-18 -2.818926E-18
  3.40000000E+03  0.00000000E+00  3.00000000E+01   -1.084202E-18  4.336809E-19   -1.204722E-04 -3.034556E-03   -4.336809E-19 -2.602085E-18
  3.50000000E+03  0.00000000E+00  3.00000000E+01   -4.445229E-18  4.336809E-19   -1.203154E-04 -3.033655E-03    0.000000E+00 -1.084202E-18
  3.60000000E+03  0.00000000E+00  3.00000000E+01   -5.204170E-18  2.764716E-18   -1.201342E-04 -3.032806E-03    2.602085E-18  8.673617E-19
  3.70000000E+03  0.00000000E+00  3.00000000E+01   -6.505213E-18  8.131516E-19   -1.199312E-04 -3.032006E-03    3.035766E-18 -6.505213E-19
  3.80000000E+03  0.00000000E+00  3.00000000E+01   -4.662069E-18  1.301043E-18   -1.197090E-04 -3.031255E-03    3.035766E-18 -2.385245E-18
  3.90000000E+03  0.00000000E+00  3.00000000E+01   -7.209944E-18  3.415237E-18   -1.194700E-04 -3.030551E-03    2.168404E-18 -6.505213E-19
  4.00000000E+03  0.00000000E+00  3.00000000E+01   -7.264155E-18  7.426785E-18   -1.192165E-04 -3.029894E-03    1.301043E-18  8.673617E-19
  4.10000000E+03  0.00000000E+00  3.00000000E+01   -6.125742E-18  7.643625E-18   -1.189507E-04 -3.029282E-03    8.673617E-19  8.673617E-19
  4.20000000E+03  0.00000000E+00  3.00000000E+01   -3.903128E-18  1.203464E-17   -1.186746E-04 -3.028714E-03    2.168404E-18  6.505213E-19
  4.30000000E+03  0.00000000E+00  3.00000000E+01   -2.927346E-18  1.160096E-17   -1.183903E-04 -3.028189E-03   -1.734723E-18 -2.168404E-19
  4.40000000E+03  0.00000000E+00  3.00000000E+01    3.794708E-19  1.219727E-17   -1.180995E-04 -3.027705E-03   -3.035766E-18 -6.505213E-19
  4.50000000E+03  0.00000000E+00  3.00000000E+01   -1.517883E-18  1.252254E-17   -1.178039E-04 -3.027262E-03    0.000000E+00  6.505213E-19
  4.60000000E+03  0.00000000E+00  3.00000000E+01   -2.927346E-18  1.436568E-17   -1.175051E-04 -3.026859E-03    4.336809E-19  2.602085E-18
  4.70000000E+03  0.00000000E+00  3.00000000E+01   -3.523657E-18  1.420305E-17   -1.172046E-04 -3.026493E-03    0.000000E+00  5.421011E-18
  4.80000000E+03  0.00000000E+00  3.00000000E+01   -2.222614E-18  1.610040E-17   -1.169037E-04 -3.026165E-03   -3.469447E-18  7.589415E-18
  4.90000000E+03  0.00000000E+00  3.00000000E+01    2.168404E-19  1.821460E-17   -1.166035E-04 -3.025873E-03   -1.734723E-18  6.071532E-18
  5.00000000E+03  0.00000000E+00  3.00000000E+01    1.301043E-18  1.843144E-17   -1.163053E-04 -3.025616E-03   -1.734723E-18  3.903128E-18
  5.10000000E+03  0.00000000E+00  3.00000000E+01   -2.276825E-18  1.620882E-17   -1.160100E-04 -3.025394E-03   -4.770490E-18  2.385245E-18
  5.20000000E+03  0.00000000E+00  3.00000000E+01   -2.385245E-18  1.799776E-17   -1.157185E-04 -3.025206E-03   -3.903128E-18 -4.336809E-19
  5.30000000E+03  0.00000000E+00  3.00000000E+01   -3.903128E-18  1.951564E-17   -1.154317E-04 -3.025051E-03   -1.301043E-18  1.734723E-18
  5.40000000E+03  0.00000000E+00  3.00000000E+01   -6.396793E-18  1.647987E-17   -1.151501E-04 -3.024928E-03   -2.168404E-18  3.252607E-18
  5.50000000E+03  0.00000000E+00  3.00000000E+01   -2.927346E-18  1.658829E-17   -1.148745E-04 -3.024836E-03   -4.336809E-18  6.505213E-19
  5.60000000E+03  0.00000000E+00  3.00000000E+01   -2.764716E-18  1.832302E-17   -1.146053E-04 -3.024776E-03   -2.168404E-18  2.168404E-18
  5.70000000E+03  0.00000000E+00  3.00000000E+01   -2.710505E-18  1.496199E-17   -1.143429E-04 -3.024746E-03    4.336809E-19  7.155734E-18
  5.80000000E+03  0.00000000E+00  3.00000000E+01   -2.114194E-18  1.637145E-17   -1.140879E-04 -3.024747E-03   -8.673617E-19  6.938894E-18
  5.90000000E+03  0.00000000E+00  3.00000000E+01   -2.439455E-18  1.398621E-17   -1.138403E-04 -3.024778E-03    0.000000E+00  3.903128E-18
  6.00000000E+03  0.00000000E+00  3.00000000E+01   -3.577867E-18  1.279359E-17   -1.136004E-04 -3.024838E-03    1.734723E-18  2.818926E-18
  6.10000000E+03  0.00000000E+00  3.00000000E+01   -2.818926E-18  9.974660E-18   -1.133684E-04 -3.024928E-03   -1.734723E-18  4.336809E-18
  6.20000000E+03  0.00000000E+00  3.00000000E+01   -2.818926E-18  1.149254E-17   -1.131443E-04 -3.025047E-03   -2.602085E-18  3.252607E-18
  6.30000000E+03  0.00000000E+00  3.00000000E+01   -1.084202E-18  1.257675E-17   -1.129280E-04 -3.025195E-03    0.000000E+00  0.000000E+00
  6.40000000E+03  0.00000000E+00  3.00000000E+01   -1.301043E-18  1.214306E-17   -1.127196E-04 -3.025373E-03   -1.734723E-18  2.168404E-19
  6.50000000E+03  0.00000000E+00  3.00000000E+01   -3.144186E-18  1.149254E-17   -1.125188E-04 -3.025580E-03   -5.204170E-18  2.168404E-19
  6.60000000E+03  0.00000000E+00  3.00000000E+01    6.505213E-19  9.757820E-18   -1.123255E-04 -3.025817E-03   -3.469447E-18 -2.168404E-19
  6.70000000E+03  0.00000000E+00  3.00000000E+01    1.084202E-19  1.149254E-17   -1.121394E-04 -3.026085E-03   -2.602085E-18 -2.818926E-18
  6.80000000E+03  0.00000000E+00  3.00000000E+01    1.734723E-18  1.149254E-17   -1.119602E-04 -3.026382E-03   -3.469447E-18 -4.553649E-18
  6.90000000E+03  0.00000000E+00  3.00000000E+01    5.421011E-19  9.432559E-18   -1.117874E-04 -3.026711E-03   -1.301043E-18 -3.035766E-18
  7.00000000E+03  0.00000000E+00  3.00000000E+01    4.445229E-18  6.613633E-18   -1.116205E-04 -3.027071E-03    2.602085E-18 -6.505213E-19
  7.10000000E+03  0.00000000E+00  3.00000000E+01    2.168404E-18  4.987330E-18   -1.114591E-04 -3.027464E-03    3.469447E-18  1.301043E-18
  7.20000000E+03  0.00000000E+00  3.00000000E+01    2.168404E-19  6.613633E-18   -1.113024E-04 -3.027889E-03    2.168404E-18  3.686287E-18
  7.30000000E+03  0.00000000E+00  3.00000000E+01    3.144186E-18  9.540979E-18   -1.111498E-04 -3.028349E-03    2.602085E-18  6.071532E-18
  7.40000000E+03  0.00000000E+00  3.00000000E+01    4.228388E-18  9.757820E-18   -1.110005E-04 -3.028843E-03    2.168404E-18  2.818926E-18
  7.50000000E+03  0.00000000E+00  3.00000000E+01    1.517883E-18  9.757820E-18   -1.108536E-04 -3.029373E-03    1.301043E-18 -2.168404E-18
  7.60000000E+03  0.00000000E+00  3.00000000E+01    4.228388E-18  6.396793E-18   -1.107082E-04 -3.029941E-03    2.602085E-18 -2.168404E-18
  7.70000000E+03  0.00000000E+00  3.00000000E+01    3.903128E-18  8.456777E-18   -1.105630E-04 -3.030547E-03    2.602085E-18 -2.168404E-18
  7.80000000E+03  0.00000000E+00  3.00000000E+01    1.951564E-18  1.138412E-17   -1.104169E-04 -3.031193E-03    2.168404E-18 -3.469447E-18
  7.90000000E+03  0.00000000E+00  3.00000000E+01   -1.951564E-18  1.279359E-17   -1.102686E-04 -3.031881E-03    1.734723E-18 -3.035766E-18
  8.00000000E+03  0.00000000E+00  3.00000000E+01   -4.336809E-19  1.149254E-17   -1.101166E-04 -3.032613E-03    1.301043E-18  1.734723E-18
  8.10000000E+03  0.00000000E+00  3.00000000E+01    0.000000E+00  9.540979E-18   -1.099592E-04 -3.033389E-03    1.301043E-18  3.252607E-18
  8.20000000E+03  0.00000000E+00  3.00000000E+01    8.673617E-19  8.998878E-18   -1.097947E-04 -3.034213E-03    0.000000E+00  1.084202E-18
  8.30000000E+03  0.00000000E+00  3.00000000E+01    3.144186E-18  6.505213E-18   -1.096210E-04 -3.035087E-03    0.000000E+00  4.336809E-19
  8.40000000E+03  0.00000000E+00  3.00000000E+01    4.662069E-18  9.540979E-18   -1.094359E-04 -3.036012E-03    1.301043E-18  2.602085E-18
  8.50000000E+03  0.00000000E+00  3.00000000E+01    4.445229E-18  1.376937E-17   -1.092369E-04 -3.036992E-03    1.734723E-18 -1.734723E-18
  8.60000000E+03  0.00000000E+00  3.00000000E+01    2.059984E-18  1.745565E-17   -1.090214E-04 -3.038029E-03    4.336809E-18 -4.119968E-18
  8.70000000E+03  0.00000000E+00  3.00000000E+01   -3.361027E-18  6.613633E-18   -1.087864E-04 -3.039126E-03    3.469447E-18  2.168404E-18
  8.80000000E+03  0.00000000E+00  3.00000000E+01   -3.252607E-19  9.107298E-18   -1.085284E-04 -3.040286E-03    8.673617E-19  1.301043E-18
  8.90000000E+03  0.00000000E+00  3.00000000E+01    1.626303E-18  7.806256E-18   -1.082438E-04 -3.041513E-03   -4.336809E-19 -1.517883E-18
  9.00000000E+03  0.00000000E+00  3.00000000E+01    2.059984E-18  3.469447E-18   -1.079285E-04 -3.042811E-03   -4.336809E-19  0.000000E+00
  9.10000000E+03  0.00000000E+00  3.00000000E+01    1.084202E-19  4.662069E-18   -1.075779E-04 -3.044183E-03   -8.673617E-19 -2.602085E-18
  9.20000000E+03  0.00000000E+00  3.00000000E+01    5.421011E-19  3.035766E-18   -1.071868E-04 -3.045634E-03   -3.035766E-18 -4.770490E-18
  9.30000000E+03  0.00000000E+00  3.00000000E+01   -2.710505E-18 -5.421011E-19   -1.067494E-04 -3.047168E-03   -3.903128E-18 -4.336809E-18
  9.40000000E+03  0.00000000E+00  3.00000000E+01    2.168404E-18 -3.794708E-18   -1.062594E-04 -3.048792E-03   -1.734723E-18 -5.854692E-18
  9.50000000E+03  0.00000000E+00  3.00000000E+01    2.927346E-18 -3.035766E-18   -1.057093E-04 -3.050510E-03   -1.734723E-18 -5.421011E-18
  9.60000000E+03  0.00000000E+00  3.00000000E+01    1.084202E-18 -4.878910E-18   -1.050910E-04 -3.052330E-03   -1.301043E-18 -2.818926E-18
  9.70000000E+03  0.00000000E+00  3.00000000E+01    0.000000E+00 -4.336809E-18   -1.043951E-04 -3.054260E-03    4.336809E-19 -6.505213E-19
  9.80000000E+03  0.00000000E+00  3.00000000E+01    0.000000E+00 -5.637851E-18   -1.036107E-04 -3.056308E-03   -8.673617E-19 -1.951564E-18
  9.90000000E+03  0.00000000E+00  3.00000000E+01    0.000000E+00 -5.312591E-18   -1.027254E-04 -3.058487E-03   -2.602085E-18 -1.951564E-18
  1.00000000E+04  0.00000000E+00  3.00000000E+01   -1.734723E-18 -8.348357E-18   -1.017246E-04 -3.060809E-03   -4.336809E-19  1.084202E-18
  1.05000000E+04  0.00000000E+00  3.00000000E+01   -5.421011E-19 -1.344411E-17   -9.415193E-05 -3.075743E-03    1.734723E-18  1.301043E-18
