 -1.05000000E+04  0.00000000E+00  3.00000000E+01    1.062650E-04  3.041806E-03   -7.642156E-18 -2.337752E-17   -2.174477E-05  9.737880E-05
 -1.00000000E+04  0.00000000E+00  3.00000000E+01    8.621879E-05  3.115334E-03   -3.928709E-18 -1.545879E-17    3.939212E-06  4.727156E-05
 -9.90000000E+03  0.00000000E+00  3.00000000E+01    8.386553E-05  3.125206E-03   -6.126193E-18 -2.163895E-17    5.698094E-06  4.340891E-05
 -9.80000000E+03  0.00000000E+00  3.00000000E+01    8.188101E-05  3.133976E-03   -4.174459E-18 -2.586111E-17    7.134259E-06  4.003145E-05
 -9.70000000E+03  0.00000000E+00  3.00000000E+01    8.018658E-05  3.141846E-03   -1.373179E-17 -2.580992E-17    8.316630E-06  3.700612E-05
 -9.60000000E+03  0.00000000E+00  3.00000000E+01    7.872767E-05  3.148979E-03   -9.489766E-18 -7.960669E-18    9.288674E-06  3.425018E-05
 -9.50000000E+03  0.00000000E+00  3.00000000E+01    7.746118E-05  3.155500E-03    3.317744E-18  3.356488E-18    1.008132E-05  3.171583E-05
 -9.40000000E+03  0.00000000E+00  3.00000000E+01    7.635837E-05  3.161507E-03    2.792815E-18 -1.073478E-17    1.071733E-05  2.936973E-05
 -9.30000000E+03  0.00000000E+00  3.00000000E+01    7.539538E-05  3.167075E-03   -5.553489E-18 -1.367519E-17    1.121627E-05  2.719072E-05
 -9.20000000E+03  0.00000000E+00  3.00000000E+01    7.455606E-05  3.172264E-03   -7.902227E-18 -1.019834E-17    1.159388E-05  2.516250E-05
 -9.10000000E+03  0.00000000E+00  3.00000000E+01    7.382627E-05  3.177123E-03   -3.885393E-18 -6.813812E-18    1.186513E-05  2.327330E-05
 -9.00000000E+03  0.00000000E+00  3.00000000E+01    7.319572E-05  3.181689E-03   -1.118136E-18 -5.691429E-18    1.204245E-05  2.151335E-05
 -8.90000000E+03  0.00000000E+00  3.00000000E+01    7.265521E-05  3.185996E-03    2.437546E-18 -6.731301E-18    1.213809E-05  1.987448E-05
 -8.80000000E+03  0.00000000E+00  3.00000000E+01    7.219712E-05  3.190065E-03    5.046150E-18 -6.886492E-18    1.216237E-05  1.834959E-05
 -8.70000000E+03  0.00000000E+00  3.00000000E+01    7.181486E-05  3.193922E-03    7.668433E-18 -7.191337E-18    1.212544E-05  1.693200E-05
 -8.60000000E+03  0.00000000E+00  3.00000000E+01    7.150204E-05  3.197582E-03    8.274115E-18 -6.501732E-18    1.203589E-05  1.561583E-05
 -8.50000000E+03  0.00000000E+00  3.00000000E+01    7.125353E-05  3.201062E-03    6.776461E-18 -6.682531E-18    1.190208E-05  1.439509E-05
 -8.40000000E+03  0.00000000E+00  3.00000000E+01    7.106354E-05  3.204373E-03    9.649446E-18 -6.490169E-18    1.173110E-05  1.326451E-05
 -8.30000000E+03  0.00000000E+00  3.00000000E+01    7.092786E-05  3.207529E-03    7.119274E-18 -9.391087E-18    1.152972E-05  1.221856E-05
 -8.20000000E+03  0.00000000E+00  3.00000000E+01    7.084108E-05  3.210537E-03   -3.213424E-19 -1.030891E-17    1.130370E-05  1.125241E-05
 -8.10000000E+03  0.00000000E+00  3.00000000E+01    7.079957E-05  3.213408E-03   -3.532826E-18 -7.097693E-18    1.105842E-05  1.036087E-05
 -8.00000000E+03  0.00000000E+00  3.00000000E+01    7.079828E-05  3.216149E-03   -2.951505E-18 -3.611881E-18    1.079847E-05  9.539483E-06
 -7.90000000E+03  0.00000000E+00  3.00000000E+01    7.083404E-05  3.218767E-03   -2.280707E-18  1.312195E-18    1.052803E-05  8.783463E-06
 -7.80000000E+03  0.00000000E+00  3.00000000E+01    7.090213E-05  3.221268E-03   -1.124845E-18 -3.380049E-19    1.025068E-05  8.088703E-06
 -7.70000000E+03  0.00000000E+00  3.00000000E+01    7.099977E-05  3.223659E-03   -1.449653E-18  1.433027E-18    9.969591E-06  7.450829E-06
 -7.60000000E+03  0.00000000E+00  3.00000000E+01    7.112261E-05  3.225944E-03   -2.353399E-18  4.744878E-19    9.687499E-06  6.866101E-06
 -7.50000000E+03  0.00000000E+00  3.00000000E+01    7.126822E-05  3.228130E-03   -3.244440E-19 -2.661756E-18    9.406727E-06  6.330582E-06
 -7.40000000E+03  0.00000000E+00  3.00000000E+01    7.143262E-05  3.230219E-03    3.572118E-19 -1.795393E-18    9.129311E-06  5.840921E-06
 -7.30000000E+03  0.00000000E+00  3.00000000E+01    7.161369E-05  3.232219E-03   -3.695269E-19 -1.509034E-18    8.856891E-06  5.393618E-06
 -7.20000000E+03  0.00000000E+00  3.00000000E+01    7.180786E-05  3.234131E-03    3.670079E-18 -8.042082E-18    8.590925E-06  4.985705E-06
 -7.10000000E+03  0.00000000E+00  3.00000000E+01    7.201328E-05  3.235961E-03    1.086015E-17 -1.032007E-17    8.332510E-06  4.614124E-06
 -7.00000000E+03  0.00000000E+00  3.00000000E+01    7.222678E-05  3.237712E-03    9.641959E-18 -6.481327E-18    8.082644E-06  4.276291E-06
 -6.90000000E+03  0.00000000E+00  3.00000000E+01    7.244677E-05  3.239387E-03    7.243408E-18 -6.531553E-18    7.841997E-06  3.969568E-06
 -6.80000000E+03  0.00000000E+00  3.00000000E+01    7.267044E-05  3.240990E-03    8.974062E-18 -5.073217E-18    7.611200E-06  3.691734E-06
 -6.70000000E+03  0.00000000E+00  3.00000000E+01    7.289644E-05  3.242524E-03    5.504084E-18 -5.336227E-18    7.390596E-06  3.440550E-06
 -6.60000000E+03  0.00000000E+00  3.00000000E+01    7.312233E-05  3.243991E-03    9.422363E-18 -6.807288E-18    7.180534E-06  3.214144E-06
 -6.50000000E+03  0.00000000E+00  3.00000000E+01    7.334695E-05  3.245396E-03    1.223074E-17 -7.557713E-18    6.981103E-06  3.010644E-06
 -6.40000000E+03  0.00000000E+00  3.00000000E+01    7.356821E-05  3.246739E-03    5.343066E-18 -4.887069E-18    6.792433E-06  2.828493E-06
 -6.30000000E+03  0.00000000E+00  3.00000000E+01    7.378510E-05  3.248025E-03    6.292096E-18 -7.678103E-18    6.614427E-06  2.666154E-06
 -6.20000000E+03  0.00000000E+00  3.00000000E+01    7.399585E-05  3.249254E-03    8.057832E-18 -1.149392E-17    6.447049E-06  2.522365E-06
 -6.10000000E+03  0.00000000E+00  3.00000000E+01    7.419961E-05  3.250429E-03    9.023556E-18 -4.572209E-18    6.290057E-06  2.395882E-06
 -6.00000000E+03  0.00000000E+00  3.00000000E+01    7.439491E-05  3.251553E-03    9.507859E-18 -3.144872E-18    6.143287E-06  2.285699E-06
 -5.90000000E+03  0.00000000E+00  3.00000000E+01    7.458103E-05  3.252627E-03    1.355305E-17 -3.388833E-18    6.006392E-06  2.190832E-06
 -5.80000000E+03  0.00000000E+00  3.00000000E+01    7.475674E-05  3.253652E-03    1.232575E-17 -3.216412E-18    5.879106E-06  2.110505E-06
 -5.70000000E+03  0.00000000E+00  3.00000000E+01    7.492146E-05  3.254630E-03    3.816190E-18 -7.563388E-18    5.761001E-06  2.043952E-06
 -5.60000000E+03  0.00000000E+00  3.00000000E+01    7.507422E-05  3.255562E-03    2.364864E-18 -1.372942E-17    5.651728E-06  1.990589E-06
 -5.50000000E+03  0.00000000E+00  3.00000000E+01    7.521453E-05  3.256451E-03    3.226046E-18 -1.761622E-17    5.550796E-06  1.949834E-06
 -5.40000000E+03  0.00000000E+00  3.00000000E+01    7.534166E-05  3.257295E-03   -5.301781E-18 -8.084325E-18    5.457788E-06  1.921264E-06
 -5.30000000E+03  0.00000000E+00  3.00000000E+01    7.545526E-05  3.258097E-03   -1.092719E-17 -2.529946E-18    5.372156E-06  1.904443E-06
 -5.20000000E+03  0.00000000E+00  3.00000000E+01    7.555480E-05  3.258858E-03   -5.179679E-18 -4.838608E-18    5.293423E-06  1.899071E-06
 -5.10000000E+03  0.00000000E+00  3.00000000E+01    7.564005E-05  3.259577E-03   -1.407401E-18 -3.919573E-18    5.220996E-06  1.904823E-06
 -5.00000000E+03  0.00000000E+00  3.00000000E+01    7.571073E-05  3.260255E-03   -8.277974E-19  7.894459E-19    5.154340E-06  1.921491E-06
 -4.90000000E+03  0.00000000E+00  3.00000000E+01    7.576673E-05  3.260893E-03    1.641874E-18  6.910519E-18    5.092821E-06  1.948823E-06
 -4.80000000E+03  0.00000000E+00  3.00000000E+01    7.580798E-05  3.261490E-03    7.789745E-19 -6.286177E-18    5.035852E-06  1.986667E-06
 -4.70000000E+03  0.00000000E+00  3.00000000E+01    7.583456E-05  3.262046E-03   -3.661556E-18 -2.093689E-17    4.982765E-06  2.034810E-06
 -4.60000000E+03  0.00000000E+00  3.00000000E+01    7.584663E-05  3.262563E-03   -3.765641E-18 -1.677323E-17    4.932926E-06  2.093123E-06
 -4.50000000E+03  0.00000000E+00  3.00000000E+01    7.584444E-05  3.263037E-03   -6.286527E-18 -1.636596E-17    4.885637E-06  2.161398E-06
 -4.40000000E+03  0.00000000E+00  3.00000000E+01    7.582839E-05  3.263471E-03   -1.010702E-18 -1.184136E-17    4.840226E-06  2.239493E-06
 -4.30000000E+03  0.00000000E+00  3.00000000E+01    7.579898E-05  3.263863E-03    5.838154E-18 -8.214341E-18    4.795978E-06  2.327173E-06
 -4.20000000E+03  0.00000000E+00  3.00000000E+01    7.575684E-05  3.264212E-03    2.706387E-18 -9.873737E-18    4.752196E-06  2.424254E-06
 -4.10000000E+03  0.00000000E+00  3.00000000E+01    7.570272E-05  3.264518E-03    1.024973E-18 -7.411101E-18    4.708162E-06  2.530444E-06
 -4.00000000E+03  0.00000000E+00  3.00000000E+01    7.563754E-05  3.264779E-03    9.212728E-19 -1.288602E-17    4.663170E-06  2.645488E-06
 -3.90000000E+03  0.00000000E+00  3.00000000E+01    7.556231E-05  3.264996E-03    1.133211E-18 -1.465921E-17    4.616522E-06  2.769014E-06
 -3.80000000E+03  0.00000000E+00  3.00000000E+01    7.547826E-05  3.265166E-03    8.697298E-19 -1.200358E-17    4.567530E-06  2.900673E-06
 -3.70000000E+03  0.00000000E+00  3.00000000E+01    7.538670E-05  3.265289E-03    1.026921E-17 -4.869156E-18    4.515537E-06  3.039998E-06
 -3.60000000E+03  0.00000000E+00  3.00000000E+01    7.528914E-05  3.265364E-03    6.010671E-18 -4.010763E-18    4.459902E-06  3.186533E-06
 -3.50000000E+03  0.00000000E+00  3.00000000E+01    7.518721E-05  3.265389E-03   -1.250087E-18 -9.975969E-18    4.400045E-06  3.339709E-06
 -3.40000000E+03  0.00000000E+00  3.00000000E+01    7.508274E-05  3.265364E-03    1.510130E-18 -1.573980E-17    4.335404E-06  3.498959E-06
 -3.30000000E+03  0.00000000E+00  3.00000000E+01    7.497769E-05  3.265287E-03   -3.064176E-18 -2.150139E-17    4.265502E-06  3.663624E-06
 -3.20000000E+03  0.00000000E+00  3.00000000E+01    7.487413E-05  3.265158E-03   -1.867332E-18 -1.577506E-17    4.189891E-06  3.833043E-06
 -3.10000000E+03  0.00000000E+00  3.00000000E+01    7.477436E-05  3.264975E-03    2.920527E-18 -1.324629E-17    4.108229E-06  4.006492E-06
 -3.00000000E+03  0.00000000E+00  3.00000000E+01    7.468070E-05  3.264737E-03    4.565490E-18 -1.435271E-17    4.020205E-06  4.183247E-06
 -2.90000000E+03  0.00000000E+00  3.00000000E+01    7.459570E-05  3.264443E-03   -9.763537E-19 -1.817289E-17    3.925621E-06  4.362570E-06
 -2.80000000E+03  0.00000000E+00  3.00000000E+01    7.452188E-05  3.264094E-03    3.037963E-20 -1.797033E-17    3.824315E-06  4.543739E-06
 -2.70000000E+03  0.00000000E+00  3.00000000E+01    7.446199E-05  3.263687E-03    4.430194E-19 -5.457225E-18    3.716221E-06  4.726074E-06
 -2.60000000E+03  0.00000000E+00  3.00000000E+01    7.441865E-05  3.263223E-03   -2.719991E-18  6.179685E-18    3.601301E-06  4.908946E-06
 -2.50000000E+03  0.00000000E+00  3.00000000E+01    7.439468E-05  3.262701E-03    6.473261E-18  5.084986E-18    3.479562E-06  5.091839E-06
 -2.40000000E+03  0.00000000E+00  3.00000000E+01    7.439270E-05  3.262121E-03    5.501892E-18 -3.966360E-18    3.351003E-06  5.274353E-06
 -2.30000000E+03  0.00000000E+00  3.00000000E+01    7.441545E-05  3.261484E-03   -3.288740E-18 -1.027109E-17    3.215580E-06  5.456288E-06
 -2.20000000E+03  0.00000000E+00  3.00000000E+01    7.446535E-05  3.260789E-03   -5.692769E-18 -1.258794E-17    3.073157E-06  5.637663E-06
 -2.10000000E+03  0.00000000E+00  3.00000000E+01    7.454488E-05  3.260036E-03   -4.707740E-18 -1.111352E-17    2.923398E-06  5.818813E-06
 -2.00000000E+03  0.00000000E+00  3.00000000E+01    7.465609E-05  3.259227E-03   -2.087088E-19 -1.064441E-17    2.765718E-06  6.000460E-06
 -1.90000000E+03  0.00000000E+00  3.00000000E+01    7.480097E-05  3.258363E-03   -1.276303E-18 -1.046644E-17    2.599102E-06  6.183805E-06
 -1.80000000E+03  0.00000000E+00  3.00000000E+01    7.498102E-05  3.257444E-03   -6.002489E-18 -8.578389E-18    2.422009E-06  6.370706E-06
 -1.70000000E+03  0.00000000E+00  3.00000000E+01    7.519765E-05  3.256471E-03   -9.417434E-19 -5.425436E-18    2.232157E-06  6.563738E-06
 -1.60000000E+03  0.00000000E+00  3.00000000E+01    7.545181E-05  3.255445E-03    7.704644E-19 -1.765433E-18    2.026307E-06  6.766571E-06
 -1.50000000E+03  0.00000000E+00  3.00000000E+01    7.574458E-05  3.254367E-03   -2.578140E-18 -2.819367E-18    1.800143E-06  6.983927E-06
 -1.40000000E+03  0.00000000E+00  3.00000000E+01    7.607689E-05  3.253237E-03    2.965738E-18 -3.364086E-18    1.547857E-06  7.222276E-06
 -1.30000000E+03  0.00000000E+00  3.00000000E+01    7.645067E-05  3.252052E-03    2.315796E-18 -3.983908E-18    1.262518E-06  7.489535E-06
 -1.20000000E+03  0.00000000E+00  3.00000000E+01    7.686851E-05  3.250811E-03   -2.703853E-18 -6.489319E-18    9.354228E-07  7.796169E-06
 -1.10000000E+03  0.00000000E+00  3.00000000E+01    7.733614E-05  3.249504E-03   -4.899746E-18 -6.766240E-18    5.580535E-07  8.154117E-06
 -1.00000000E+03  0.00000000E+00  3.00000000E+01    7.786097E-05  3.248118E-03    3.508934E-18 -3.346750E-18    1.214842E-07  8.578124E-06
 -9.00000000E+02  0.00000000E+00  3.00000000E+01    7.845699E-05  3.246630E-03    1.338510E-17 -2.408315E-18   -3.772185E-07  9.082135E-06
 -8.00000000E+02  0.00000000E+00  3.00000000E+01    7.913884E-05  3.245005E-03    9.396157E-18 -1.176866E-18   -9.346081E-07  9.678612E-06
 -7.00000000E+02  0.00000000E+00  3.00000000E+01    7.992924E-05  3.243187E-03   -2.813058E-18 -3.139702E-18   -1.523837E-06  1.036461E-05
 -6.00000000E+02  0.00000000E+00  3.00000000E+01    8.083770E-05  3.241103E-03   -9.561183E-18 -6.364869E-18   -2.094020E-06  1.110410E-05
 -5.00000000E+02  0.00000000E+00  3.00000000E+01    8.186921E-05  3.238658E-03   -6.955647E-18 -7.369312E-18   -2.536449E-06  1.176348E-05
 -4.00000000E+02  0.00000000E+00  3.00000000E+01    8.296401E-05  3.235802E-03   -3.565437E-18 -7.676588E-18   -2.714437E-06  1.198268E-05
 -3.00000000E+02  0.00000000E+00  3.00000000E+01    8.402838E-05  3.232659E-03   -2.210274E-19 -9.298443E-18   -2.468122E-06  1.082763E-05
 -2.00000000E+02  0.00000000E+00  3.00000000E+01    8.485983E-05  3.230039E-03   -2.473621E-19 -1.102072E-17   -1.807405E-06  7.979080E-06
 -1.00000000E+02  0.00000000E+00  3.00000000E+01    8.536936E-05  3.228380E-03   -2.525145E-18 -9.636626E-18   -9.404743E-07  4.161053E-06
  0.00000000E+00  0.00000000E+00  3.00000000E+01    8.553939E-05  3.227825E-03   -1.915777E-19 -4.106997E-18   -2.646391E-09 -4.138770E-08
  1.00000000E+02  0.00000000E+00  3.00000000E+01    8.536991E-05  3.228400E-03    9.789985E-19 -1.244989E-18    9.353677E-07 -4.236032E-06
  2.00000000E+02  0.00000000E+00  3.00000000E+01    8.486077E-05  3.230074E-03   -1.382996E-19 -3.636166E-18    1.802512E-06 -8.035442E-06
  3.00000000E+02  0.00000000E+00  3.00000000E+01    8.402973E-05  3.232701E-03   -9.251980E-19 -8.745456E-18    2.463189E-06 -1.086255E-05
  4.00000000E+02  0.00000000E+00  3.00000000E+01    8.296594E-05  3.235845E-03   -1.787347E-18 -1.361106E-17    2.709436E-06 -1.199798E-05
  5.00000000E+02  0.00000000E+00  3.00000000E+01    8.187185E-05  3.238698E-03    1.883980E-18 -5.158166E-18    2.531656E-06 -1.176338E-05
  6.00000000E+02  0.00000000E+00  3.00000000E+01    8.084103E-05  3.241137E-03    5.014158E-18 -1.276995E-18    2.089860E-06 -1.109370E-05
  7.00000000E+02  0.00000000E+00  3.00000000E+01    7.993308E-05  3.243215E-03    5.093788E-18 -5.743918E-18    1.520603E-06 -1.034819E-05
  8.00000000E+02  0.00000000E+00  3.00000000E+01    7.914298E-05  3.245027E-03    6.663489E-18 -5.858853E-18    9.324182E-07 -9.659248E-06
  9.00000000E+02  0.00000000E+00  3.00000000E+01    7.846120E-05  3.246646E-03    7.399683E-18 -2.672732E-18    3.760626E-07 -9.061906E-06
  1.00000000E+03  0.00000000E+00  3.00000000E+01    7.786508E-05  3.248130E-03    1.129540E-17 -6.055612E-18   -1.217067E-07 -8.558325E-06
  1.10000000E+03  0.00000000E+00  3.00000000E+01    7.734001E-05  3.249511E-03    9.892060E-18 -1.312575E-17   -5.574823E-07 -8.135511E-06
  1.20000000E+03  0.00000000E+00  3.00000000E+01    7.687205E-05  3.250816E-03    9.098240E-18 -1.446453E-17   -9.342162E-07 -7.779148E-06
  1.30000000E+03  0.00000000E+00  3.00000000E+01    7.645381E-05  3.252055E-03    5.204388E-18 -8.855416E-18   -1.260828E-06 -7.474258E-06
  1.40000000E+03  0.00000000E+00  3.00000000E+01    7.607962E-05  3.253237E-03   -2.782248E-18 -5.542847E-18   -1.545821E-06 -7.208749E-06
  1.50000000E+03  0.00000000E+00  3.00000000E+01    7.574690E-05  3.254366E-03   -7.656374E-19 -8.556022E-18   -1.797882E-06 -6.972073E-06
  1.60000000E+03  0.00000000E+00  3.00000000E+01    7.545374E-05  3.255443E-03   -1.553531E-18 -9.323097E-18   -2.023918E-06 -6.756262E-06
  1.70000000E+03  0.00000000E+00  3.00000000E+01    7.519921E-05  3.256468E-03   -2.604821E-18 -1.000507E-17   -2.229719E-06 -6.554827E-06
  1.80000000E+03  0.00000000E+00  3.00000000E+01    7.498226E-05  3.257441E-03    1.473584E-18 -1.012735E-17   -2.419583E-06 -6.363037E-06
  1.90000000E+03  0.00000000E+00  3.00000000E+01    7.480191E-05  3.258360E-03    3.304245E-18 -1.376981E-17   -2.596734E-06 -6.177229E-06
  2.00000000E+03  0.00000000E+00  3.00000000E+01    7.465678E-05  3.259225E-03    3.036157E-18 -1.626576E-17   -2.763440E-06 -5.994836E-06
  2.10000000E+03  0.00000000E+00  3.00000000E+01    7.454536E-05  3.260033E-03    3.976028E-18 -9.322716E-18   -2.921232E-06 -5.814014E-06
  2.20000000E+03  0.00000000E+00  3.00000000E+01    7.446565E-05  3.260786E-03    1.333584E-18 -1.178479E-17   -3.071117E-06 -5.633573E-06
  2.30000000E+03  0.00000000E+00  3.00000000E+01    7.441559E-05  3.261481E-03   -3.237270E-19 -1.911659E-17   -3.213674E-06 -5.452808E-06
  2.40000000E+03  0.00000000E+00  3.00000000E+01    7.439271E-05  3.262119E-03    1.017743E-18 -1.403532E-17   -3.349232E-06 -5.271393E-06
  2.50000000E+03  0.00000000E+00  3.00000000E+01    7.439459E-05  3.262698E-03   -5.266690E-19 -1.512336E-17   -3.477925E-06 -5.089324E-06
  2.60000000E+03  0.00000000E+00  3.00000000E+01    7.441848E-05  3.263221E-03    7.595901E-19 -2.252336E-17   -3.599794E-06 -4.906809E-06
  2.70000000E+03  0.00000000E+00  3.00000000E+01    7.446175E-05  3.263685E-03    6.706011E-18 -1.994085E-17   -3.714839E-06 -4.724259E-06
  2.80000000E+03  0.00000000E+00  3.00000000E+01    7.452159E-05  3.264092E-03    7.738733E-18 -1.040719E-17   -3.823051E-06 -4.542197E-06
  2.90000000E+03  0.00000000E+00  3.00000000E+01    7.459538E-05  3.264442E-03   -2.938840E-19 -8.699879E-18   -3.924467E-06 -4.361260E-06
  3.00000000E+03  0.00000000E+00  3.00000000E+01    7.468035E-05  3.264735E-03   -5.211259E-18 -7.651886E-18   -4.019153E-06 -4.182134E-06
  3.10000000E+03  0.00000000E+00  3.00000000E+01    7.477400E-05  3.264973E-03   -5.879107E-18 -8.781230E-18   -4.107272E-06 -4.005546E-06
  3.20000000E+03  0.00000000E+00  3.00000000E+01    7.487376E-05  3.265157E-03   -7.835225E-18 -1.852583E-17   -4.189022E-06 -3.832240E-06
  3.30000000E+03  0.00000000E+00  3.00000000E+01    7.497731E-05  3.265286E-03   -4.563840E-18 -1.971136E-17   -4.264713E-06 -3.662941E-06
  3.40000000E+03  0.00000000E+00  3.00000000E+01    7.508236E-05  3.265363E-03   -3.422211E-18 -1.910877E-17   -4.334687E-06 -3.498378E-06
  3.50000000E+03  0.00000000E+00  3.00000000E+01    7.518684E-05  3.265388E-03   -7.072016E-18 -2.072136E-17   -4.399395E-06 -3.339215E-06
  3.60000000E+03  0.00000000E+00  3.00000000E+01    7.528877E-05  3.265363E-03    3.894626E-18 -1.923400E-17   -4.459312E-06 -3.186113E-06
  3.70000000E+03  0.00000000E+00  3.00000000E+01    7.538634E-05  3.265288E-03    9.085533E-18 -1.693324E-17   -4.515002E-06 -3.039642E-06
  3.80000000E+03  0.00000000E+00  3.00000000E+01    7.547791E-05  3.265165E-03    4.840352E-18 -6.483687E-18   -4.567044E-06 -2.900370E-06
  3.90000000E+03  0.00000000E+00  3.00000000E+01    7.556197E-05  3.264995E-03    5.767314E-18 -4.654282E-18   -4.616082E-06 -2.768757E-06
  4.00000000E+03  0.00000000E+00  3.00000000E+01    7.563721E-05  3.264779E-03    4.379071E-19 -1.542043E-17   -4.662770E-06 -2.645269E-06
  4.10000000E+03  0.00000000E+00  3.00000000E+01    7.570240E-05  3.264517E-03    2.173936E-18 -1.501378E-17   -4.707799E-06 -2.530259E-06
  4.20000000E+03  0.00000000E+00  3.00000000E+01    7.575654E-05  3.264211E-03    2.200878E-18 -1.470984E-17   -4.751866E-06 -2.424097E-06
  4.30000000E+03  0.00000000E+00  3.00000000E+01    7.579869E-05  3.263862E-03   -5.179024E-19 -1.410656E-17   -4.795678E-06 -2.327040E-06
  4.40000000E+03  0.00000000E+00  3.00000000E+01    7.582812E-05  3.263471E-03    3.383159E-19 -9.757268E-18   -4.839953E-06 -2.239381E-06
  4.50000000E+03  0.00000000E+00  3.00000000E+01    7.584417E-05  3.263037E-03   -6.957939E-19 -8.907658E-18   -4.885389E-06 -2.161303E-06
  4.60000000E+03  0.00000000E+00  3.00000000E+01    7.584638E-05  3.262562E-03    1.712812E-18 -1.662324E-17   -4.932701E-06 -2.093044E-06
  4.70000000E+03  0.00000000E+00  3.00000000E+01    7.583432E-05  3.262046E-03   -2.257698E-20 -2.264313E-17   -4.982560E-06 -2.034744E-06
  4.80000000E+03  0.00000000E+00  3.00000000E+01    7.580776E-05  3.261490E-03   -8.506505E-18 -2.312385E-17   -5.035666E-06 -1.986611E-06
  4.90000000E+03  0.00000000E+00  3.00000000E+01    7.576651E-05  3.260892E-03   -1.021649E-17 -2.496695E-17   -5.092651E-06 -1.948777E-06
  5.00000000E+03  0.00000000E+00  3.00000000E+01    7.571052E-05  3.260255E-03   -5.389465E-18 -2.475802E-17   -5.154185E-06 -1.921453E-06
  5.10000000E+03  0.00000000E+00  3.00000000E+01    7.563986E-05  3.259577E-03   -6.826808E-18 -2.160677E-17   -5.220855E-06 -1.904792E-06
  5.20000000E+03  0.00000000E+00  3.00000000E+01    7.555461E-05  3.258858E-03   -1.430936E-17 -2.086056E-17   -5.293295E-06 -1.899045E-06
  5.30000000E+03  0.00000000E+00  3.00000000E+01    7.545508E-05  3.258097E-03   -1.522449E-17 -2.819210E-17   -5.372039E-06 -1.904423E-06
  5.40000000E+03  0.00000000E+00  3.00000000E+01    7.534150E-05  3.257295E-03   -1.242498E-17 -3.095236E-17   -5.457681E-06 -1.921248E-06
  5.50000000E+03  0.00000000E+00  3.00000000E+01    7.521437E-05  3.256450E-03   -1.303769E-17 -2.509121E-17   -5.550699E-06 -1.949822E-06
  5.60000000E+03  0.00000000E+00  3.00000000E+01    7.507407E-05  3.255562E-03   -9.446927E-18 -1.948951E-17   -5.651639E-06 -1.990579E-06
  5.70000000E+03  0.00000000E+00  3.00000000E+01    7.492132E-05  3.254630E-03   -5.135394E-18 -2.052511E-17   -5.760920E-06 -2.043945E-06
  5.80000000E+03  0.00000000E+00  3.00000000E+01    7.475661E-05  3.253652E-03   -7.713843E-18 -2.658100E-17   -5.879032E-06 -2.110500E-06
  5.90000000E+03  0.00000000E+00  3.00000000E+01    7.458090E-05  3.252626E-03   -1.007310E-17 -2.857087E-17   -6.006324E-06 -2.190829E-06
  6.00000000E+03  0.00000000E+00  3.00000000E+01    7.439479E-05  3.251553E-03   -7.659725E-18 -2.968286E-17   -6.143225E-06 -2.285697E-06
  6.10000000E+03  0.00000000E+00  3.00000000E+01    7.419950E-05  3.250429E-03   -3.789332E-18 -2.737570E-17   -6.290001E-06 -2.395881E-06
  6.20000000E+03  0.00000000E+00  3.00000000E+01    7.399574E-05  3.249254E-03    2.128883E-18 -2.169422E-17   -6.446997E-06 -2.522365E-06
  6.30000000E+03  0.00000000E+00  3.00000000E+01    7.378499E-05  3.248025E-03    3.531638E-18 -2.155373E-17   -6.614380E-06 -2.666155E-06
  6.40000000E+03  0.00000000E+00  3.00000000E+01    7.356811E-05  3.246739E-03   -1.921989E-18 -2.159994E-17   -6.792390E-06 -2.828494E-06
  6.50000000E+03  0.00000000E+00  3.00000000E+01    7.334686E-05  3.245396E-03   -4.661909E-18 -2.043477E-17   -6.981063E-06 -3.010645E-06
  6.60000000E+03  0.00000000E+00  3.00000000E+01    7.312225E-05  3.243991E-03   -3.401039E-18 -1.845358E-17   -7.180497E-06 -3.214146E-06
  6.70000000E+03  0.00000000E+00  3.00000000E+01    7.289636E-05  3.242524E-03   -2.274041E-18 -1.516287E-17   -7.390563E-06 -3.440552E-06
  6.80000000E+03  0.00000000E+00  3.00000000E+01    7.267036E-05  3.240990E-03   -9.632687E-19 -1.170089E-17   -7.611170E-06 -3.691736E-06
  6.90000000E+03  0.00000000E+00  3.00000000E+01    7.244669E-05  3.239387E-03    4.451285E-18 -1.300195E-17   -7.841969E-06 -3.969570E-06
  7.00000000E+03  0.00000000E+00  3.00000000E+01    7.222671E-05  3.237712E-03    7.821610E-18 -1.533375E-17   -8.082618E-06 -4.276294E-06
  7.10000000E+03  0.00000000E+00  3.00000000E+01    7.201322E-05  3.235961E-03    1.626851E-18 -1.014020E-17   -8.332486E-06 -4.614126E-06
  7.20000000E+03  0.00000000E+00  3.00000000E+01    7.180779E-05  3.234131E-03   -3.338267E-18 -5.421897E-18   -8.590903E-06 -4.985708E-06
  7.30000000E+03  0.00000000E+00  3.00000000E+01    7.161363E-05  3.232219E-03    2.267319E-18 -7.206213E-18   -8.856871E-06 -5.393620E-06
  7.40000000E+03  0.00000000E+00  3.00000000E+01    7.143256E-05  3.230219E-03    8.318754E-18 -6.202860E-18   -9.129293E-06 -5.840923E-06
  7.50000000E+03  0.00000000E+00  3.00000000E+01    7.126816E-05  3.228129E-03    4.500621E-18 -4.969256E-18   -9.406710E-06 -6.330584E-06
  7.60000000E+03  0.00000000E+00  3.00000000E+01    7.112256E-05  3.225944E-03   -1.797184E-19 -1.104784E-17   -9.687483E-06 -6.866103E-06
  7.70000000E+03  0.00000000E+00  3.00000000E+01    7.099972E-05  3.223659E-03    2.874773E-19 -1.642632E-17   -9.969576E-06 -7.450831E-06
  7.80000000E+03  0.00000000E+00  3.00000000E+01    7.090208E-05  3.221268E-03    4.178457E-18 -1.624895E-17   -1.025067E-05 -8.088704E-06
  7.90000000E+03  0.00000000E+00  3.00000000E+01    7.083400E-05  3.218767E-03    1.288142E-17 -2.037077E-17   -1.052801E-05 -8.783464E-06
  8.00000000E+03  0.00000000E+00  3.00000000E+01    7.079824E-05  3.216149E-03    7.949921E-18 -2.373398E-17   -1.079846E-05 -9.539485E-06
  8.10000000E+03  0.00000000E+00  3.00000000E+01    7.079953E-05  3.213408E-03   -2.209313E-18 -2.111169E-17   -1.105841E-05 -1.036087E-05
  8.20000000E+03  0.00000000E+00  3.00000000E+01    7.084104E-05  3.210537E-03   -1.614061E-18 -2.095690E-17   -1.130369E-05 -1.125241E-05
  8.30000000E+03  0.00000000E+00  3.00000000E+01    7.092783E-05  3.207529E-03    6.944569E-20 -2.439718E-17   -1.152971E-05 -1.221856E-05
  8.40000000E+03  0.00000000E+00  3.00000000E+01    7.106351E-05  3.204373E-03   -5.327868E-18 -2.626721E-17   -1.173109E-05 -1.326451E-05
  8.50000000E+03  0.00000000E+00  3.00000000E+01    7.125349E-05  3.201062E-03   -7.460093E-18 -1.682145E-17   -1.190207E-05 -1.439509E-05
  8.60000000E+03  0.00000000E+00  3.00000000E+01    7.150200E-05  3.197582E-03   -9.020855E-19 -1.571728E-17   -1.203588E-05 -1.561583E-05
  8.70000000E+03  0.00000000E+00  3.00000000E+01    7.181483E-05  3.193922E-03    3.970163E-18 -1.410235E-17   -1.212543E-05 -1.693200E-05
  8.80000000E+03  0.00000000E+00  3.00000000E+01    7.219709E-05  3.190065E-03    1.416782E-18 -2.040873E-17   -1.216237E-05 -1.834959E-05
  8.90000000E+03  0.00000000E+00  3.00000000E+01    7.265518E-05  3.185995E-03    1.200864E-19 -2.709234E-17   -1.213808E-05 -1.987448E-05
  9.00000000E+03  0.00000000E+00  3.00000000E+01    7.319569E-05  3.181689E-03   -1.147704E-18 -1.817690E-17   -1.204245E-05 -2.151335E-05
  9.10000000E+03  0.00000000E+00  3.00000000E+01    7.382625E-05  3.177123E-03   -5.679041E-18 -1.784159E-17   -1.186512E-05 -2.327330E-05
  9.20000000E+03  0.00000000E+00  3.00000000E+01    7.455604E-05  3.172264E-03   -2.253657E-18 -1.594323E-17   -1.159388E-05 -2.516250E-05
  9.30000000E+03  0.00000000E+00  3.00000000E+01    7.539536E-05  3.167075E-03    1.537197E-18 -1.397639E-17   -1.121626E-05 -2.719072E-05
  9.40000000E+03  0.00000000E+00  3.00000000E+01    7.635835E-05  3.161507E-03    1.525823E-18 -1.382536E-17   -1.071732E-05 -2.936973E-05
  9.50000000E+03  0.00000000E+00  3.00000000E+01    7.746115E-05  3.155500E-03    1.098104E-18 -1.075724E-17   -1.008132E-05 -3.171583E-05
  9.60000000E+03  0.00000000E+00  3.00000000E+01    7.872765E-05  3.148979E-03   -1.465968E-18 -1.012633E-17   -9.288669E-06 -3.425018E-05
  9.70000000E+03  0.00000000E+00  3.00000000E+01    8.018656E-05  3.141845E-03   -3.982172E-18 -1.425882E-17   -8.316626E-06 -3.700612E-05
  9.80000000E+03  0.00000000E+00  3.00000000E+01    8.188099E-05  3.133976E-03   -3.865412E-18 -1.303252E-17   -7.134255E-06 -4.003146E-05
  9.90000000E+03  0.00000000E+00  3.00000000E+01    8.386552E-05  3.125206E-03   -3.501553E-18 -8.972730E-18   -5.698090E-06 -4.340891E-05
  1.00000000E+04  0.00000000E+00  3.00000000E+01    8.621878E-05  3.115334E-03    8.796794E-19 -8.440631E-18   -3.939208E-06 -4.727156E-05
  1.05000000E+04  0.00000000E+00  3.00000000E+01    1.062650E-04  3.041806E-03    2.026541E-18 -1.821673E-18    2.174477E-05 -9.737880E-05
