 -1.0500000e+04   0.0000000e+00   3.0000000e+01    -3.43043e-15   5.38051e-15    1.39477e-02  -4.85207e-03
 -1.0000000e+04   0.0000000e+00   3.0000000e+01     7.14103e-16  -2.48593e-16    9.32785e-03  -5.32536e-03
 -9.9000000e+03   0.0000000e+00   3.0000000e+01     1.59964e-15  -3.45661e-15    8.62945e-03  -5.30327e-03
 -9.8000000e+03   0.0000000e+00   3.0000000e+01    -3.41962e-16   7.53290e-16    7.97472e-03  -5.25759e-03
 -9.7000000e+03   0.0000000e+00   3.0000000e+01    -2.66556e-15   4.09256e-15    7.36460e-03  -5.19252e-03
 -9.6000000e+03   0.0000000e+00   3.0000000e+01     1.54606e-16  -3.81582e-15    6.80120e-03  -5.10958e-03
 -9.5000000e+03   0.0000000e+00   3.0000000e+01     2.32617e-15   3.05138e-15    6.27877e-03  -5.01298e-03
 -9.4000000e+03   0.0000000e+00   3.0000000e+01    -5.59397e-16   2.40327e-15    5.79761e-03  -4.90429e-03
 -9.3000000e+03   0.0000000e+00   3.0000000e+01     1.24139e-15  -8.10259e-17    5.35206e-03  -4.78672e-03
 -9.2000000e+03   0.0000000e+00   3.0000000e+01     2.36614e-15  -2.40480e-15    4.94219e-03  -4.66166e-03
 -9.1000000e+03   0.0000000e+00   3.0000000e+01     9.57892e-16   1.64994e-15    4.56302e-03  -4.53145e-03
 -9.0000000e+03   0.0000000e+00   3.0000000e+01     1.10840e-15  -1.62674e-15    4.21461e-03  -4.39728e-03
 -8.9000000e+03   0.0000000e+00   3.0000000e+01     5.10131e-16  -2.13699e-15    3.89261e-03  -4.26080e-03
 -8.8000000e+03   0.0000000e+00   3.0000000e+01     1.56861e-15   1.42381e-15    3.59700e-03  -4.12303e-03
 -8.7000000e+03   0.0000000e+00   3.0000000e+01     2.35845e-15  -2.26867e-15    3.32404e-03  -3.98507e-03
 -8.6000000e+03   0.0000000e+00   3.0000000e+01     4.75808e-16   1.88650e-16    3.07371e-03  -3.84778e-03
 -8.5000000e+03   0.0000000e+00   3.0000000e+01     1.56215e-15  -7.71592e-16    2.84272e-03  -3.71185e-03
 -8.4000000e+03   0.0000000e+00   3.0000000e+01     1.23595e-15  -3.33110e-15    2.63104e-03  -3.57799e-03
 -8.3000000e+03   0.0000000e+00   3.0000000e+01     1.80163e-16   1.22712e-15    2.43583e-03  -3.44657e-03
 -8.2000000e+03   0.0000000e+00   3.0000000e+01    -1.21810e-15  -6.33295e-16    2.25703e-03  -3.31817e-03
 -8.1000000e+03   0.0000000e+00   3.0000000e+01    -1.50748e-15   1.25734e-15    2.09222e-03  -3.19293e-03
 -8.0000000e+03   0.0000000e+00   3.0000000e+01     1.21759e-17  -5.33827e-16    1.94129e-03  -3.07131e-03
 -7.9000000e+03   0.0000000e+00   3.0000000e+01     2.56362e-15  -5.70260e-16    1.80218e-03  -2.95326e-03
 -7.8000000e+03   0.0000000e+00   3.0000000e+01     9.19273e-16  -9.59535e-16    1.67479e-03  -2.83919e-03
 -7.7000000e+03   0.0000000e+00   3.0000000e+01     2.27624e-15  -1.19358e-15    1.55735e-03  -2.72890e-03
 -7.6000000e+03   0.0000000e+00   3.0000000e+01    -4.71844e-16   3.16511e-15    1.44977e-03  -2.62270e-03
 -7.5000000e+03   0.0000000e+00   3.0000000e+01     1.22465e-15   1.08868e-15    1.35053e-03  -2.52032e-03
 -7.4000000e+03   0.0000000e+00   3.0000000e+01     2.02587e-15  -9.90461e-16    1.25957e-03  -2.42204e-03
 -7.3000000e+03   0.0000000e+00   3.0000000e+01     6.66767e-16  -3.52606e-15    1.17559e-03  -2.32750e-03
 -7.2000000e+03   0.0000000e+00   3.0000000e+01     1.35552e-15  -1.14213e-15    1.09852e-03  -2.23692e-03
 -7.1000000e+03   0.0000000e+00   3.0000000e+01     1.13175e-15  -3.47101e-16    1.02730e-03  -2.14994e-03
 -7.0000000e+03   0.0000000e+00   3.0000000e+01    -1.02487e-15   1.63129e-15    9.61847e-04  -2.06672e-03
 -6.9000000e+03   0.0000000e+00   3.0000000e+01    -1.62719e-15   6.13117e-16    9.01268e-04  -1.98690e-03
 -6.8000000e+03   0.0000000e+00   3.0000000e+01    -1.70421e-16   2.04613e-15    8.45500e-04  -1.91060e-03
 -6.7000000e+03   0.0000000e+00   3.0000000e+01     5.54122e-16  -1.55134e-16    7.93794e-04  -1.83745e-03
 -6.6000000e+03   0.0000000e+00   3.0000000e+01    -1.46234e-15  -3.52970e-17    7.46105e-04  -1.76758e-03
 -6.5000000e+03   0.0000000e+00   3.0000000e+01    -5.85704e-16   8.21542e-16    7.01802e-04  -1.70060e-03
 -6.4000000e+03   0.0000000e+00   3.0000000e+01    -1.57839e-15   3.08966e-15    6.60846e-04  -1.63662e-03
 -6.3000000e+03   0.0000000e+00   3.0000000e+01    -2.31656e-15   3.08774e-15    6.22715e-04  -1.57529e-03
 -6.2000000e+03   0.0000000e+00   3.0000000e+01    -3.14164e-15   4.08288e-15    5.87384e-04  -1.51669e-03
 -6.1000000e+03   0.0000000e+00   3.0000000e+01    -1.58944e-16  -1.12807e-15    5.54416e-04  -1.46049e-03
 -6.0000000e+03   0.0000000e+00   3.0000000e+01    -2.12021e-15   3.48425e-15    5.23788e-04  -1.40676e-03
 -5.9000000e+03   0.0000000e+00   3.0000000e+01     2.03440e-15  -2.56734e-15    4.95140e-04  -1.35520e-03
 -5.8000000e+03   0.0000000e+00   3.0000000e+01     2.11394e-15  -1.30527e-15    4.68460e-04  -1.30587e-03
 -5.7000000e+03   0.0000000e+00   3.0000000e+01     2.47699e-15  -2.97661e-16    4.43445e-04  -1.25848e-03
 -5.6000000e+03   0.0000000e+00   3.0000000e+01    -3.58862e-16  -2.41232e-15    4.20085e-04  -1.21310e-03
 -5.5000000e+03   0.0000000e+00   3.0000000e+01     2.18634e-15   1.92852e-16    3.98133e-04  -1.16946e-03
 -5.4000000e+03   0.0000000e+00   3.0000000e+01    -6.34370e-16  -1.08674e-15    3.77583e-04  -1.12762e-03
 -5.3000000e+03   0.0000000e+00   3.0000000e+01    -1.27261e-15   9.82912e-16    3.58227e-04  -1.08735e-03
 -5.2000000e+03   0.0000000e+00   3.0000000e+01    -1.45425e-16  -3.74451e-16    3.40061e-04  -1.04868e-03
 -5.1000000e+03   0.0000000e+00   3.0000000e+01    -8.25001e-16  -1.61824e-15    3.22913e-04  -1.01142e-03
 -5.0000000e+03   0.0000000e+00   3.0000000e+01    -5.50340e-16  -4.94584e-16    3.06785e-04  -9.75592e-04
 -4.9000000e+03   0.0000000e+00   3.0000000e+01    -1.04667e-15   3.13964e-15    2.91529e-04  -9.41020e-04
 -4.8000000e+03   0.0000000e+00   3.0000000e+01     1.94533e-15  -2.85606e-15    2.77148e-04  -9.07732e-04
 -4.7000000e+03   0.0000000e+00   3.0000000e+01     3.78071e-15  -1.67204e-15    2.63517e-04  -8.75568e-04
 -4.6000000e+03   0.0000000e+00   3.0000000e+01     1.37403e-15  -4.14543e-15    2.50644e-04  -8.44555e-04
 -4.5000000e+03   0.0000000e+00   3.0000000e+01     9.60941e-16  -5.79585e-16    2.38421e-04  -8.14549e-04
 -4.4000000e+03   0.0000000e+00   3.0000000e+01     1.06416e-15  -8.71508e-16    2.26855e-04  -7.85571e-04
 -4.3000000e+03   0.0000000e+00   3.0000000e+01     3.27681e-15  -1.88780e-15    2.15854e-04  -7.57496e-04
 -4.2000000e+03   0.0000000e+00   3.0000000e+01     1.84936e-15  -2.07812e-15    2.05427e-04  -7.30346e-04
 -4.1000000e+03   0.0000000e+00   3.0000000e+01     4.06263e-17   3.68081e-15    1.95495e-04  -7.04005e-04
 -4.0000000e+03   0.0000000e+00   3.0000000e+01    -3.70099e-16   2.01633e-15    1.86064e-04  -6.78492e-04
 -3.9000000e+03   0.0000000e+00   3.0000000e+01     3.54591e-15  -2.32092e-15    1.77068e-04  -6.53706e-04
 -3.8000000e+03   0.0000000e+00   3.0000000e+01     1.04390e-15  -6.03754e-16    1.68513e-04  -6.29666e-04
 -3.7000000e+03   0.0000000e+00   3.0000000e+01     9.74436e-17  -1.52947e-15    1.60341e-04  -6.06279e-04
 -3.6000000e+03   0.0000000e+00   3.0000000e+01     1.15571e-15  -2.62346e-15    1.52558e-04  -5.83561e-04
 -3.5000000e+03   0.0000000e+00   3.0000000e+01    -1.55939e-16  -2.68379e-15    1.45112e-04  -5.61431e-04
 -3.4000000e+03   0.0000000e+00   3.0000000e+01    -1.00818e-15  -1.41950e-15    1.38011e-04  -5.39904e-04
 -3.3000000e+03   0.0000000e+00   3.0000000e+01     3.32374e-16  -3.65543e-15    1.31209e-04  -5.18906e-04
 -3.2000000e+03   0.0000000e+00   3.0000000e+01    -9.63014e-16   3.91817e-16    1.24711e-04  -4.98450e-04
 -3.1000000e+03   0.0000000e+00   3.0000000e+01    -4.97803e-16  -2.25194e-15    1.18478e-04  -4.78470e-04
 -3.0000000e+03   0.0000000e+00   3.0000000e+01     7.60780e-16  -4.05373e-15    1.12515e-04  -4.58978e-04
 -2.9000000e+03   0.0000000e+00   3.0000000e+01     5.18555e-16  -2.89146e-17    1.06787e-04  -4.39914e-04
 -2.8000000e+03   0.0000000e+00   3.0000000e+01     1.14312e-16  -2.04292e-15    1.01298e-04  -4.21288e-04
 -2.7000000e+03   0.0000000e+00   3.0000000e+01     1.01477e-15  -1.57133e-15    9.60168e-05  -4.03046e-04
 -2.6000000e+03   0.0000000e+00   3.0000000e+01    -3.86964e-16   1.07393e-15    9.09480e-05  -3.85198e-04
 -2.5000000e+03   0.0000000e+00   3.0000000e+01     1.10142e-15   4.49540e-16    8.60630e-05  -3.67695e-04
 -2.4000000e+03   0.0000000e+00   3.0000000e+01     2.01522e-15   1.67690e-15    8.13652e-05  -3.50544e-04
 -2.3000000e+03   0.0000000e+00   3.0000000e+01     2.40019e-15   7.37796e-16    7.68300e-05  -3.33701e-04
 -2.2000000e+03   0.0000000e+00   3.0000000e+01     4.59285e-15  -2.89790e-15    7.24602e-05  -3.17173e-04
 -2.1000000e+03   0.0000000e+00   3.0000000e+01     3.53387e-15   4.58573e-16    6.82334e-05  -3.00919e-04
 -2.0000000e+03   0.0000000e+00   3.0000000e+01     2.87541e-15   2.84522e-15    6.41515e-05  -2.84943e-04
 -1.9000000e+03   0.0000000e+00   3.0000000e+01     1.37252e-15  -2.55170e-15    6.01947e-05  -2.69211e-04
 -1.8000000e+03   0.0000000e+00   3.0000000e+01     1.60748e-15  -1.55235e-15    5.63649e-05  -2.53725e-04
 -1.7000000e+03   0.0000000e+00   3.0000000e+01    -2.29388e-16   6.54462e-16    5.26441e-05  -2.38453e-04
 -1.6000000e+03   0.0000000e+00   3.0000000e+01     2.80286e-17   1.47513e-16    4.90328e-05  -2.23396e-04
 -1.5000000e+03   0.0000000e+00   3.0000000e+01     4.70581e-16   1.71190e-15    4.55154e-05  -2.08525e-04
 -1.4000000e+03   0.0000000e+00   3.0000000e+01    -1.15908e-15   1.94522e-15    4.20924e-05  -1.93841e-04
 -1.3000000e+03   0.0000000e+00   3.0000000e+01    -7.24624e-16  -1.24287e-15    3.87494e-05  -1.79316e-04
 -1.2000000e+03   0.0000000e+00   3.0000000e+01    -1.39826e-15   2.42518e-16    3.54856e-05  -1.64950e-04
 -1.1000000e+03   0.0000000e+00   3.0000000e+01    -1.44251e-15  -1.11407e-15    3.22889e-05  -1.50718e-04
 -1.0000000e+03   0.0000000e+00   3.0000000e+01    -2.38259e-15   4.14701e-16    2.91583e-05  -1.36620e-04
 -9.0000000e+02   0.0000000e+00   3.0000000e+01    -5.92300e-16  -1.45959e-15    2.60824e-05  -1.22632e-04
 -8.0000000e+02   0.0000000e+00   3.0000000e+01    -1.60760e-15   1.39678e-15    2.30593e-05  -1.08751e-04
 -7.0000000e+02   0.0000000e+00   3.0000000e+01     1.87758e-15  -3.81929e-15    2.00792e-05  -9.49580e-05
 -6.0000000e+02   0.0000000e+00   3.0000000e+01     1.33663e-15  -4.19241e-15    1.71399e-05  -8.12476e-05
 -5.0000000e+02   0.0000000e+00   3.0000000e+01     2.78781e-15  -3.55802e-15    1.42324e-05  -6.76024e-05
 -4.0000000e+02   0.0000000e+00   3.0000000e+01     1.14141e-15  -2.64068e-15    1.13535e-05  -5.40153e-05
 -3.0000000e+02   0.0000000e+00   3.0000000e+01     3.19377e-15  -9.52048e-16    8.49554e-06  -4.04714e-05
 -2.0000000e+02   0.0000000e+00   3.0000000e+01     1.41362e-15  -5.68985e-15    5.65493e-06  -2.69629e-05
 -1.0000000e+02   0.0000000e+00   3.0000000e+01    -1.36422e-15  -1.46753e-16    2.82474e-06  -1.34759e-05
  0.0000000e+00   0.0000000e+00   3.0000000e+01     4.16155e-16   2.90331e-15    2.07335e-15  -1.19541e-15
  1.0000000e+02   0.0000000e+00   3.0000000e+01     7.99535e-17  -8.22727e-17   -2.82474e-06   1.34759e-05
  2.0000000e+02   0.0000000e+00   3.0000000e+01     1.46688e-15  -3.69936e-16   -5.65493e-06   2.69629e-05
  3.0000000e+02   0.0000000e+00   3.0000000e+01     9.03705e-16   2.88648e-16   -8.49554e-06   4.04714e-05
  4.0000000e+02   0.0000000e+00   3.0000000e+01     1.10173e-15  -1.19908e-15   -1.13535e-05   5.40153e-05
  5.0000000e+02   0.0000000e+00   3.0000000e+01     9.39105e-16   1.23413e-15   -1.42324e-05   6.76024e-05
  6.0000000e+02   0.0000000e+00   3.0000000e+01    -6.90511e-16   2.21617e-15   -1.71399e-05   8.12476e-05
  7.0000000e+02   0.0000000e+00   3.0000000e+01     1.63911e-15   3.40113e-15   -2.00792e-05   9.49580e-05
  8.0000000e+02   0.0000000e+00   3.0000000e+01    -1.03676e-15   9.01081e-16   -2.30593e-05   1.08751e-04
  9.0000000e+02   0.0000000e+00   3.0000000e+01    -3.35290e-15   3.20626e-15   -2.60824e-05   1.22632e-04
  1.0000000e+03   0.0000000e+00   3.0000000e+01    -1.50150e-15   1.18568e-15   -2.91583e-05   1.36620e-04
  1.1000000e+03   0.0000000e+00   3.0000000e+01     1.03421e-15   6.59694e-16   -3.22889e-05   1.50718e-04
  1.2000000e+03   0.0000000e+00   3.0000000e+01     2.54996e-16   1.71618e-15   -3.54856e-05   1.64950e-04
  1.3000000e+03   0.0000000e+00   3.0000000e+01     1.31281e-15  -6.69465e-16   -3.87494e-05   1.79316e-04
  1.4000000e+03   0.0000000e+00   3.0000000e+01     9.54311e-16  -3.41612e-15   -4.20924e-05   1.93841e-04
  1.5000000e+03   0.0000000e+00   3.0000000e+01    -2.04251e-15   2.73125e-15   -4.55154e-05   2.08525e-04
  1.6000000e+03   0.0000000e+00   3.0000000e+01    -1.96090e-16   5.85784e-16   -4.90328e-05   2.23396e-04
  1.7000000e+03   0.0000000e+00   3.0000000e+01    -1.48157e-15   2.72010e-15   -5.26441e-05   2.38453e-04
  1.8000000e+03   0.0000000e+00   3.0000000e+01    -1.33372e-15   2.25227e-16   -5.63649e-05   2.53725e-04
  1.9000000e+03   0.0000000e+00   3.0000000e+01    -4.81506e-16   1.31172e-15   -6.01947e-05   2.69211e-04
  2.0000000e+03   0.0000000e+00   3.0000000e+01    -9.09447e-16   2.80876e-16   -6.41515e-05   2.84943e-04
  2.1000000e+03   0.0000000e+00   3.0000000e+01    -1.07644e-15   1.79077e-15   -6.82334e-05   3.00919e-04
  2.2000000e+03   0.0000000e+00   3.0000000e+01    -6.21869e-16   1.22128e-15   -7.24602e-05   3.17173e-04
  2.3000000e+03   0.0000000e+00   3.0000000e+01     8.04397e-16   1.36754e-15   -7.68300e-05   3.33701e-04
  2.4000000e+03   0.0000000e+00   3.0000000e+01    -2.55401e-15   4.74680e-15   -8.13652e-05   3.50544e-04
  2.5000000e+03   0.0000000e+00   3.0000000e+01    -1.47434e-15   3.97657e-15   -8.60630e-05   3.67695e-04
  2.6000000e+03   0.0000000e+00   3.0000000e+01    -3.69185e-17   2.29957e-15   -9.09480e-05   3.85198e-04
  2.7000000e+03   0.0000000e+00   3.0000000e+01     1.58820e-15   9.59351e-16   -9.60168e-05   4.03046e-04
  2.8000000e+03   0.0000000e+00   3.0000000e+01    -2.68508e-15   2.73666e-15   -1.01298e-04   4.21288e-04
  2.9000000e+03   0.0000000e+00   3.0000000e+01    -1.53619e-17   1.46064e-15   -1.06787e-04   4.39914e-04
  3.0000000e+03   0.0000000e+00   3.0000000e+01    -4.66623e-15   1.11106e-15   -1.12515e-04   4.58978e-04
  3.1000000e+03   0.0000000e+00   3.0000000e+01    -3.94426e-15   9.81934e-16   -1.18478e-04   4.78470e-04
  3.2000000e+03   0.0000000e+00   3.0000000e+01    -1.50131e-15  -5.55165e-16   -1.24711e-04   4.98450e-04
  3.3000000e+03   0.0000000e+00   3.0000000e+01    -5.39423e-16   1.37403e-15   -1.31209e-04   5.18906e-04
  3.4000000e+03   0.0000000e+00   3.0000000e+01    -2.86945e-15   2.97185e-15   -1.38011e-04   5.39904e-04
  3.5000000e+03   0.0000000e+00   3.0000000e+01     8.28374e-16  -2.25688e-15   -1.45112e-04   5.61431e-04
  3.6000000e+03   0.0000000e+00   3.0000000e+01    -8.84774e-16   2.00148e-15   -1.52558e-04   5.83561e-04
  3.7000000e+03   0.0000000e+00   3.0000000e+01    -8.94030e-16  -5.50388e-15   -1.60341e-04   6.06279e-04
  3.8000000e+03   0.0000000e+00   3.0000000e+01    -2.80930e-15   7.02135e-16   -1.68513e-04   6.29666e-04
  3.9000000e+03   0.0000000e+00   3.0000000e+01    -2.71600e-15   3.47507e-16   -1.77068e-04   6.53706e-04
  4.0000000e+03   0.0000000e+00   3.0000000e+01     7.94990e-16  -1.46383e-15   -1.86064e-04   6.78492e-04
  4.1000000e+03   0.0000000e+00   3.0000000e+01    -5.96541e-16   1.59255e-15   -1.95495e-04   7.04005e-04
  4.2000000e+03   0.0000000e+00   3.0000000e+01     2.51863e-15  -1.79342e-15   -2.05427e-04   7.30346e-04
  4.3000000e+03   0.0000000e+00   3.0000000e+01    -1.05432e-15  -9.28104e-16   -2.15854e-04   7.57496e-04
  4.4000000e+03   0.0000000e+00   3.0000000e+01     2.56692e-15  -5.40424e-15   -2.26855e-04   7.85571e-04
  4.5000000e+03   0.0000000e+00   3.0000000e+01     4.75646e-16  -1.17472e-15   -2.38421e-04   8.14549e-04
  4.6000000e+03   0.0000000e+00   3.0000000e+01    -6.90938e-16  -1.71573e-15   -2.50644e-04   8.44555e-04
  4.7000000e+03   0.0000000e+00   3.0000000e+01    -7.42556e-16  -3.10964e-15   -2.63517e-04   8.75568e-04
  4.8000000e+03   0.0000000e+00   3.0000000e+01    -1.54730e-15  -1.65409e-15   -2.77148e-04   9.07732e-04
  4.9000000e+03   0.0000000e+00   3.0000000e+01     1.70330e-15  -1.75422e-15   -2.91529e-04   9.41020e-04
  5.0000000e+03   0.0000000e+00   3.0000000e+01     4.50930e-17  -2.52219e-16   -3.06785e-04   9.75592e-04
  5.1000000e+03   0.0000000e+00   3.0000000e+01     5.99093e-16   3.11711e-15   -3.22913e-04   1.01142e-03
  5.2000000e+03   0.0000000e+00   3.0000000e+01     1.07029e-15  -2.51744e-15   -3.40061e-04   1.04868e-03
  5.3000000e+03   0.0000000e+00   3.0000000e+01    -9.35825e-16   1.27427e-15   -3.58227e-04   1.08735e-03
  5.4000000e+03   0.0000000e+00   3.0000000e+01     1.90113e-15  -2.86284e-15   -3.77583e-04   1.12762e-03
  5.5000000e+03   0.0000000e+00   3.0000000e+01    -3.42803e-15   7.65770e-16   -3.98133e-04   1.16946e-03
  5.6000000e+03   0.0000000e+00   3.0000000e+01     2.04807e-15  -3.03240e-15   -4.20085e-04   1.21310e-03
  5.7000000e+03   0.0000000e+00   3.0000000e+01    -1.96998e-15   4.42291e-15   -4.43445e-04   1.25848e-03
  5.8000000e+03   0.0000000e+00   3.0000000e+01    -7.86773e-16   2.45561e-16   -4.68460e-04   1.30587e-03
  5.9000000e+03   0.0000000e+00   3.0000000e+01     1.19270e-15  -6.89109e-16   -4.95140e-04   1.35520e-03
  6.0000000e+03   0.0000000e+00   3.0000000e+01     1.00219e-15   6.52589e-16   -5.23788e-04   1.40676e-03
  6.1000000e+03   0.0000000e+00   3.0000000e+01     9.79102e-16  -1.99698e-15   -5.54416e-04   1.46049e-03
  6.2000000e+03   0.0000000e+00   3.0000000e+01    -1.96981e-15   2.66527e-15   -5.87384e-04   1.51669e-03
  6.3000000e+03   0.0000000e+00   3.0000000e+01     9.28226e-16  -1.10846e-15   -6.22715e-04   1.57529e-03
  6.4000000e+03   0.0000000e+00   3.0000000e+01     6.88391e-16  -4.92824e-16   -6.60846e-04   1.63662e-03
  6.5000000e+03   0.0000000e+00   3.0000000e+01     1.00157e-15  -1.46841e-15   -7.01802e-04   1.70060e-03
  6.6000000e+03   0.0000000e+00   3.0000000e+01     3.77850e-16  -6.56917e-16   -7.46105e-04   1.76758e-03
  6.7000000e+03   0.0000000e+00   3.0000000e+01     1.90517e-15  -4.76308e-15   -7.93794e-04   1.83745e-03
  6.8000000e+03   0.0000000e+00   3.0000000e+01     1.25635e-16  -3.19960e-15   -8.45500e-04   1.91060e-03
  6.9000000e+03   0.0000000e+00   3.0000000e+01    -7.47627e-17   1.45607e-15   -9.01268e-04   1.98690e-03
  7.0000000e+03   0.0000000e+00   3.0000000e+01     4.33959e-16  -6.81875e-16   -9.61847e-04   2.06672e-03
  7.1000000e+03   0.0000000e+00   3.0000000e+01     4.24407e-18  -7.44142e-16   -1.02730e-03   2.14994e-03
  7.2000000e+03   0.0000000e+00   3.0000000e+01    -7.54696e-16   1.75595e-15   -1.09852e-03   2.23692e-03
  7.3000000e+03   0.0000000e+00   3.0000000e+01    -2.67886e-15   4.62797e-15   -1.17559e-03   2.32750e-03
  7.4000000e+03   0.0000000e+00   3.0000000e+01    -2.50577e-15   2.63073e-15   -1.25957e-03   2.42204e-03
  7.5000000e+03   0.0000000e+00   3.0000000e+01    -1.18210e-15   1.01060e-15   -1.35053e-03   2.52032e-03
  7.6000000e+03   0.0000000e+00   3.0000000e+01    -3.17924e-15   7.38124e-16   -1.44977e-03   2.62270e-03
  7.7000000e+03   0.0000000e+00   3.0000000e+01    -2.98114e-15   2.21055e-15   -1.55735e-03   2.72890e-03
  7.8000000e+03   0.0000000e+00   3.0000000e+01    -1.52147e-15   2.52422e-15   -1.67479e-03   2.83919e-03
  7.9000000e+03   0.0000000e+00   3.0000000e+01    -1.64164e-15   4.82238e-16   -1.80218e-03   2.95326e-03
  8.0000000e+03   0.0000000e+00   3.0000000e+01    -3.58784e-15   2.44358e-16   -1.94129e-03   3.07131e-03
  8.1000000e+03   0.0000000e+00   3.0000000e+01     3.79973e-17  -1.46207e-15   -2.09222e-03   3.19293e-03
  8.2000000e+03   0.0000000e+00   3.0000000e+01    -3.74919e-15  -1.17705e-15   -2.25703e-03   3.31817e-03
  8.3000000e+03   0.0000000e+00   3.0000000e+01     1.12166e-15  -2.74448e-15   -2.43583e-03   3.44657e-03
  8.4000000e+03   0.0000000e+00   3.0000000e+01    -1.54658e-15   1.49369e-15   -2.63104e-03   3.57799e-03
  8.5000000e+03   0.0000000e+00   3.0000000e+01    -5.75280e-15   4.60585e-15   -2.84272e-03   3.71185e-03
  8.6000000e+03   0.0000000e+00   3.0000000e+01    -8.83194e-16   7.54395e-16   -3.07371e-03   3.84778e-03
  8.7000000e+03   0.0000000e+00   3.0000000e+01    -4.16913e-15   1.53403e-15   -3.32404e-03   3.98507e-03
  8.8000000e+03   0.0000000e+00   3.0000000e+01    -1.77980e-15   3.35709e-16   -3.59700e-03   4.12303e-03
  8.9000000e+03   0.0000000e+00   3.0000000e+01    -3.34081e-15   2.38526e-15   -3.89261e-03   4.26080e-03
  9.0000000e+03   0.0000000e+00   3.0000000e+01     1.74566e-16  -1.06549e-15   -4.21461e-03   4.39728e-03
  9.1000000e+03   0.0000000e+00   3.0000000e+01    -8.97527e-16   5.58170e-16   -4.56302e-03   4.53145e-03
  9.2000000e+03   0.0000000e+00   3.0000000e+01    -6.15718e-16   3.69150e-15   -4.94219e-03   4.66166e-03
  9.3000000e+03   0.0000000e+00   3.0000000e+01     5.00803e-16   5.92500e-15   -5.35206e-03   4.78672e-03
  9.4000000e+03   0.0000000e+00   3.0000000e+01    -8.88017e-16   3.08532e-15   -5.79761e-03   4.90429e-03
  9.5000000e+03   0.0000000e+00   3.0000000e+01     1.07336e-15   1.16252e-15   -6.27877e-03   5.01298e-03
  9.6000000e+03   0.0000000e+00   3.0000000e+01    -5.14085e-16  -4.94094e-16   -6.80120e-03   5.10958e-03
  9.7000000e+03   0.0000000e+00   3.0000000e+01    -1.46352e-15   5.78455e-15   -7.36460e-03   5.19252e-03
  9.8000000e+03   0.0000000e+00   3.0000000e+01    -2.10892e-15   4.11773e-15   -7.97472e-03   5.25759e-03
  9.9000000e+03   0.0000000e+00   3.0000000e+01    -1.31143e-15   1.35823e-15   -8.62945e-03   5.30327e-03
  1.0000000e+04   0.0000000e+00   3.0000000e+01     1.89854e-16   3.73729e-16   -9.32785e-03   5.32536e-03
  1.0500000e+04   0.0000000e+00   3.0000000e+01     1.27872e-15   7.17201e-16   -1.39477e-02   4.85207e-03
