 -1.0500000e+04   0.0000000e+00   3.0000000e+01    -3.15211e-04  -1.18092e-03   -3.97345e-18  -1.07899e-18   -1.01264e-05  -1.49417e-05
 -1.0000000e+04   0.0000000e+00   3.0000000e+01    -3.15676e-04  -1.19352e-03    1.46846e-18   2.31257e-18   -9.30048e-06  -9.45184e-06
 -9.9000000e+03   0.0000000e+00   3.0000000e+01    -3.15833e-04  -1.19558e-03    4.75356e-18   7.80021e-18   -9.06593e-06  -8.64221e-06
 -9.8000000e+03   0.0000000e+00   3.0000000e+01    -3.16011e-04  -1.19753e-03    4.72619e-18   1.94603e-18   -8.81622e-06  -7.88850e-06
 -9.7000000e+03   0.0000000e+00   3.0000000e+01    -3.16207e-04  -1.19937e-03    9.15684e-18   1.68184e-18   -8.55650e-06  -7.19099e-06
 -9.6000000e+03   0.0000000e+00   3.0000000e+01    -3.16419e-04  -1.20112e-03    5.37445e-18   2.35172e-18   -8.28925e-06  -6.55229e-06
 -9.5000000e+03   0.0000000e+00   3.0000000e+01    -3.16647e-04  -1.20277e-03    4.60188e-18   5.95733e-18   -8.01763e-06  -5.96459e-06
 -9.4000000e+03   0.0000000e+00   3.0000000e+01    -3.16889e-04  -1.20435e-03   -2.67224e-18   1.75188e-18   -7.74366e-06  -5.42821e-06
 -9.3000000e+03   0.0000000e+00   3.0000000e+01    -3.17144e-04  -1.20584e-03   -1.57355e-18  -8.97178e-20   -7.46938e-06  -4.93564e-06
 -9.2000000e+03   0.0000000e+00   3.0000000e+01    -3.17410e-04  -1.20726e-03   -8.33130e-18  -3.57590e-18   -7.19652e-06  -4.48684e-06
 -9.1000000e+03   0.0000000e+00   3.0000000e+01    -3.17686e-04  -1.20861e-03    5.20929e-18   1.87131e-19   -6.92635e-06  -4.07532e-06
 -9.0000000e+03   0.0000000e+00   3.0000000e+01    -3.17971e-04  -1.20989e-03   -1.42776e-19  -2.33613e-18   -6.66037e-06  -3.70103e-06
 -8.9000000e+03   0.0000000e+00   3.0000000e+01    -3.18265e-04  -1.21112e-03    9.65275e-18   5.56091e-18   -6.39922e-06  -3.35834e-06
 -8.8000000e+03   0.0000000e+00   3.0000000e+01    -3.18564e-04  -1.21229e-03    5.62625e-18   9.86537e-19   -6.14417e-06  -3.04715e-06
 -8.7000000e+03   0.0000000e+00   3.0000000e+01    -3.18869e-04  -1.21340e-03    5.88219e-18   2.08214e-18   -5.89541e-06  -2.76267e-06
 -8.6000000e+03   0.0000000e+00   3.0000000e+01    -3.19178e-04  -1.21446e-03   -5.01353e-18  -5.30795e-18   -5.65404e-06  -2.50477e-06
 -8.5000000e+03   0.0000000e+00   3.0000000e+01    -3.19490e-04  -1.21547e-03    6.84347e-18   3.47384e-18   -5.41988e-06  -2.26936e-06
 -8.4000000e+03   0.0000000e+00   3.0000000e+01    -3.19805e-04  -1.21644e-03   -1.20479e-18   1.41038e-18   -5.19384e-06  -2.05624e-06
 -8.3000000e+03   0.0000000e+00   3.0000000e+01    -3.20121e-04  -1.21736e-03   -8.51900e-19   4.90576e-18   -4.97549e-06  -1.86197e-06
 -8.2000000e+03   0.0000000e+00   3.0000000e+01    -3.20438e-04  -1.21825e-03   -1.14861e-17  -5.09707e-18   -4.76559e-06  -1.68635e-06
 -8.1000000e+03   0.0000000e+00   3.0000000e+01    -3.20754e-04  -1.21909e-03   -1.08886e-17   2.83124e-18   -4.56354e-06  -1.52645e-06
 -8.0000000e+03   0.0000000e+00   3.0000000e+01    -3.21069e-04  -1.21989e-03   -1.96340e-18   2.49588e-18   -4.36995e-06  -1.38206e-06
 -7.9000000e+03   0.0000000e+00   3.0000000e+01    -3.21383e-04  -1.22066e-03    4.27150e-18   3.74068e-18   -4.18411e-06  -1.25071e-06
 -7.8000000e+03   0.0000000e+00   3.0000000e+01    -3.21695e-04  -1.22139e-03    6.59768e-18   7.42597e-18   -4.00654e-06  -1.13222e-06
 -7.7000000e+03   0.0000000e+00   3.0000000e+01    -3.22004e-04  -1.22209e-03   -5.21343e-18   5.42473e-18   -3.83644e-06  -1.02451e-06
 -7.6000000e+03   0.0000000e+00   3.0000000e+01    -3.22310e-04  -1.22276e-03    2.39920e-18   3.24164e-18   -3.67422e-06  -9.27399e-07
 -7.5000000e+03   0.0000000e+00   3.0000000e+01    -3.22613e-04  -1.22340e-03    1.73468e-18   9.49831e-19   -3.51907e-06  -8.39157e-07
 -7.4000000e+03   0.0000000e+00   3.0000000e+01    -3.22911e-04  -1.22402e-03    4.07300e-18   5.18674e-18   -3.37134e-06  -7.59627e-07
 -7.3000000e+03   0.0000000e+00   3.0000000e+01    -3.23205e-04  -1.22460e-03    3.04148e-18   6.31443e-19   -3.23022e-06  -6.87370e-07
 -7.2000000e+03   0.0000000e+00   3.0000000e+01    -3.23495e-04  -1.22516e-03   -7.00785e-19  -3.93552e-19   -3.09596e-06  -6.22239e-07
 -7.1000000e+03   0.0000000e+00   3.0000000e+01    -3.23780e-04  -1.22570e-03   -1.78703e-18   3.77648e-18   -2.96779e-06  -5.63053e-07
 -7.0000000e+03   0.0000000e+00   3.0000000e+01    -3.24060e-04  -1.22621e-03    2.24166e-18  -1.93903e-19   -2.84594e-06  -5.09687e-07
 -6.9000000e+03   0.0000000e+00   3.0000000e+01    -3.24335e-04  -1.22671e-03   -3.81233e-18   3.12767e-18   -2.72965e-06  -4.61170e-07
 -6.8000000e+03   0.0000000e+00   3.0000000e+01    -3.24605e-04  -1.22718e-03   -2.36378e-18  -1.36870e-18   -2.61910e-06  -4.17389e-07
 -6.7000000e+03   0.0000000e+00   3.0000000e+01    -3.24869e-04  -1.22763e-03    1.73304e-17   1.67090e-18   -2.51359e-06  -3.77553e-07
 -6.6000000e+03   0.0000000e+00   3.0000000e+01    -3.25128e-04  -1.22806e-03   -3.81799e-18   7.23427e-19   -2.41327e-06  -3.41574e-07
 -6.5000000e+03   0.0000000e+00   3.0000000e+01    -3.25381e-04  -1.22847e-03    5.75871e-18  -1.78214e-18   -2.31750e-06  -3.08803e-07
 -6.4000000e+03   0.0000000e+00   3.0000000e+01    -3.25629e-04  -1.22887e-03   -2.46749e-18   9.30661e-19   -2.22639e-06  -2.79164e-07
 -6.3000000e+03   0.0000000e+00   3.0000000e+01    -3.25871e-04  -1.22925e-03   -3.54030e-18  -1.58350e-18   -2.13936e-06  -2.52134e-07
 -6.2000000e+03   0.0000000e+00   3.0000000e+01    -3.26107e-04  -1.22962e-03    1.20446e-18   3.65846e-19   -2.05650e-06  -2.27655e-07
 -6.1000000e+03   0.0000000e+00   3.0000000e+01    -3.26338e-04  -1.22997e-03    1.35628e-18  -6.12555e-19   -1.97729e-06  -2.05301e-07
 -6.0000000e+03   0.0000000e+00   3.0000000e+01    -3.26564e-04  -1.23031e-03   -1.65428e-18  -4.13489e-18   -1.90180e-06  -1.85023e-07
 -5.9000000e+03   0.0000000e+00   3.0000000e+01    -3.26783e-04  -1.23063e-03   -1.34327e-17  -3.15904e-18   -1.82955e-06  -1.66477e-07
 -5.8000000e+03   0.0000000e+00   3.0000000e+01    -3.26998e-04  -1.23094e-03   -2.59541e-21   1.62971e-18   -1.76063e-06  -1.49631e-07
 -5.7000000e+03   0.0000000e+00   3.0000000e+01    -3.27207e-04  -1.23124e-03    5.91536e-18   1.00736e-18   -1.69459e-06  -1.34202e-07
 -5.6000000e+03   0.0000000e+00   3.0000000e+01    -3.27411e-04  -1.23153e-03   -5.94484e-18  -4.18250e-18   -1.63150e-06  -1.20165e-07
 -5.5000000e+03   0.0000000e+00   3.0000000e+01    -3.27609e-04  -1.23180e-03   -7.06070e-19   1.78292e-18   -1.57098e-06  -1.07293e-07
 -5.4000000e+03   0.0000000e+00   3.0000000e+01    -3.27803e-04  -1.23207e-03   -6.32926e-18   8.78353e-20   -1.51308e-06  -9.55691e-08
 -5.3000000e+03   0.0000000e+00   3.0000000e+01    -3.27991e-04  -1.23232e-03    7.14351e-18   6.33703e-18   -1.45746e-06  -8.48084e-08
 -5.2000000e+03   0.0000000e+00   3.0000000e+01    -3.28174e-04  -1.23256e-03    3.81531e-18   3.50358e-18   -1.40417e-06  -7.49971e-08
 -5.1000000e+03   0.0000000e+00   3.0000000e+01    -3.28352e-04  -1.23280e-03    3.65620e-18   3.68560e-18   -1.35291e-06  -6.59860e-08
 -5.0000000e+03   0.0000000e+00   3.0000000e+01    -3.28525e-04  -1.23303e-03   -5.26822e-19  -1.01606e-18   -1.30372e-06  -5.77679e-08
 -4.9000000e+03   0.0000000e+00   3.0000000e+01    -3.28693e-04  -1.23324e-03   -5.23176e-18   2.36494e-18   -1.25633e-06  -5.02190e-08
 -4.8000000e+03   0.0000000e+00   3.0000000e+01    -3.28857e-04  -1.23345e-03    3.43659e-19   6.14701e-18   -1.21079e-06  -4.33343e-08
 -4.7000000e+03   0.0000000e+00   3.0000000e+01    -3.29016e-04  -1.23365e-03    1.80594e-18  -9.50221e-19   -1.16685e-06  -3.70131e-08
 -4.6000000e+03   0.0000000e+00   3.0000000e+01    -3.29170e-04  -1.23385e-03   -7.25517e-18  -9.09324e-19   -1.12456e-06  -3.12541e-08
 -4.5000000e+03   0.0000000e+00   3.0000000e+01    -3.29320e-04  -1.23403e-03    4.06150e-18   2.86337e-18   -1.08370e-06  -2.59726e-08
 -4.4000000e+03   0.0000000e+00   3.0000000e+01    -3.29466e-04  -1.23421e-03   -3.43769e-18  -4.27791e-19   -1.04430e-06  -2.11681e-08
 -4.3000000e+03   0.0000000e+00   3.0000000e+01    -3.29607e-04  -1.23438e-03   -5.72078e-18   1.49064e-18   -1.00619e-06  -1.67711e-08
 -4.2000000e+03   0.0000000e+00   3.0000000e+01    -3.29743e-04  -1.23455e-03   -7.85533e-18  -3.81304e-18   -9.69386e-07  -1.27833e-08
 -4.1000000e+03   0.0000000e+00   3.0000000e+01    -3.29876e-04  -1.23471e-03    8.27242e-18  -3.36356e-18   -9.33730e-07  -9.14502e-09
 -4.0000000e+03   0.0000000e+00   3.0000000e+01    -3.30005e-04  -1.23486e-03   -4.03322e-18  -2.51634e-19   -8.99246e-07  -5.85809e-09
 -3.9000000e+03   0.0000000e+00   3.0000000e+01    -3.30129e-04  -1.23501e-03   -1.63801e-18  -2.64561e-18   -8.65788e-07  -2.87283e-09
 -3.8000000e+03   0.0000000e+00   3.0000000e+01    -3.30250e-04  -1.23515e-03    1.75114e-18  -2.57538e-18   -8.33383e-07  -1.91997e-10
 -3.7000000e+03   0.0000000e+00   3.0000000e+01    -3.30366e-04  -1.23529e-03   -3.23256e-18  -1.97157e-20   -8.01899e-07   2.22725e-09
 -3.6000000e+03   0.0000000e+00   3.0000000e+01    -3.30479e-04  -1.23542e-03   -1.88532e-18  -7.97033e-19   -7.71358e-07   4.38268e-09
 -3.5000000e+03   0.0000000e+00   3.0000000e+01    -3.30588e-04  -1.23554e-03   -3.94162e-18  -1.09621e-18   -7.41644e-07   6.31058e-09
 -3.4000000e+03   0.0000000e+00   3.0000000e+01    -3.30694e-04  -1.23566e-03    2.30830e-18  -2.01391e-18   -7.12779e-07   8.00796e-09
 -3.3000000e+03   0.0000000e+00   3.0000000e+01    -3.30795e-04  -1.23578e-03    2.27211e-18  -7.04522e-18   -6.84656e-07   9.50688e-09
 -3.2000000e+03   0.0000000e+00   3.0000000e+01    -3.30893e-04  -1.23589e-03   -5.68995e-18  -1.52737e-18   -6.57295e-07   1.08051e-08
 -3.1000000e+03   0.0000000e+00   3.0000000e+01    -3.30988e-04  -1.23599e-03    3.82382e-18  -2.98994e-18   -6.30600e-07   1.19298e-08
 -3.0000000e+03   0.0000000e+00   3.0000000e+01    -3.31079e-04  -1.23610e-03    1.57307e-18   1.90647e-18   -6.04592e-07   1.28784e-08
 -2.9000000e+03   0.0000000e+00   3.0000000e+01    -3.31166e-04  -1.23619e-03    6.36433e-18   2.95012e-18   -5.79182e-07   1.36753e-08
 -2.8000000e+03   0.0000000e+00   3.0000000e+01    -3.31250e-04  -1.23629e-03    7.52897e-18   5.34664e-18   -5.54387e-07   1.43185e-08
 -2.7000000e+03   0.0000000e+00   3.0000000e+01    -3.31331e-04  -1.23637e-03    1.01384e-17   6.49984e-18   -5.30129e-07   1.48290e-08
 -2.6000000e+03   0.0000000e+00   3.0000000e+01    -3.31409e-04  -1.23646e-03    2.48569e-18  -9.26361e-19   -5.06423e-07   1.52047e-08
 -2.5000000e+03   0.0000000e+00   3.0000000e+01    -3.31483e-04  -1.23654e-03   -5.70646e-18  -6.07957e-18   -4.83198e-07   1.54643e-08
 -2.4000000e+03   0.0000000e+00   3.0000000e+01    -3.31554e-04  -1.23662e-03    7.10258e-18   1.43406e-18   -4.60466e-07   1.56066e-08
 -2.3000000e+03   0.0000000e+00   3.0000000e+01    -3.31622e-04  -1.23669e-03    8.20835e-18   2.52094e-18   -4.38163e-07   1.56476e-08
 -2.2000000e+03   0.0000000e+00   3.0000000e+01    -3.31686e-04  -1.23676e-03   -3.51707e-18   6.49925e-18   -4.16301e-07   1.55860e-08
 -2.1000000e+03   0.0000000e+00   3.0000000e+01    -3.31748e-04  -1.23683e-03   -8.93422e-19   2.29549e-18   -3.94820e-07   1.54363e-08
 -2.0000000e+03   0.0000000e+00   3.0000000e+01    -3.31807e-04  -1.23689e-03    4.08837e-18   3.35882e-18   -3.73729e-07   1.51979e-08
 -1.9000000e+03   0.0000000e+00   3.0000000e+01    -3.31862e-04  -1.23695e-03    6.50482e-18   6.51672e-18   -3.52976e-07   1.48832e-08
 -1.8000000e+03   0.0000000e+00   3.0000000e+01    -3.31914e-04  -1.23700e-03   -5.03446e-18  -1.23343e-18   -3.32567e-07   1.44915e-08
 -1.7000000e+03   0.0000000e+00   3.0000000e+01    -3.31964e-04  -1.23706e-03   -1.52050e-18  -4.91634e-19   -3.12456e-07   1.40342e-08
 -1.6000000e+03   0.0000000e+00   3.0000000e+01    -3.32010e-04  -1.23710e-03   -4.12903e-18   1.14390e-18   -2.92644e-07   1.35112e-08
 -1.5000000e+03   0.0000000e+00   3.0000000e+01    -3.32054e-04  -1.23715e-03   -4.68668e-18  -7.30709e-19   -2.73090e-07   1.29321e-08
 -1.4000000e+03   0.0000000e+00   3.0000000e+01    -3.32095e-04  -1.23719e-03    2.09060e-18   5.55455e-18   -2.53797e-07   1.22970e-08
 -1.3000000e+03   0.0000000e+00   3.0000000e+01    -3.32132e-04  -1.23723e-03   -3.14697e-18   3.92551e-18   -2.34726e-07   1.16147e-08
 -1.2000000e+03   0.0000000e+00   3.0000000e+01    -3.32167e-04  -1.23727e-03   -1.21889e-17  -4.50968e-19   -2.15875e-07   1.08857e-08
 -1.1000000e+03   0.0000000e+00   3.0000000e+01    -3.32199e-04  -1.23730e-03    4.34199e-18  -1.25542e-19   -1.97211e-07   1.01174e-08
 -1.0000000e+03   0.0000000e+00   3.0000000e+01    -3.32228e-04  -1.23733e-03    9.87444e-19   1.88433e-19   -1.78732e-07   9.31047e-09
 -9.0000000e+02   0.0000000e+00   3.0000000e+01    -3.32255e-04  -1.23736e-03    4.30652e-18  -1.50064e-18   -1.60406e-07   8.47176e-09
 -8.0000000e+02   0.0000000e+00   3.0000000e+01    -3.32278e-04  -1.23739e-03    2.01193e-18  -3.55667e-19   -1.42229e-07   7.60247e-09
 -7.0000000e+02   0.0000000e+00   3.0000000e+01    -3.32299e-04  -1.23741e-03   -4.17212e-18  -1.69746e-18   -1.24174e-07   6.70828e-09
 -6.0000000e+02   0.0000000e+00   3.0000000e+01    -3.32317e-04  -1.23743e-03    3.20427e-18   1.68387e-18   -1.06234e-07   5.79064e-09
 -5.0000000e+02   0.0000000e+00   3.0000000e+01    -3.32332e-04  -1.23744e-03   -1.27959e-17   1.79198e-18   -8.83839e-08   4.85463e-09
 -4.0000000e+02   0.0000000e+00   3.0000000e+01    -3.32344e-04  -1.23745e-03   -5.92235e-18   1.42763e-18   -7.06147e-08   3.90228e-09
 -3.0000000e+02   0.0000000e+00   3.0000000e+01    -3.32354e-04  -1.23746e-03   -7.68462e-18   2.13979e-18   -5.29053e-08   2.93789e-09
 -2.0000000e+02   0.0000000e+00   3.0000000e+01    -3.32361e-04  -1.23747e-03    3.55276e-18  -1.59997e-19   -3.52453e-08   1.96360e-09
 -1.0000000e+02   0.0000000e+00   3.0000000e+01    -3.32365e-04  -1.23747e-03   -8.60981e-18  -6.44198e-18   -1.76149e-08   9.83356e-10
  0.0000000e+00   0.0000000e+00   3.0000000e+01    -3.32366e-04  -1.23748e-03   -1.07844e-18  -1.67080e-18   -2.16840e-18  -2.16840e-18
  1.0000000e+02   0.0000000e+00   3.0000000e+01    -3.32365e-04  -1.23747e-03   -4.83554e-18   3.24130e-19    1.76149e-08  -9.83356e-10
  2.0000000e+02   0.0000000e+00   3.0000000e+01    -3.32361e-04  -1.23747e-03   -1.56661e-18  -9.61091e-20    3.52453e-08  -1.96360e-09
  3.0000000e+02   0.0000000e+00   3.0000000e+01    -3.32354e-04  -1.23746e-03    6.52068e-18   4.92898e-19    5.29053e-08  -2.93789e-09
  4.0000000e+02   0.0000000e+00   3.0000000e+01    -3.32344e-04  -1.23745e-03   -5.76573e-18  -1.48742e-18    7.06147e-08  -3.90228e-09
  5.0000000e+02   0.0000000e+00   3.0000000e+01    -3.32332e-04  -1.23744e-03   -2.69075e-18   1.43956e-18    8.83839e-08  -4.85463e-09
  6.0000000e+02   0.0000000e+00   3.0000000e+01    -3.32317e-04  -1.23743e-03   -3.42088e-18   8.52149e-19    1.06234e-07  -5.79064e-09
  7.0000000e+02   0.0000000e+00   3.0000000e+01    -3.32299e-04  -1.23741e-03   -4.85784e-18   1.35260e-18    1.24174e-07  -6.70828e-09
  8.0000000e+02   0.0000000e+00   3.0000000e+01    -3.32278e-04  -1.23739e-03    1.04620e-18  -3.82054e-18    1.42229e-07  -7.60247e-09
  9.0000000e+02   0.0000000e+00   3.0000000e+01    -3.32255e-04  -1.23736e-03    2.27590e-18  -2.24182e-18    1.60406e-07  -8.47176e-09
  1.0000000e+03   0.0000000e+00   3.0000000e+01    -3.32228e-04  -1.23733e-03    1.87832e-18   7.41345e-19    1.78732e-07  -9.31047e-09
  1.1000000e+03   0.0000000e+00   3.0000000e+01    -3.32199e-04  -1.23730e-03   -1.16656e-18   9.95910e-19    1.97211e-07  -1.01174e-08
  1.2000000e+03   0.0000000e+00   3.0000000e+01    -3.32167e-04  -1.23727e-03   -2.88365e-19  -6.38215e-19    2.15875e-07  -1.08857e-08
  1.3000000e+03   0.0000000e+00   3.0000000e+01    -3.32132e-04  -1.23723e-03    5.26033e-18   3.18457e-18    2.34726e-07  -1.16147e-08
  1.4000000e+03   0.0000000e+00   3.0000000e+01    -3.32095e-04  -1.23719e-03   -1.12906e-17  -1.00987e-18    2.53797e-07  -1.22970e-08
  1.5000000e+03   0.0000000e+00   3.0000000e+01    -3.32054e-04  -1.23715e-03   -1.03885e-17  -7.14818e-18    2.73090e-07  -1.29321e-08
  1.6000000e+03   0.0000000e+00   3.0000000e+01    -3.32010e-04  -1.23710e-03    5.32995e-18   2.77267e-19    2.92644e-07  -1.35112e-08
  1.7000000e+03   0.0000000e+00   3.0000000e+01    -3.31964e-04  -1.23706e-03   -1.03936e-18  -1.44542e-19    3.12456e-07  -1.40342e-08
  1.8000000e+03   0.0000000e+00   3.0000000e+01    -3.31914e-04  -1.23700e-03    3.93141e-18  -6.15454e-19    3.32567e-07  -1.44915e-08
  1.9000000e+03   0.0000000e+00   3.0000000e+01    -3.31862e-04  -1.23695e-03   -5.42379e-18  -2.72103e-18    3.52976e-07  -1.48832e-08
  2.0000000e+03   0.0000000e+00   3.0000000e+01    -3.31807e-04  -1.23689e-03   -6.47111e-18  -1.69114e-18    3.73729e-07  -1.51979e-08
  2.1000000e+03   0.0000000e+00   3.0000000e+01    -3.31748e-04  -1.23683e-03   -4.57782e-18  -3.10190e-18    3.94820e-07  -1.54363e-08
  2.2000000e+03   0.0000000e+00   3.0000000e+01    -3.31686e-04  -1.23676e-03    2.22752e-18   7.65986e-19    4.16301e-07  -1.55860e-08
  2.3000000e+03   0.0000000e+00   3.0000000e+01    -3.31622e-04  -1.23669e-03    3.11503e-18  -1.22771e-18    4.38163e-07  -1.56476e-08
  2.4000000e+03   0.0000000e+00   3.0000000e+01    -3.31554e-04  -1.23662e-03   -5.11908e-19  -3.37735e-19    4.60466e-07  -1.56066e-08
  2.5000000e+03   0.0000000e+00   3.0000000e+01    -3.31483e-04  -1.23654e-03    4.41845e-18   1.11689e-18    4.83198e-07  -1.54643e-08
  2.6000000e+03   0.0000000e+00   3.0000000e+01    -3.31409e-04  -1.23646e-03    7.60040e-18   3.09249e-19    5.06423e-07  -1.52047e-08
  2.7000000e+03   0.0000000e+00   3.0000000e+01    -3.31331e-04  -1.23637e-03   -2.26845e-18   4.52558e-18    5.30129e-07  -1.48290e-08
  2.8000000e+03   0.0000000e+00   3.0000000e+01    -3.31250e-04  -1.23629e-03    7.76918e-18   4.54332e-18    5.54387e-07  -1.43185e-08
  2.9000000e+03   0.0000000e+00   3.0000000e+01    -3.31166e-04  -1.23619e-03    6.12114e-18   3.81731e-18    5.79182e-07  -1.36753e-08
  3.0000000e+03   0.0000000e+00   3.0000000e+01    -3.31079e-04  -1.23610e-03    6.84134e-19   8.58116e-19    6.04592e-07  -1.28784e-08
  3.1000000e+03   0.0000000e+00   3.0000000e+01    -3.30988e-04  -1.23599e-03    1.21688e-18  -1.58642e-18    6.30600e-07  -1.19298e-08
  3.2000000e+03   0.0000000e+00   3.0000000e+01    -3.30893e-04  -1.23589e-03    6.77391e-18   2.76326e-18    6.57295e-07  -1.08051e-08
  3.3000000e+03   0.0000000e+00   3.0000000e+01    -3.30795e-04  -1.23578e-03   -2.21157e-18  -7.35815e-18    6.84656e-07  -9.50688e-09
  3.4000000e+03   0.0000000e+00   3.0000000e+01    -3.30694e-04  -1.23566e-03   -2.87528e-18   8.41792e-19    7.12779e-07  -8.00796e-09
  3.5000000e+03   0.0000000e+00   3.0000000e+01    -3.30588e-04  -1.23554e-03    8.65551e-18  -5.53712e-18    7.41644e-07  -6.31058e-09
  3.6000000e+03   0.0000000e+00   3.0000000e+01    -3.30479e-04  -1.23542e-03    4.23097e-18   3.78264e-18    7.71358e-07  -4.38268e-09
  3.7000000e+03   0.0000000e+00   3.0000000e+01    -3.30366e-04  -1.23529e-03   -1.01411e-18   9.62084e-19    8.01899e-07  -2.22725e-09
  3.8000000e+03   0.0000000e+00   3.0000000e+01    -3.30250e-04  -1.23515e-03   -6.14155e-18  -4.65775e-18    8.33383e-07   1.91997e-10
  3.9000000e+03   0.0000000e+00   3.0000000e+01    -3.30129e-04  -1.23501e-03    7.72245e-19  -1.25835e-18    8.65788e-07   2.87283e-09
  4.0000000e+03   0.0000000e+00   3.0000000e+01    -3.30005e-04  -1.23486e-03   -2.54621e-18  -2.54573e-18    8.99246e-07   5.85809e-09
  4.1000000e+03   0.0000000e+00   3.0000000e+01    -3.29876e-04  -1.23471e-03   -6.78365e-18   1.68881e-18    9.33730e-07   9.14502e-09
  4.2000000e+03   0.0000000e+00   3.0000000e+01    -3.29743e-04  -1.23455e-03   -3.53451e-18  -9.74856e-20    9.69386e-07   1.27833e-08
  4.3000000e+03   0.0000000e+00   3.0000000e+01    -3.29607e-04  -1.23438e-03    3.74246e-18  -6.97307e-18    1.00619e-06   1.67711e-08
  4.4000000e+03   0.0000000e+00   3.0000000e+01    -3.29466e-04  -1.23421e-03   -3.57887e-18  -1.15492e-18    1.04430e-06   2.11681e-08
  4.5000000e+03   0.0000000e+00   3.0000000e+01    -3.29320e-04  -1.23403e-03   -8.62859e-19   2.04281e-18    1.08370e-06   2.59726e-08
  4.6000000e+03   0.0000000e+00   3.0000000e+01    -3.29170e-04  -1.23385e-03    8.17555e-20   1.03271e-18    1.12456e-06   3.12541e-08
  4.7000000e+03   0.0000000e+00   3.0000000e+01    -3.29016e-04  -1.23365e-03    9.96161e-18   7.39559e-18    1.16685e-06   3.70131e-08
  4.8000000e+03   0.0000000e+00   3.0000000e+01    -3.28857e-04  -1.23345e-03    6.02583e-18   2.76241e-18    1.21079e-06   4.33343e-08
  4.9000000e+03   0.0000000e+00   3.0000000e+01    -3.28693e-04  -1.23324e-03   -1.26464e-17   1.72563e-18    1.25633e-06   5.02190e-08
  5.0000000e+03   0.0000000e+00   3.0000000e+01    -3.28525e-04  -1.23303e-03   -5.86527e-18  -1.72902e-18    1.30372e-06   5.77679e-08
  5.1000000e+03   0.0000000e+00   3.0000000e+01    -3.28352e-04  -1.23280e-03   -5.95532e-18   3.27120e-19    1.35291e-06   6.59860e-08
  5.2000000e+03   0.0000000e+00   3.0000000e+01    -3.28174e-04  -1.23256e-03    2.66201e-18   9.10577e-19    1.40417e-06   7.49971e-08
  5.3000000e+03   0.0000000e+00   3.0000000e+01    -3.27991e-04  -1.23232e-03    2.19660e-18   4.02452e-19    1.45746e-06   8.48084e-08
  5.4000000e+03   0.0000000e+00   3.0000000e+01    -3.27803e-04  -1.23207e-03   -1.99235e-18   3.81018e-18    1.51308e-06   9.55691e-08
  5.5000000e+03   0.0000000e+00   3.0000000e+01    -3.27609e-04  -1.23180e-03    1.39343e-17   1.99701e-18    1.57098e-06   1.07293e-07
  5.6000000e+03   0.0000000e+00   3.0000000e+01    -3.27411e-04  -1.23153e-03    3.25749e-18   1.92978e-18    1.63150e-06   1.20165e-07
  5.7000000e+03   0.0000000e+00   3.0000000e+01    -3.27207e-04  -1.23124e-03   -2.48784e-18  -6.12582e-18    1.69459e-06   1.34202e-07
  5.8000000e+03   0.0000000e+00   3.0000000e+01    -3.26998e-04  -1.23094e-03   -8.87614e-19   8.22604e-19    1.76063e-06   1.49631e-07
  5.9000000e+03   0.0000000e+00   3.0000000e+01    -3.26783e-04  -1.23063e-03    7.94600e-19   1.33770e-18    1.82955e-06   1.66477e-07
  6.0000000e+03   0.0000000e+00   3.0000000e+01    -3.26564e-04  -1.23031e-03   -5.77224e-18  -2.56650e-18    1.90180e-06   1.85023e-07
  6.1000000e+03   0.0000000e+00   3.0000000e+01    -3.26338e-04  -1.22997e-03    2.72521e-18  -1.20388e-19    1.97729e-06   2.05301e-07
  6.2000000e+03   0.0000000e+00   3.0000000e+01    -3.26107e-04  -1.22962e-03   -6.98227e-18  -4.48581e-19    2.05650e-06   2.27655e-07
  6.3000000e+03   0.0000000e+00   3.0000000e+01    -3.25871e-04  -1.22925e-03    2.54850e-18  -2.21238e-18    2.13936e-06   2.52134e-07
  6.4000000e+03   0.0000000e+00   3.0000000e+01    -3.25629e-04  -1.22887e-03    3.05308e-18  -9.44878e-19    2.22639e-06   2.79164e-07
  6.5000000e+03   0.0000000e+00   3.0000000e+01    -3.25381e-04  -1.22847e-03    6.85686e-19  -9.63211e-19    2.31750e-06   3.08803e-07
  6.6000000e+03   0.0000000e+00   3.0000000e+01    -3.25128e-04  -1.22806e-03    5.79310e-18   1.56093e-18    2.41327e-06   3.41574e-07
  6.7000000e+03   0.0000000e+00   3.0000000e+01    -3.24869e-04  -1.22763e-03    6.61632e-18  -8.23930e-18    2.51359e-06   3.77553e-07
  6.8000000e+03   0.0000000e+00   3.0000000e+01    -3.24605e-04  -1.22718e-03   -3.00997e-18   2.91848e-18    2.61910e-06   4.17389e-07
  6.9000000e+03   0.0000000e+00   3.0000000e+01    -3.24335e-04  -1.22671e-03   -6.86702e-18  -1.60583e-18    2.72965e-06   4.61170e-07
  7.0000000e+03   0.0000000e+00   3.0000000e+01    -3.24060e-04  -1.22621e-03   -1.28230e-17  -6.95225e-18    2.84594e-06   5.09687e-07
  7.1000000e+03   0.0000000e+00   3.0000000e+01    -3.23780e-04  -1.22570e-03   -3.67750e-18  -2.01171e-18    2.96779e-06   5.63053e-07
  7.2000000e+03   0.0000000e+00   3.0000000e+01    -3.23495e-04  -1.22516e-03    4.77446e-18   9.88064e-19    3.09596e-06   6.22239e-07
  7.3000000e+03   0.0000000e+00   3.0000000e+01    -3.23205e-04  -1.22460e-03   -3.32934e-20  -2.31761e-18    3.23022e-06   6.87370e-07
  7.4000000e+03   0.0000000e+00   3.0000000e+01    -3.22911e-04  -1.22402e-03    3.61878e-18  -5.58968e-19    3.37134e-06   7.59627e-07
  7.5000000e+03   0.0000000e+00   3.0000000e+01    -3.22613e-04  -1.22340e-03   -7.30295e-20   6.16714e-19    3.51907e-06   8.39157e-07
  7.6000000e+03   0.0000000e+00   3.0000000e+01    -3.22310e-04  -1.22276e-03    5.58978e-18   1.43645e-18    3.67422e-06   9.27399e-07
  7.7000000e+03   0.0000000e+00   3.0000000e+01    -3.22004e-04  -1.22209e-03   -4.44717e-18  -7.00470e-18    3.83644e-06   1.02451e-06
  7.8000000e+03   0.0000000e+00   3.0000000e+01    -3.21695e-04  -1.22139e-03   -4.69608e-19  -5.76168e-18    4.00654e-06   1.13222e-06
  7.9000000e+03   0.0000000e+00   3.0000000e+01    -3.21383e-04  -1.22066e-03   -4.91598e-18  -6.53638e-18    4.18411e-06   1.25071e-06
  8.0000000e+03   0.0000000e+00   3.0000000e+01    -3.21069e-04  -1.21989e-03   -3.61616e-19  -4.77342e-18    4.36995e-06   1.38206e-06
  8.1000000e+03   0.0000000e+00   3.0000000e+01    -3.20754e-04  -1.21909e-03    4.42731e-18  -6.82457e-18    4.56354e-06   1.52645e-06
  8.2000000e+03   0.0000000e+00   3.0000000e+01    -3.20438e-04  -1.21825e-03   -5.24427e-18  -5.08591e-18    4.76559e-06   1.68635e-06
  8.3000000e+03   0.0000000e+00   3.0000000e+01    -3.20121e-04  -1.21736e-03    1.50002e-20  -8.55199e-18    4.97549e-06   1.86197e-06
  8.4000000e+03   0.0000000e+00   3.0000000e+01    -3.19805e-04  -1.21644e-03    4.40196e-18  -7.63536e-18    5.19384e-06   2.05624e-06
  8.5000000e+03   0.0000000e+00   3.0000000e+01    -3.19490e-04  -1.21547e-03   -8.60790e-18  -8.79089e-18    5.41988e-06   2.26936e-06
  8.6000000e+03   0.0000000e+00   3.0000000e+01    -3.19178e-04  -1.21446e-03    8.01442e-18  -3.33666e-18    5.65404e-06   2.50477e-06
  8.7000000e+03   0.0000000e+00   3.0000000e+01    -3.18869e-04  -1.21340e-03    2.07243e-18  -2.65491e-18    5.89541e-06   2.76267e-06
  8.8000000e+03   0.0000000e+00   3.0000000e+01    -3.18564e-04  -1.21229e-03   -2.27596e-18  -3.66810e-18    6.14417e-06   3.04715e-06
  8.9000000e+03   0.0000000e+00   3.0000000e+01    -3.18265e-04  -1.21112e-03   -2.78074e-18  -1.97085e-18    6.39922e-06   3.35834e-06
  9.0000000e+03   0.0000000e+00   3.0000000e+01    -3.17971e-04  -1.20989e-03   -1.23733e-17  -3.70250e-18    6.66037e-06   3.70103e-06
  9.1000000e+03   0.0000000e+00   3.0000000e+01    -3.17686e-04  -1.20861e-03    5.45686e-18  -2.52715e-18    6.92635e-06   4.07532e-06
  9.2000000e+03   0.0000000e+00   3.0000000e+01    -3.17410e-04  -1.20726e-03    2.02932e-18   2.03098e-18    7.19652e-06   4.48684e-06
  9.3000000e+03   0.0000000e+00   3.0000000e+01    -3.17144e-04  -1.20584e-03    3.28595e-19  -1.28809e-18    7.46938e-06   4.93564e-06
  9.4000000e+03   0.0000000e+00   3.0000000e+01    -3.16889e-04  -1.20435e-03   -1.97433e-18  -1.19691e-18    7.74366e-06   5.42821e-06
  9.5000000e+03   0.0000000e+00   3.0000000e+01    -3.16647e-04  -1.20277e-03    2.56869e-18  -1.23191e-18    8.01763e-06   5.96459e-06
  9.6000000e+03   0.0000000e+00   3.0000000e+01    -3.16419e-04  -1.20112e-03    4.63236e-18   2.93576e-18    8.28925e-06   6.55229e-06
  9.7000000e+03   0.0000000e+00   3.0000000e+01    -3.16207e-04  -1.19937e-03   -8.09817e-19   2.55730e-18    8.55650e-06   7.19099e-06
  9.8000000e+03   0.0000000e+00   3.0000000e+01    -3.16011e-04  -1.19753e-03   -3.87505e-18   6.95812e-18    8.81622e-06   7.88850e-06
  9.9000000e+03   0.0000000e+00   3.0000000e+01    -3.15833e-04  -1.19558e-03    1.69621e-18   3.81133e-18    9.06593e-06   8.64221e-06
  1.0000000e+04   0.0000000e+00   3.0000000e+01    -3.15676e-04  -1.19352e-03    5.77845e-18   6.92441e-18    9.30048e-06   9.45184e-06
  1.0500000e+04   0.0000000e+00   3.0000000e+01    -3.15211e-04  -1.18092e-03    3.87295e-18   5.18797e-19    1.01264e-05   1.49417e-05
