 -1.0500000e+04   0.0000000e+00   3.0000000e+01    -2.16840e-18  -2.38524e-18    3.64079e-04   1.09270e-03   -7.17003e-18  -1.81223e-18
 -1.0000000e+04   0.0000000e+00   3.0000000e+01    -8.67362e-19   4.33681e-19    3.63696e-04   1.09094e-03    5.25134e-19   6.97293e-19
 -9.9000000e+03   0.0000000e+00   3.0000000e+01     3.46945e-18  -2.92735e-18    3.63640e-04   1.09057e-03    4.36577e-18   4.43898e-19
 -9.8000000e+03   0.0000000e+00   3.0000000e+01     5.20417e-18   2.60209e-18    3.63584e-04   1.09021e-03   -8.90390e-19  -1.05535e-19
 -9.7000000e+03   0.0000000e+00   3.0000000e+01     3.03577e-18   1.40946e-18    3.63528e-04   1.08985e-03   -5.39962e-18  -1.42270e-18
 -9.6000000e+03   0.0000000e+00   3.0000000e+01    -8.67362e-19   8.67362e-19    3.63470e-04   1.08951e-03    4.21211e-18  -1.20816e-18
 -9.5000000e+03   0.0000000e+00   3.0000000e+01     5.20417e-18   1.08420e-18    3.63410e-04   1.08918e-03   -2.44004e-18   3.62324e-18
 -9.4000000e+03   0.0000000e+00   3.0000000e+01     6.07153e-18   3.68629e-18    3.63347e-04   1.08886e-03   -2.76681e-18   2.55711e-19
 -9.3000000e+03   0.0000000e+00   3.0000000e+01     2.60209e-18   5.42101e-18    3.63283e-04   1.08855e-03    5.79053e-19   1.33844e-18
 -9.2000000e+03   0.0000000e+00   3.0000000e+01    -2.60209e-18   5.85469e-18    3.63216e-04   1.08826e-03    3.49089e-18   1.74257e-18
 -9.1000000e+03   0.0000000e+00   3.0000000e+01     3.90313e-18   5.74627e-18    3.63148e-04   1.08797e-03   -1.40337e-18   1.64986e-18
 -9.0000000e+03   0.0000000e+00   3.0000000e+01     0.00000e+00   5.20417e-18    3.63078e-04   1.08769e-03    2.19472e-18   6.36903e-19
 -8.9000000e+03   0.0000000e+00   3.0000000e+01     4.33681e-19   1.40946e-18    3.63006e-04   1.08743e-03    2.51669e-18  -2.17370e-19
 -8.8000000e+03   0.0000000e+00   3.0000000e+01     1.73472e-18   2.16840e-19    3.62934e-04   1.08717e-03   -9.71494e-19   2.21573e-18
 -8.7000000e+03   0.0000000e+00   3.0000000e+01    -3.03577e-18   0.00000e+00    3.62860e-04   1.08693e-03    3.31158e-18   1.75235e-18
 -8.6000000e+03   0.0000000e+00   3.0000000e+01     4.33681e-18   0.00000e+00    3.62786e-04   1.08669e-03   -1.90582e-20   5.68809e-19
 -8.5000000e+03   0.0000000e+00   3.0000000e+01     6.50521e-18  -9.75782e-19    3.62711e-04   1.08646e-03    1.41979e-18   1.39043e-18
 -8.4000000e+03   0.0000000e+00   3.0000000e+01     1.73472e-18   6.50521e-19    3.62636e-04   1.08625e-03    4.07349e-18   1.30072e-19
 -8.3000000e+03   0.0000000e+00   3.0000000e+01     4.77049e-18  -8.67362e-19    3.62561e-04   1.08604e-03   -1.25874e-18   6.22013e-19
 -8.2000000e+03   0.0000000e+00   3.0000000e+01     7.80626e-18  -4.33681e-19    3.62486e-04   1.08584e-03    2.62289e-19  -1.57910e-18
 -8.1000000e+03   0.0000000e+00   3.0000000e+01     6.93889e-18   1.40946e-18    3.62411e-04   1.08564e-03   -1.89232e-18  -1.20011e-18
 -8.0000000e+03   0.0000000e+00   3.0000000e+01     4.77049e-18   8.67362e-19    3.62336e-04   1.08545e-03    5.95782e-19  -1.93176e-19
 -7.9000000e+03   0.0000000e+00   3.0000000e+01     3.03577e-18   1.08420e-18    3.62262e-04   1.08527e-03    1.55626e-18   2.56864e-18
 -7.8000000e+03   0.0000000e+00   3.0000000e+01     3.03577e-18   1.08420e-18    3.62188e-04   1.08510e-03    1.38230e-18   6.43169e-19
 -7.7000000e+03   0.0000000e+00   3.0000000e+01     1.73472e-18   1.30104e-18    3.62115e-04   1.08493e-03    2.12547e-18   2.03465e-18
 -7.6000000e+03   0.0000000e+00   3.0000000e+01     1.30104e-18   1.30104e-18    3.62042e-04   1.08477e-03   -3.59896e-18   6.32535e-19
 -7.5000000e+03   0.0000000e+00   3.0000000e+01     3.46945e-18  -4.33681e-19    3.61971e-04   1.08462e-03   -7.33928e-19   1.71302e-18
 -7.4000000e+03   0.0000000e+00   3.0000000e+01     6.93889e-18   2.16840e-19    3.61900e-04   1.08447e-03    1.81655e-18   1.82202e-18
 -7.3000000e+03   0.0000000e+00   3.0000000e+01     6.72205e-18  -4.33681e-19    3.61830e-04   1.08433e-03    4.07156e-18  -5.68994e-19
 -7.2000000e+03   0.0000000e+00   3.0000000e+01     4.33681e-19   0.00000e+00    3.61761e-04   1.08419e-03    1.72914e-18   1.05550e-18
 -7.1000000e+03   0.0000000e+00   3.0000000e+01    -2.16840e-19   1.40946e-18    3.61693e-04   1.08406e-03    7.88429e-19   1.10325e-18
 -7.0000000e+03   0.0000000e+00   3.0000000e+01     0.00000e+00   1.95156e-18    3.61626e-04   1.08393e-03   -2.13479e-18  -5.19096e-19
 -6.9000000e+03   0.0000000e+00   3.0000000e+01     3.25261e-18   5.42101e-19    3.61560e-04   1.08381e-03   -1.24882e-18  -1.54785e-18
 -6.8000000e+03   0.0000000e+00   3.0000000e+01     6.50521e-18   2.38524e-18    3.61495e-04   1.08369e-03   -2.26891e-18   5.44569e-19
 -6.7000000e+03   0.0000000e+00   3.0000000e+01     3.25261e-18   3.52366e-18    3.61431e-04   1.08357e-03    3.77433e-19   5.41181e-19
 -6.6000000e+03   0.0000000e+00   3.0000000e+01     5.20417e-18   1.62630e-18    3.61368e-04   1.08346e-03   -4.83444e-19  -1.60513e-18
 -6.5000000e+03   0.0000000e+00   3.0000000e+01     3.03577e-18   2.05998e-18    3.61307e-04   1.08336e-03   -1.09601e-18  -3.41414e-19
 -6.4000000e+03   0.0000000e+00   3.0000000e+01     9.54098e-18   4.87891e-18    3.61247e-04   1.08325e-03   -3.90278e-18  -6.06059e-19
 -6.3000000e+03   0.0000000e+00   3.0000000e+01     3.68629e-18   4.06576e-18    3.61187e-04   1.08315e-03   -4.17251e-18  -1.39721e-18
 -6.2000000e+03   0.0000000e+00   3.0000000e+01     7.37257e-18   3.68629e-18    3.61129e-04   1.08306e-03   -5.54661e-18  -1.93715e-18
 -6.1000000e+03   0.0000000e+00   3.0000000e+01     5.42101e-18   3.08998e-18    3.61072e-04   1.08297e-03    1.17179e-18  -5.85650e-19
 -6.0000000e+03   0.0000000e+00   3.0000000e+01     9.54098e-18   4.87891e-18    3.61017e-04   1.08288e-03   -4.52658e-18  -1.04892e-18
 -5.9000000e+03   0.0000000e+00   3.0000000e+01     7.58942e-18   2.71051e-18    3.60962e-04   1.08279e-03    3.52167e-18   1.26717e-18
 -5.8000000e+03   0.0000000e+00   3.0000000e+01     4.77049e-18   2.27682e-18    3.60909e-04   1.08271e-03    2.18137e-18   1.81253e-18
 -5.7000000e+03   0.0000000e+00   3.0000000e+01     3.03577e-18   2.00577e-18    3.60857e-04   1.08263e-03    1.21997e-18   2.57132e-18
 -5.6000000e+03   0.0000000e+00   3.0000000e+01     3.90313e-18   5.42101e-19    3.60805e-04   1.08255e-03    2.48428e-18  -1.26337e-18
 -5.5000000e+03   0.0000000e+00   3.0000000e+01     2.81893e-18  -1.08420e-19    3.60755e-04   1.08248e-03    5.80972e-19   2.43290e-18
 -5.4000000e+03   0.0000000e+00   3.0000000e+01     2.16840e-18  -7.58942e-19    3.60707e-04   1.08241e-03    9.47439e-19  -1.08137e-18
 -5.3000000e+03   0.0000000e+00   3.0000000e+01    -8.67362e-19   3.25261e-19    3.60659e-04   1.08234e-03   -1.52278e-18  -1.02184e-18
 -5.2000000e+03   0.0000000e+00   3.0000000e+01     2.60209e-18   1.95156e-18    3.60613e-04   1.08227e-03    3.55747e-19  -2.94486e-19
 -5.1000000e+03   0.0000000e+00   3.0000000e+01     2.81893e-18   1.84314e-18    3.60567e-04   1.08221e-03    1.45658e-18  -1.47856e-18
 -5.0000000e+03   0.0000000e+00   3.0000000e+01    -4.33681e-19   5.42101e-18    3.60523e-04   1.08214e-03    3.41956e-19  -7.71769e-19
 -4.9000000e+03   0.0000000e+00   3.0000000e+01     1.30104e-18   4.22839e-18    3.60480e-04   1.08208e-03   -3.77030e-18  -8.00711e-22
 -4.8000000e+03   0.0000000e+00   3.0000000e+01    -2.60209e-18  -2.16840e-19    3.60437e-04   1.08203e-03    3.79058e-18   1.07777e-18
 -4.7000000e+03   0.0000000e+00   3.0000000e+01    -1.95156e-18   2.60209e-18    3.60396e-04   1.08197e-03    3.17342e-18   3.49042e-18
 -4.6000000e+03   0.0000000e+00   3.0000000e+01     3.90313e-18   4.98733e-18    3.60356e-04   1.08192e-03    4.98534e-18  -9.28841e-21
 -4.5000000e+03   0.0000000e+00   3.0000000e+01    -3.68629e-18   1.73472e-18    3.60317e-04   1.08186e-03    9.73810e-19   8.34190e-19
 -4.4000000e+03   0.0000000e+00   3.0000000e+01     4.33681e-19   1.30104e-18    3.60279e-04   1.08181e-03    1.32733e-18   8.37196e-19
 -4.3000000e+03   0.0000000e+00   3.0000000e+01     1.08420e-18   1.30104e-18    3.60243e-04   1.08177e-03    3.22382e-18   2.86413e-18
 -4.2000000e+03   0.0000000e+00   3.0000000e+01    -8.67362e-19   3.36103e-18    3.60207e-04   1.08172e-03    2.91637e-18   1.25326e-18
 -4.1000000e+03   0.0000000e+00   3.0000000e+01    -3.03577e-18   3.14419e-18    3.60172e-04   1.08168e-03   -3.96519e-18   1.37242e-18
 -4.0000000e+03   0.0000000e+00   3.0000000e+01     3.03577e-18   2.60209e-18    3.60138e-04   1.08163e-03   -2.31188e-18   3.24271e-19
 -3.9000000e+03   0.0000000e+00   3.0000000e+01     5.42101e-19   3.68629e-18    3.60105e-04   1.08159e-03    3.78969e-18   2.99975e-18
 -3.8000000e+03   0.0000000e+00   3.0000000e+01    -6.50521e-19   1.73472e-18    3.60073e-04   1.08155e-03    1.02985e-18   9.12335e-19
 -3.7000000e+03   0.0000000e+00   3.0000000e+01     1.95156e-18   4.06576e-18    3.60042e-04   1.08151e-03    1.69200e-18  -4.45819e-19
 -3.6000000e+03   0.0000000e+00   3.0000000e+01    -2.16840e-19   3.46945e-18    3.60012e-04   1.08147e-03    3.25527e-18   3.06051e-19
 -3.5000000e+03   0.0000000e+00   3.0000000e+01    -2.05998e-18   3.68629e-18    3.59983e-04   1.08144e-03    2.84799e-18  -1.13307e-18
 -3.4000000e+03   0.0000000e+00   3.0000000e+01    -2.60209e-18   3.95734e-18    3.59955e-04   1.08140e-03    1.17393e-18  -1.59925e-18
 -3.3000000e+03   0.0000000e+00   3.0000000e+01    -6.17995e-18   4.11997e-18    3.59928e-04   1.08137e-03    4.07384e-18  -9.52526e-19
 -3.2000000e+03   0.0000000e+00   3.0000000e+01     2.16840e-18   4.71628e-18    3.59902e-04   1.08134e-03   -7.67657e-19  -9.00822e-19
 -3.1000000e+03   0.0000000e+00   3.0000000e+01     7.58942e-19   4.77049e-18    3.59876e-04   1.08131e-03    2.25827e-18  -1.34850e-18
 -3.0000000e+03   0.0000000e+00   3.0000000e+01     3.46945e-18   6.83047e-18    3.59852e-04   1.08128e-03    4.66051e-18  -6.36951e-19
 -2.9000000e+03   0.0000000e+00   3.0000000e+01     1.40946e-18   2.60209e-18    3.59828e-04   1.08125e-03    2.19150e-19   5.49942e-19
 -2.8000000e+03   0.0000000e+00   3.0000000e+01     1.95156e-18   3.08998e-18    3.59806e-04   1.08123e-03    2.25149e-18  -6.11966e-19
 -2.7000000e+03   0.0000000e+00   3.0000000e+01     4.33681e-19   1.02999e-18    3.59784e-04   1.08120e-03    2.06448e-18   5.31758e-19
 -2.6000000e+03   0.0000000e+00   3.0000000e+01    -1.08420e-18   4.33681e-19    3.59763e-04   1.08118e-03   -1.30026e-18  -3.15574e-20
 -2.5000000e+03   0.0000000e+00   3.0000000e+01    -5.74627e-18   0.00000e+00    3.59743e-04   1.08115e-03   -9.02884e-20   1.35463e-18
 -2.4000000e+03   0.0000000e+00   3.0000000e+01    -3.03577e-18   2.05998e-18    3.59724e-04   1.08113e-03   -1.08754e-18   2.78317e-18
 -2.3000000e+03   0.0000000e+00   3.0000000e+01    -1.40946e-18   3.25261e-19    3.59705e-04   1.08111e-03    6.57245e-20   2.86075e-18
 -2.2000000e+03   0.0000000e+00   3.0000000e+01    -1.51788e-18   7.04731e-19    3.59688e-04   1.08109e-03    4.78499e-18   3.92347e-18
 -2.1000000e+03   0.0000000e+00   3.0000000e+01    -1.19262e-18   2.19551e-18    3.59671e-04   1.08107e-03    7.75862e-19   3.98581e-18
 -2.0000000e+03   0.0000000e+00   3.0000000e+01     0.00000e+00   1.30104e-18    3.59655e-04   1.08105e-03   -2.04130e-18   4.13185e-18
 -1.9000000e+03   0.0000000e+00   3.0000000e+01     2.76472e-18   2.49366e-18    3.59640e-04   1.08103e-03    3.25292e-18   5.65453e-19
 -1.8000000e+03   0.0000000e+00   3.0000000e+01     1.95156e-18   2.60209e-18    3.59626e-04   1.08102e-03    2.25699e-18   1.17910e-18
 -1.7000000e+03   0.0000000e+00   3.0000000e+01    -2.43945e-18   2.22261e-18    3.59612e-04   1.08100e-03   -7.89564e-19  -1.19180e-20
 -1.6000000e+03   0.0000000e+00   3.0000000e+01     9.75782e-19   3.25261e-18    3.59600e-04   1.08099e-03   -1.48606e-19   8.32857e-20
 -1.5000000e+03   0.0000000e+00   3.0000000e+01     3.79471e-18   3.87602e-18    3.59588e-04   1.08097e-03   -1.68033e-18   1.12365e-18
 -1.4000000e+03   0.0000000e+00   3.0000000e+01     0.00000e+00   3.27971e-18    3.59577e-04   1.08096e-03   -2.51885e-18  -5.53331e-19
 -1.3000000e+03   0.0000000e+00   3.0000000e+01     2.27682e-18   3.60497e-18    3.59566e-04   1.08095e-03    1.08366e-18  -1.23044e-18
 -1.2000000e+03   0.0000000e+00   3.0000000e+01    -2.16840e-19   8.67362e-19    3.59557e-04   1.08094e-03   -7.64765e-19  -1.42417e-18
 -1.1000000e+03   0.0000000e+00   3.0000000e+01     5.90890e-18   3.07642e-18    3.59548e-04   1.08093e-03    6.86239e-19  -1.96060e-18
 -1.0000000e+03   0.0000000e+00   3.0000000e+01     7.69784e-18   2.52077e-18    3.59540e-04   1.08092e-03   -1.30433e-18  -2.42727e-18
 -9.0000000e+02   0.0000000e+00   3.0000000e+01     3.17129e-18   3.57787e-18    3.59533e-04   1.08091e-03    1.36526e-18  -1.16529e-18
 -8.0000000e+02   0.0000000e+00   3.0000000e+01     4.22839e-18   4.20128e-18    3.59526e-04   1.08091e-03   -2.08721e-18  -1.23584e-18
 -7.0000000e+02   0.0000000e+00   3.0000000e+01     1.76183e-18   1.65341e-18    3.59521e-04   1.08090e-03    4.80350e-18   6.56223e-19
 -6.0000000e+02   0.0000000e+00   3.0000000e+01     1.51788e-18  -1.62630e-19    3.59516e-04   1.08089e-03    5.01210e-18  -6.26025e-20
 -5.0000000e+02   0.0000000e+00   3.0000000e+01     4.74338e-18   1.97189e-18    3.59511e-04   1.08089e-03    4.84828e-18   1.73387e-18
 -4.0000000e+02   0.0000000e+00   3.0000000e+01     3.79471e-18   1.62630e-19    3.59508e-04   1.08089e-03    3.26468e-18   2.84180e-19
 -3.0000000e+02   0.0000000e+00   3.0000000e+01     2.26327e-18  -6.97955e-19    3.59505e-04   1.08088e-03    2.17722e-18   3.10973e-18
 -2.0000000e+02   0.0000000e+00   3.0000000e+01     1.00289e-18   2.40557e-19    3.59504e-04   1.08088e-03    6.65827e-18  -5.17592e-19
 -1.0000000e+02   0.0000000e+00   3.0000000e+01     1.11470e-18   1.11470e-18    3.59502e-04   1.08088e-03   -3.31801e-19  -1.52733e-18
  0.0000000e+00   0.0000000e+00   3.0000000e+01     5.84524e-18   1.79962e-18    3.59502e-04   1.08088e-03   -2.98852e-18   1.49356e-18
  1.0000000e+02   0.0000000e+00   3.0000000e+01     3.66257e-18   3.40507e-19    3.59502e-04   1.08088e-03    1.17655e-19   5.68913e-20
  2.0000000e+02   0.0000000e+00   3.0000000e+01     2.04643e-18  -2.43945e-19    3.59504e-04   1.08088e-03    9.27200e-19   1.45258e-18
  3.0000000e+02   0.0000000e+00   3.0000000e+01     2.10064e-18   7.11508e-20    3.59505e-04   1.08088e-03    1.28709e-20   1.08066e-18
  4.0000000e+02   0.0000000e+00   3.0000000e+01     3.19840e-18  -3.38813e-19    3.59508e-04   1.08089e-03    1.69213e-18   7.59939e-19
  5.0000000e+02   0.0000000e+00   3.0000000e+01    -2.71051e-19  -1.28749e-18    3.59511e-04   1.08089e-03   -9.96251e-19   1.45875e-18
  6.0000000e+02   0.0000000e+00   3.0000000e+01     3.25261e-19  -1.65341e-18    3.59516e-04   1.08089e-03   -2.64357e-18   5.04334e-20
  7.0000000e+02   0.0000000e+00   3.0000000e+01    -6.77626e-19  -8.26704e-19    3.59521e-04   1.08090e-03   -3.08689e-18   2.99445e-18
  8.0000000e+02   0.0000000e+00   3.0000000e+01     3.25261e-19  -1.35525e-20    3.59526e-04   1.08091e-03   -1.34673e-18  -7.96645e-19
  9.0000000e+02   0.0000000e+00   3.0000000e+01    -3.76760e-18  -2.42590e-18    3.59533e-04   1.08091e-03   -4.67078e-18  -2.47184e-18
  1.0000000e+03   0.0000000e+00   3.0000000e+01    -4.33681e-19  -3.22550e-18    3.59540e-04   1.08092e-03   -1.82102e-18  -1.19667e-18
  1.1000000e+03   0.0000000e+00   3.0000000e+01    -1.35525e-18  -2.08709e-18    3.59548e-04   1.08093e-03   -3.40878e-19   1.35496e-18
  1.2000000e+03   0.0000000e+00   3.0000000e+01     1.95156e-18   7.58942e-19    3.59557e-04   1.08094e-03   -1.76359e-18   8.92994e-19
  1.3000000e+03   0.0000000e+00   3.0000000e+01     5.52943e-18  -4.74338e-19    3.59566e-04   1.08095e-03    1.19557e-18   1.17937e-18
  1.4000000e+03   0.0000000e+00   3.0000000e+01     1.19262e-18   2.19551e-18    3.59577e-04   1.08096e-03    4.03537e-18  -1.96644e-19
  1.5000000e+03   0.0000000e+00   3.0000000e+01     1.62630e-19  -1.53144e-18    3.59588e-04   1.08097e-03   -3.68656e-18  -1.22568e-18
  1.6000000e+03   0.0000000e+00   3.0000000e+01     0.00000e+00  -2.03288e-18    3.59600e-04   1.08099e-03   -7.03286e-19  -1.22402e-21
  1.7000000e+03   0.0000000e+00   3.0000000e+01    -1.73472e-18  -2.57498e-18    3.59612e-04   1.08100e-03   -3.47252e-18  -6.23681e-19
  1.8000000e+03   0.0000000e+00   3.0000000e+01     2.92735e-18  -2.43945e-18    3.59626e-04   1.08102e-03   -7.22660e-19  -1.35990e-18
  1.9000000e+03   0.0000000e+00   3.0000000e+01     2.60209e-18  -1.89735e-18    3.59640e-04   1.08103e-03   -1.59083e-18  -4.79624e-20
  2.0000000e+03   0.0000000e+00   3.0000000e+01     0.00000e+00  -2.27682e-18    3.59655e-04   1.08105e-03   -6.30080e-19  -8.81994e-19
  2.1000000e+03   0.0000000e+00   3.0000000e+01    -2.16840e-18  -2.84603e-18    3.59671e-04   1.08107e-03   -2.32211e-18  -5.20077e-19
  2.2000000e+03   0.0000000e+00   3.0000000e+01     2.16840e-19  -3.25261e-19    3.59688e-04   1.08109e-03   -1.54390e-18  -2.32923e-19
  2.3000000e+03   0.0000000e+00   3.0000000e+01     3.03577e-18   4.87891e-19    3.59705e-04   1.08111e-03   -1.18951e-18   1.36253e-18
  2.4000000e+03   0.0000000e+00   3.0000000e+01     0.00000e+00   4.33681e-19    3.59724e-04   1.08113e-03   -6.05079e-18  -1.05371e-18
  2.5000000e+03   0.0000000e+00   3.0000000e+01     3.57787e-18   2.16840e-18    3.59743e-04   1.08115e-03   -4.83076e-18  -1.62318e-19
  2.6000000e+03   0.0000000e+00   3.0000000e+01     3.25261e-18   3.52366e-18    3.59763e-04   1.08118e-03   -2.50117e-18   7.88317e-19
  2.7000000e+03   0.0000000e+00   3.0000000e+01     2.38524e-18   2.84603e-18    3.59784e-04   1.08120e-03   -4.67218e-19   2.06300e-18
  2.8000000e+03   0.0000000e+00   3.0000000e+01    -4.33681e-19   8.67362e-19    3.59806e-04   1.08123e-03   -3.92537e-18  -1.91878e-18
  2.9000000e+03   0.0000000e+00   3.0000000e+01     1.40946e-18   8.13152e-20    3.59828e-04   1.08125e-03   -1.58504e-18   5.09582e-19
  3.0000000e+03   0.0000000e+00   3.0000000e+01    -3.68629e-18  -5.42101e-20    3.59852e-04   1.08128e-03   -2.88007e-18  -4.64737e-18
  3.1000000e+03   0.0000000e+00   3.0000000e+01    -3.68629e-18  -3.52366e-19    3.59876e-04   1.08131e-03   -2.48062e-18  -3.91331e-18
  3.2000000e+03   0.0000000e+00   3.0000000e+01    -5.42101e-18   2.33103e-18    3.59902e-04   1.08134e-03    5.95107e-20  -1.82623e-18
  3.3000000e+03   0.0000000e+00   3.0000000e+01    -1.40946e-18  -7.86047e-19    3.59928e-04   1.08137e-03   -1.67940e-18  -8.93934e-20
  3.4000000e+03   0.0000000e+00   3.0000000e+01    -2.16840e-18  -4.87891e-19    3.59955e-04   1.08140e-03   -4.24608e-18  -2.03441e-18
  3.5000000e+03   0.0000000e+00   3.0000000e+01    -1.30104e-18   1.62630e-18    3.59983e-04   1.08144e-03    2.73815e-18   8.24302e-20
  3.6000000e+03   0.0000000e+00   3.0000000e+01     4.33681e-19   3.36103e-18    3.60012e-04   1.08147e-03   -2.48511e-18  -2.36561e-19
  3.7000000e+03   0.0000000e+00   3.0000000e+01     1.08420e-18   3.25261e-19    3.60042e-04   1.08151e-03    5.63025e-18  -2.94793e-18
  3.8000000e+03   0.0000000e+00   3.0000000e+01     2.16840e-19   1.51788e-18    3.60073e-04   1.08155e-03   -1.77194e-18  -2.78570e-18
  3.9000000e+03   0.0000000e+00   3.0000000e+01     8.67362e-19   4.87891e-19    3.60105e-04   1.08159e-03   -1.35438e-18  -2.81198e-18
  4.0000000e+03   0.0000000e+00   3.0000000e+01    -8.67362e-19   3.03577e-18    3.60138e-04   1.08163e-03    1.86773e-18   3.31554e-19
  4.1000000e+03   0.0000000e+00   3.0000000e+01    -2.16840e-19   2.87314e-18    3.60172e-04   1.08168e-03   -1.93945e-18  -7.23882e-20
  4.2000000e+03   0.0000000e+00   3.0000000e+01     2.60209e-18   1.08420e-19    3.60207e-04   1.08172e-03    2.84659e-18   2.08033e-18
  4.3000000e+03   0.0000000e+00   3.0000000e+01     4.11997e-18   8.67362e-19    3.60243e-04   1.08177e-03    6.22635e-19  -1.47193e-18
  4.4000000e+03   0.0000000e+00   3.0000000e+01     4.33681e-19   1.84314e-18    3.60279e-04   1.08181e-03    6.76965e-18   8.29815e-19
  4.5000000e+03   0.0000000e+00   3.0000000e+01     3.03577e-18   2.76472e-18    3.60317e-04   1.08186e-03    1.43929e-18   9.31273e-20
  4.6000000e+03   0.0000000e+00   3.0000000e+01    -3.46945e-18   1.62630e-18    3.60356e-04   1.08192e-03    1.60679e-18  -1.36915e-18
  4.7000000e+03   0.0000000e+00   3.0000000e+01    -7.37257e-18   3.25261e-19    3.60396e-04   1.08197e-03    3.09858e-18  -1.93067e-18
  4.8000000e+03   0.0000000e+00   3.0000000e+01    -3.90313e-18  -1.08420e-18    3.60437e-04   1.08203e-03    1.23413e-18  -2.27365e-18
  4.9000000e+03   0.0000000e+00   3.0000000e+01     6.50521e-19   5.96311e-19    3.60480e-04   1.08208e-03    2.51147e-18   1.21119e-18
  5.0000000e+03   0.0000000e+00   3.0000000e+01    -8.67362e-19  -7.58942e-19    3.60523e-04   1.08214e-03    2.90201e-19  -4.27470e-20
  5.1000000e+03   0.0000000e+00   3.0000000e+01    -8.67362e-19  -1.57209e-18    3.60567e-04   1.08221e-03   -3.15548e-18   1.77190e-18
  5.2000000e+03   0.0000000e+00   3.0000000e+01    -2.16840e-18   6.50521e-19    3.60613e-04   1.08227e-03    3.11056e-18   2.48033e-19
  5.3000000e+03   0.0000000e+00   3.0000000e+01    -3.68629e-18   1.95156e-18    3.60659e-04   1.08234e-03   -1.71750e-18  -5.58009e-19
  5.4000000e+03   0.0000000e+00   3.0000000e+01    -5.20417e-18   9.75782e-19    3.60707e-04   1.08241e-03    3.78537e-18   1.01891e-18
  5.5000000e+03   0.0000000e+00   3.0000000e+01    -3.46945e-18   2.27682e-18    3.60755e-04   1.08248e-03   -2.06689e-18  -3.43948e-18
  5.6000000e+03   0.0000000e+00   3.0000000e+01     3.03577e-18   3.36103e-18    3.60805e-04   1.08255e-03    4.01634e-18   1.12530e-18
  5.7000000e+03   0.0000000e+00   3.0000000e+01     2.81893e-18   4.49944e-18    3.60857e-04   1.08263e-03   -5.50616e-18  -5.35176e-19
  5.8000000e+03   0.0000000e+00   3.0000000e+01     2.16840e-18   4.77049e-18    3.60909e-04   1.08271e-03   -5.57070e-19  -7.62624e-19
  5.9000000e+03   0.0000000e+00   3.0000000e+01     1.51788e-18   5.96311e-18    3.60962e-04   1.08279e-03    1.16785e-18   1.04180e-18
  6.0000000e+03   0.0000000e+00   3.0000000e+01     5.20417e-18   5.09575e-18    3.61017e-04   1.08288e-03   -3.54761e-19   1.32550e-18
  6.1000000e+03   0.0000000e+00   3.0000000e+01    -1.73472e-18   3.25261e-18    3.61072e-04   1.08297e-03    2.51241e-18   3.34942e-19
  6.2000000e+03   0.0000000e+00   3.0000000e+01    -4.33681e-19   3.68629e-18    3.61129e-04   1.08306e-03   -3.60333e-18  -1.17373e-18
  6.3000000e+03   0.0000000e+00   3.0000000e+01    -4.33681e-19   2.33103e-18    3.61187e-04   1.08315e-03    1.53249e-18   6.02915e-19
  6.4000000e+03   0.0000000e+00   3.0000000e+01    -1.30104e-18   3.03577e-18    3.61247e-04   1.08325e-03    7.78423e-19   5.63535e-19
  6.5000000e+03   0.0000000e+00   3.0000000e+01    -1.08420e-18   4.49944e-18    3.61307e-04   1.08336e-03    1.94579e-18   5.49506e-19
  6.6000000e+03   0.0000000e+00   3.0000000e+01    -4.33681e-18   3.68629e-18    3.61368e-04   1.08346e-03    8.45008e-19   1.61581e-19
  6.7000000e+03   0.0000000e+00   3.0000000e+01    -4.33681e-19   4.87891e-18    3.61431e-04   1.08357e-03    5.84111e-18   3.38198e-19
  6.8000000e+03   0.0000000e+00   3.0000000e+01     1.30104e-18   4.98733e-18    3.61495e-04   1.08369e-03    3.50215e-18  -1.02222e-18
  6.9000000e+03   0.0000000e+00   3.0000000e+01     1.30104e-18   2.92735e-18    3.61560e-04   1.08381e-03   -1.61212e-18   4.45374e-19
  7.0000000e+03   0.0000000e+00   3.0000000e+01    -1.73472e-18   6.93889e-18    3.61626e-04   1.08393e-03    8.83363e-19   2.13538e-19
  7.1000000e+03   0.0000000e+00   3.0000000e+01    -5.20417e-18   6.72205e-18    3.61693e-04   1.08406e-03    7.99123e-19  -2.82644e-19
  7.2000000e+03   0.0000000e+00   3.0000000e+01     0.00000e+00   5.42101e-18    3.61761e-04   1.08419e-03   -2.18893e-18  -1.88955e-19
  7.3000000e+03   0.0000000e+00   3.0000000e+01     1.73472e-18   4.33681e-18    3.61830e-04   1.08433e-03   -5.99967e-18  -1.23128e-18
  7.4000000e+03   0.0000000e+00   3.0000000e+01     4.33681e-18   5.20417e-18    3.61900e-04   1.08447e-03   -3.77786e-18  -1.76143e-18
  7.5000000e+03   0.0000000e+00   3.0000000e+01     3.46945e-18   5.63785e-18    3.61971e-04   1.08462e-03   -1.54290e-18  -9.15193e-19
  7.6000000e+03   0.0000000e+00   3.0000000e+01     0.00000e+00   5.42101e-18    3.62042e-04   1.08477e-03   -1.96594e-18  -3.18939e-18
  7.7000000e+03   0.0000000e+00   3.0000000e+01     1.08420e-18   5.52943e-18    3.62115e-04   1.08493e-03   -3.49459e-18  -2.43952e-18
  7.8000000e+03   0.0000000e+00   3.0000000e+01    -1.30104e-18   4.11997e-18    3.62188e-04   1.08510e-03   -3.29962e-18  -7.47301e-19
  7.9000000e+03   0.0000000e+00   3.0000000e+01    -3.46945e-18   5.63785e-18    3.62262e-04   1.08527e-03   -1.12846e-18  -1.62734e-18
  8.0000000e+03   0.0000000e+00   3.0000000e+01    -4.33681e-18   3.90313e-18    3.62336e-04   1.08545e-03   -1.56881e-18  -3.82679e-18
  8.1000000e+03   0.0000000e+00   3.0000000e+01    -3.03577e-18   5.85469e-18    3.62411e-04   1.08564e-03    1.58872e-18  -5.10562e-19
  8.2000000e+03   0.0000000e+00   3.0000000e+01     1.73472e-18   3.68629e-18    3.62486e-04   1.08584e-03   -9.70912e-20  -4.50023e-18
  8.3000000e+03   0.0000000e+00   3.0000000e+01     2.16840e-18   5.63785e-18    3.62561e-04   1.08604e-03    3.36256e-18   2.16867e-19
  8.4000000e+03   0.0000000e+00   3.0000000e+01     8.67362e-19   5.42101e-18    3.62636e-04   1.08625e-03   -2.20504e-18  -1.14946e-18
  8.5000000e+03   0.0000000e+00   3.0000000e+01     1.73472e-18   5.09575e-18    3.62711e-04   1.08646e-03   -7.11455e-18  -4.58766e-18
  8.6000000e+03   0.0000000e+00   3.0000000e+01    -1.73472e-18   7.37257e-18    3.62786e-04   1.08669e-03   -1.16324e-18  -7.15412e-19
  8.7000000e+03   0.0000000e+00   3.0000000e+01     3.03577e-18   6.93889e-18    3.62860e-04   1.08693e-03   -3.21793e-18  -3.98587e-18
  8.8000000e+03   0.0000000e+00   3.0000000e+01    -2.60209e-18   6.72205e-18    3.62934e-04   1.08717e-03   -1.02928e-18  -1.84801e-18
  8.9000000e+03   0.0000000e+00   3.0000000e+01    -8.67362e-19   5.74627e-18    3.63006e-04   1.08743e-03   -3.82764e-18  -2.79309e-18
  9.0000000e+03   0.0000000e+00   3.0000000e+01    -1.73472e-18   5.20417e-18    3.63078e-04   1.08769e-03    1.20673e-18  -2.26542e-19
  9.1000000e+03   0.0000000e+00   3.0000000e+01    -4.33681e-19   4.87891e-18    3.63148e-04   1.08797e-03   -9.53336e-19  -7.98011e-19
  9.2000000e+03   0.0000000e+00   3.0000000e+01    -5.20417e-18   3.25261e-18    3.63216e-04   1.08826e-03   -4.23037e-18   6.30418e-19
  9.3000000e+03   0.0000000e+00   3.0000000e+01    -4.33681e-18   2.60209e-18    3.63283e-04   1.08855e-03   -6.25698e-18   2.66291e-18
  9.4000000e+03   0.0000000e+00   3.0000000e+01    -3.46945e-18   1.95156e-18    3.63347e-04   1.08886e-03   -3.67160e-18   1.25784e-19
  9.5000000e+03   0.0000000e+00   3.0000000e+01     1.73472e-18   3.14419e-18    3.63410e-04   1.08918e-03   -9.02778e-19   1.58051e-18
  9.6000000e+03   0.0000000e+00   3.0000000e+01     4.33681e-18   3.46945e-18    3.63470e-04   1.08951e-03    3.04244e-19  -7.41127e-19
  9.7000000e+03   0.0000000e+00   3.0000000e+01    -1.73472e-18   3.14419e-18    3.63528e-04   1.08985e-03   -6.83990e-18   4.75662e-19
  9.8000000e+03   0.0000000e+00   3.0000000e+01    -2.60209e-18   2.60209e-18    3.63584e-04   1.09021e-03   -5.24888e-18  -8.36445e-19
  9.9000000e+03   0.0000000e+00   3.0000000e+01    -1.73472e-18   3.25261e-18    3.63640e-04   1.09057e-03   -1.96040e-18  -9.73558e-19
  1.0000000e+04   0.0000000e+00   3.0000000e+01     1.73472e-18   5.63785e-18    3.63696e-04   1.09094e-03   -3.84871e-19   2.99691e-19
  1.0500000e+04   0.0000000e+00   3.0000000e+01    -1.30104e-18   7.69784e-18    3.64079e-04   1.09270e-03   -3.37331e-19   1.54469e-18
