 -1.05000000E+04  0.00000000E+00  3.00000000E+01    4.507734E-15  1.233375E-14    1.287785E-02 -4.180065E-03
 -1.00000000E+04  0.00000000E+00  3.00000000E+01    1.705592E-15  6.807939E-15    8.736644E-03 -4.755678E-03
 -9.90000000E+03  0.00000000E+00  3.00000000E+01    1.211973E-15  8.660996E-15    8.100958E-03 -4.759733E-03
 -9.80000000E+03  0.00000000E+00  3.00000000E+01    1.934711E-15  3.791266E-15    7.502169E-03 -4.740256E-03
 -9.70000000E+03  0.00000000E+00  3.00000000E+01    2.612792E-15  4.902814E-15    6.942056E-03 -4.701105E-03
 -9.60000000E+03  0.00000000E+00  3.00000000E+01    1.038869E-15 -3.285185E-15    6.422955E-03 -4.643549E-03
 -9.50000000E+03  0.00000000E+00  3.00000000E+01   -1.084634E-15 -3.944484E-15    5.940151E-03 -4.571644E-03
 -9.40000000E+03  0.00000000E+00  3.00000000E+01   -6.963320E-15 -6.240951E-15    5.494212E-03 -4.486792E-03
 -9.30000000E+03  0.00000000E+00  3.00000000E+01   -2.221026E-15 -7.366440E-15    5.080305E-03 -4.392198E-03
 -9.20000000E+03  0.00000000E+00  3.00000000E+01   -4.719749E-16 -2.790840E-15    4.698693E-03 -4.289125E-03
 -9.10000000E+03  0.00000000E+00  3.00000000E+01    2.253315E-15  4.541570E-15    4.345045E-03 -4.179988E-03
 -9.00000000E+03  0.00000000E+00  3.00000000E+01   -9.469512E-15 -9.060210E-15    4.019559E-03 -4.065901E-03
 -8.90000000E+03  0.00000000E+00  3.00000000E+01   -4.447914E-15 -6.209196E-15    3.718363E-03 -3.948618E-03
 -8.80000000E+03  0.00000000E+00  3.00000000E+01    3.598889E-15  5.677551E-16    3.441570E-03 -3.829100E-03
 -8.70000000E+03  0.00000000E+00  3.00000000E+01    3.800208E-15 -1.540191E-15    3.185789E-03 -3.708571E-03
 -8.60000000E+03  0.00000000E+00  3.00000000E+01    6.025047E-15 -8.780782E-16    2.951088E-03 -3.587864E-03
 -8.50000000E+03  0.00000000E+00  3.00000000E+01    5.633286E-15  3.963845E-15    2.734477E-03 -3.467771E-03
 -8.40000000E+03  0.00000000E+00  3.00000000E+01   -7.466332E-15 -6.620715E-15    2.535960E-03 -3.348996E-03
 -8.30000000E+03  0.00000000E+00  3.00000000E+01    4.344200E-15  5.141435E-15    2.352942E-03 -3.232004E-03
 -8.20000000E+03  0.00000000E+00  3.00000000E+01    4.483117E-15  5.694508E-15    2.185411E-03 -3.117398E-03
 -8.10000000E+03  0.00000000E+00  3.00000000E+01    1.020224E-15 -3.819266E-15    2.031100E-03 -3.005379E-03
 -8.00000000E+03  0.00000000E+00  3.00000000E+01   -8.575377E-15 -1.106631E-14    1.889962E-03 -2.896453E-03
 -7.90000000E+03  0.00000000E+00  3.00000000E+01    4.769167E-17 -2.775637E-15    1.760055E-03 -2.790636E-03
 -7.80000000E+03  0.00000000E+00  3.00000000E+01    7.197799E-16 -4.603956E-15    1.641332E-03 -2.688359E-03
 -7.70000000E+03  0.00000000E+00  3.00000000E+01    1.044631E-14  1.239586E-14    1.532117E-03 -2.589495E-03
 -7.60000000E+03  0.00000000E+00  3.00000000E+01    2.624332E-16  3.562148E-15    1.432352E-03 -2.494404E-03
 -7.50000000E+03  0.00000000E+00  3.00000000E+01    2.158496E-16 -5.989802E-15    1.340620E-03 -2.402872E-03
 -7.40000000E+03  0.00000000E+00  3.00000000E+01   -3.375735E-15 -4.164065E-15    1.256875E-03 -2.315209E-03
 -7.30000000E+03  0.00000000E+00  3.00000000E+01    2.768552E-16  7.187602E-16    1.179910E-03 -2.231135E-03
 -7.20000000E+03  0.00000000E+00  3.00000000E+01   -1.512505E-15 -5.753792E-15    1.109685E-03 -2.150914E-03
 -7.10000000E+03  0.00000000E+00  3.00000000E+01   -1.190791E-15  6.015283E-15    1.045192E-03 -2.074236E-03
 -7.00000000E+03  0.00000000E+00  3.00000000E+01    1.111714E-15 -1.352992E-15    9.864122E-04 -2.001339E-03
 -6.90000000E+03  0.00000000E+00  3.00000000E+01   -1.909043E-15  2.405649E-15    9.324991E-04 -1.931892E-03
 -6.80000000E+03  0.00000000E+00  3.00000000E+01   -2.654172E-15 -1.135542E-15    8.834523E-04 -1.866108E-03
 -6.70000000E+03  0.00000000E+00  3.00000000E+01    1.395743E-15  8.225208E-16    8.385749E-04 -1.803658E-03
 -6.60000000E+03  0.00000000E+00  3.00000000E+01    5.055629E-16  8.609647E-15    7.978991E-04 -1.744744E-03
 -6.50000000E+03  0.00000000E+00  3.00000000E+01   -2.421982E-15 -4.199508E-15    7.608487E-04 -1.689039E-03
 -6.40000000E+03  0.00000000E+00  3.00000000E+01    1.032519E-15 -1.856876E-15    7.274867E-04 -1.636736E-03
 -6.30000000E+03  0.00000000E+00  3.00000000E+01   -4.106487E-15 -2.934268E-15    6.973501E-04 -1.587521E-03
 -6.20000000E+03  0.00000000E+00  3.00000000E+01   -4.246644E-15 -5.004587E-15    6.705463E-04 -1.541585E-03
 -6.10000000E+03  0.00000000E+00  3.00000000E+01   -5.161171E-15 -3.037224E-15    6.467035E-04 -1.498627E-03
 -6.00000000E+03  0.00000000E+00  3.00000000E+01   -2.767308E-15 -5.042063E-15    6.259773E-04 -1.458829E-03
 -5.90000000E+03  0.00000000E+00  3.00000000E+01   -1.432897E-15 -8.927388E-16    6.080805E-04 -1.421906E-03
 -5.80000000E+03  0.00000000E+00  3.00000000E+01   -4.920766E-15 -5.643600E-15    5.932320E-04 -1.388038E-03
 -5.70000000E+03  0.00000000E+00  3.00000000E+01    1.212193E-15 -7.312678E-16    5.812135E-04 -1.356944E-03
 -5.60000000E+03  0.00000000E+00  3.00000000E+01   -2.648791E-15 -4.921101E-15    5.723162E-04 -1.328793E-03
 -5.50000000E+03  0.00000000E+00  3.00000000E+01   -3.771683E-15  6.921800E-16    5.663860E-04 -1.303308E-03
 -5.40000000E+03  0.00000000E+00  3.00000000E+01   -2.811641E-15 -3.169030E-15    5.638016E-04 -1.280638E-03
 -5.30000000E+03  0.00000000E+00  3.00000000E+01    7.715499E-15  1.645551E-15    5.644613E-04 -1.260497E-03
 -5.20000000E+03  0.00000000E+00  3.00000000E+01    5.302648E-15 -1.150251E-15    5.688457E-04 -1.242998E-03
 -5.10000000E+03  0.00000000E+00  3.00000000E+01    2.111280E-15  3.454999E-15    5.768983E-04 -1.227836E-03
 -5.00000000E+03  0.00000000E+00  3.00000000E+01   -2.511039E-15 -9.588083E-15    5.892171E-04 -1.215067E-03
 -4.90000000E+03  0.00000000E+00  3.00000000E+01   -3.135939E-15 -8.260183E-15    6.057802E-04 -1.204354E-03
 -4.80000000E+03  0.00000000E+00  3.00000000E+01   -6.508540E-15 -1.053493E-14    6.273179E-04 -1.195662E-03
 -4.70000000E+03  0.00000000E+00  3.00000000E+01    8.069213E-15  7.258300E-15    6.538300E-04 -1.188606E-03
 -4.60000000E+03  0.00000000E+00  3.00000000E+01    5.860128E-16 -3.765444E-16    6.861895E-04 -1.183021E-03
 -4.50000000E+03  0.00000000E+00  3.00000000E+01    1.482477E-15 -4.862463E-16    7.244028E-04 -1.178459E-03
 -4.40000000E+03  0.00000000E+00  3.00000000E+01   -1.721447E-15 -2.122500E-15    7.694940E-04 -1.174567E-03
 -4.30000000E+03  0.00000000E+00  3.00000000E+01    1.033356E-15  5.311530E-15    8.214530E-04 -1.170817E-03
 -4.20000000E+03  0.00000000E+00  3.00000000E+01   -3.773959E-16  1.147490E-16    8.814467E-04 -1.166607E-03
 -4.10000000E+03  0.00000000E+00  3.00000000E+01    2.628034E-15  4.435699E-15    9.494232E-04 -1.161311E-03
 -4.00000000E+03  0.00000000E+00  3.00000000E+01   -2.122604E-15 -1.550119E-15    1.026679E-03 -1.153995E-03
 -3.90000000E+03  0.00000000E+00  3.00000000E+01   -5.958917E-16 -1.521782E-15    1.113078E-03 -1.143921E-03
 -3.80000000E+03  0.00000000E+00  3.00000000E+01    4.181556E-16 -2.941200E-15    1.210000E-03 -1.129738E-03
 -3.70000000E+03  0.00000000E+00  3.00000000E+01   -1.376838E-15 -3.706295E-15    1.317180E-03 -1.110587E-03
 -3.60000000E+03  0.00000000E+00  3.00000000E+01   -3.089506E-15 -3.905404E-15    1.436021E-03 -1.084594E-03
 -3.50000000E+03  0.00000000E+00  3.00000000E+01    1.373906E-15  3.241065E-15    1.566059E-03 -1.050783E-03
 -3.40000000E+03  0.00000000E+00  3.00000000E+01    1.038788E-15 -1.394187E-15    1.708598E-03 -1.006665E-03
 -3.30000000E+03  0.00000000E+00  3.00000000E+01    8.427853E-16 -3.017515E-15    1.862908E-03 -9.511632E-04
 -3.20000000E+03  0.00000000E+00  3.00000000E+01   -3.257222E-15  2.137151E-15    2.030049E-03 -8.810756E-04
 -3.10000000E+03  0.00000000E+00  3.00000000E+01   -1.757658E-15 -1.203693E-15    2.208920E-03 -7.952786E-04
 -3.00000000E+03  0.00000000E+00  3.00000000E+01   -1.927401E-15  1.015794E-15    2.400101E-03 -6.898105E-04
 -2.90000000E+03  0.00000000E+00  3.00000000E+01   -1.404888E-15  2.482662E-15    2.602025E-03 -5.635839E-04
 -2.80000000E+03  0.00000000E+00  3.00000000E+01    4.886474E-16 -3.361992E-15    2.814521E-03 -4.118718E-04
 -2.70000000E+03  0.00000000E+00  3.00000000E+01    5.002912E-16 -3.348610E-15    3.035427E-03 -2.337874E-04
 -2.60000000E+03  0.00000000E+00  3.00000000E+01    6.952940E-16 -1.254391E-15    3.263443E-03 -2.398062E-05
 -2.50000000E+03  0.00000000E+00  3.00000000E+01   -3.266055E-15 -3.125816E-15    3.495722E-03  2.180044E-04
 -2.40000000E+03  0.00000000E+00  3.00000000E+01    1.763271E-16  1.501242E-16    3.729432E-03  4.978520E-04
 -2.30000000E+03  0.00000000E+00  3.00000000E+01   -2.382857E-15  8.792726E-17    3.960953E-03  8.151906E-04
 -2.20000000E+03  0.00000000E+00  3.00000000E+01    9.320888E-16 -1.992190E-15    4.185473E-03  1.175411E-03
 -2.10000000E+03  0.00000000E+00  3.00000000E+01   -1.010502E-15 -2.882410E-15    4.398629E-03  1.576783E-03
 -2.00000000E+03  0.00000000E+00  3.00000000E+01    2.117154E-15 -3.245607E-15    4.593286E-03  2.023403E-03
 -1.90000000E+03  0.00000000E+00  3.00000000E+01    1.940840E-15 -1.019162E-15    4.764515E-03  2.511371E-03
 -1.80000000E+03  0.00000000E+00  3.00000000E+01    1.750729E-15 -5.028243E-15    4.902739E-03  3.041833E-03
 -1.70000000E+03  0.00000000E+00  3.00000000E+01    1.791454E-15 -3.080917E-15    5.002996E-03  3.607698E-03
 -1.60000000E+03  0.00000000E+00  3.00000000E+01   -7.393777E-16  2.128654E-16    5.053719E-03  4.204843E-03
 -1.50000000E+03  0.00000000E+00  3.00000000E+01    4.089215E-15 -3.279034E-15    5.050958E-03  4.821669E-03
 -1.40000000E+03  0.00000000E+00  3.00000000E+01    4.705742E-17 -4.753531E-15    4.982602E-03  5.445633E-03
 -1.30000000E+03  0.00000000E+00  3.00000000E+01   -4.177009E-16 -1.383442E-15    4.847559E-03  6.059398E-03
 -1.20000000E+03  0.00000000E+00  3.00000000E+01    1.324060E-16 -1.255210E-15    4.636123E-03  6.638545E-03
 -1.10000000E+03  0.00000000E+00  3.00000000E+01   -1.266100E-15 -2.196346E-16    4.352795E-03  7.159427E-03
 -1.00000000E+03  0.00000000E+00  3.00000000E+01    4.452460E-16 -5.085900E-16    3.994958E-03  7.583097E-03
 -9.00000000E+02  0.00000000E+00  3.00000000E+01    2.763377E-15 -4.492623E-15    3.575720E-03  7.881418E-03
 -8.00000000E+02  0.00000000E+00  3.00000000E+01   -6.594511E-16 -1.089033E-15    3.104717E-03  8.002039E-03
 -7.00000000E+02  0.00000000E+00  3.00000000E+01    9.069490E-16 -1.508116E-15    2.604644E-03  7.919111E-03
 -6.00000000E+02  0.00000000E+00  3.00000000E+01   -1.130863E-15 -5.923731E-16    2.098805E-03  7.576454E-03
 -5.00000000E+02  0.00000000E+00  3.00000000E+01    5.952652E-16 -1.804055E-15    1.613296E-03  6.965197E-03
 -4.00000000E+02  0.00000000E+00  3.00000000E+01   -1.207759E-15  7.418228E-16    1.174972E-03  6.047744E-03
 -3.00000000E+02  0.00000000E+00  3.00000000E+01   -8.415107E-16 -3.337081E-16    7.964349E-04  4.853351E-03
 -2.00000000E+02  0.00000000E+00  3.00000000E+01   -5.190382E-16  4.545167E-16    4.857533E-04  3.394333E-03
 -1.00000000E+02  0.00000000E+00  3.00000000E+01   -2.302925E-15  1.607680E-15    2.271998E-04  1.750913E-03
  0.00000000E+00  0.00000000E+00  3.00000000E+01   -7.541835E-16  2.326849E-16   -8.599795E-09 -5.592535E-08
  1.00000000E+02  0.00000000E+00  3.00000000E+01   -1.519493E-15  1.402938E-15   -2.272188E-04 -1.751021E-03
  2.00000000E+02  0.00000000E+00  3.00000000E+01   -4.750386E-16  2.330870E-17   -4.857770E-04 -3.394430E-03
  3.00000000E+02  0.00000000E+00  3.00000000E+01    6.508237E-16 -8.115919E-16   -7.964642E-04 -4.853433E-03
  4.00000000E+02  0.00000000E+00  3.00000000E+01    8.700118E-16 -1.086548E-15   -1.175006E-03 -6.047809E-03
  5.00000000E+02  0.00000000E+00  3.00000000E+01    6.635533E-16 -3.325573E-16   -1.613333E-03 -6.965245E-03
  6.00000000E+02  0.00000000E+00  3.00000000E+01    2.199864E-15 -2.185680E-15   -2.098842E-03 -7.576489E-03
  7.00000000E+02  0.00000000E+00  3.00000000E+01   -2.008398E-15  4.568726E-16   -2.604679E-03 -7.919136E-03
  8.00000000E+02  0.00000000E+00  3.00000000E+01   -1.293551E-16 -5.892417E-16   -3.104749E-03 -8.002056E-03
  9.00000000E+02  0.00000000E+00  3.00000000E+01    1.949635E-15 -2.391598E-15   -3.575748E-03 -7.881429E-03
  1.00000000E+03  0.00000000E+00  3.00000000E+01    1.793535E-15 -2.577985E-15   -3.994982E-03 -7.583104E-03
  1.10000000E+03  0.00000000E+00  3.00000000E+01   -5.954085E-16 -1.118733E-16   -4.352816E-03 -7.159432E-03
  1.20000000E+03  0.00000000E+00  3.00000000E+01    8.061143E-16 -6.923573E-16   -4.636141E-03 -6.638549E-03
  1.30000000E+03  0.00000000E+00  3.00000000E+01    2.142359E-15 -5.090523E-15   -4.847574E-03 -6.059401E-03
  1.40000000E+03  0.00000000E+00  3.00000000E+01   -2.075808E-15  8.342141E-16   -4.982614E-03 -5.445635E-03
  1.50000000E+03  0.00000000E+00  3.00000000E+01    8.346365E-16 -1.615580E-15   -5.050968E-03 -4.821670E-03
  1.60000000E+03  0.00000000E+00  3.00000000E+01    4.734398E-15 -6.004479E-15   -5.053728E-03 -4.204844E-03
  1.70000000E+03  0.00000000E+00  3.00000000E+01    1.138049E-15 -2.731538E-15   -5.003003E-03 -3.607698E-03
  1.80000000E+03  0.00000000E+00  3.00000000E+01   -6.354419E-16 -1.580102E-15   -4.902745E-03 -3.041834E-03
  1.90000000E+03  0.00000000E+00  3.00000000E+01    8.953830E-16 -2.513355E-15   -4.764520E-03 -2.511372E-03
  2.00000000E+03  0.00000000E+00  3.00000000E+01    1.759446E-16  1.518006E-16   -4.593291E-03 -2.023404E-03
  2.10000000E+03  0.00000000E+00  3.00000000E+01   -4.963441E-16 -9.334418E-16   -4.398634E-03 -1.576783E-03
  2.20000000E+03  0.00000000E+00  3.00000000E+01    1.128661E-15 -8.382942E-16   -4.185477E-03 -1.175411E-03
  2.30000000E+03  0.00000000E+00  3.00000000E+01    2.192637E-16 -2.186525E-15   -3.960956E-03 -8.151909E-04
  2.40000000E+03  0.00000000E+00  3.00000000E+01   -1.332208E-15  1.577797E-16   -3.729435E-03 -4.978522E-04
  2.50000000E+03  0.00000000E+00  3.00000000E+01    1.208155E-15  1.611561E-15   -3.495724E-03 -2.180045E-04
  2.60000000E+03  0.00000000E+00  3.00000000E+01    6.707664E-17 -1.395656E-15   -3.263446E-03  2.398056E-05
  2.70000000E+03  0.00000000E+00  3.00000000E+01   -6.645520E-16 -1.621040E-16   -3.035429E-03  2.337874E-04
  2.80000000E+03  0.00000000E+00  3.00000000E+01    1.827394E-15  1.259843E-15   -2.814523E-03  4.118718E-04
  2.90000000E+03  0.00000000E+00  3.00000000E+01    1.323141E-15 -1.133006E-15   -2.602026E-03  5.635840E-04
  3.00000000E+03  0.00000000E+00  3.00000000E+01    5.839102E-16 -3.931971E-16   -2.400102E-03  6.898107E-04
  3.10000000E+03  0.00000000E+00  3.00000000E+01   -2.273691E-15 -2.658470E-15   -2.208921E-03  7.952787E-04
  3.20000000E+03  0.00000000E+00  3.00000000E+01   -1.738825E-16 -1.118132E-15   -2.030050E-03  8.810758E-04
  3.30000000E+03  0.00000000E+00  3.00000000E+01   -1.652600E-15  8.085085E-16   -1.862909E-03  9.511634E-04
  3.40000000E+03  0.00000000E+00  3.00000000E+01   -2.356362E-15  1.355793E-16   -1.708598E-03  1.006665E-03
  3.50000000E+03  0.00000000E+00  3.00000000E+01    2.617694E-15 -2.271044E-15   -1.566059E-03  1.050783E-03
  3.60000000E+03  0.00000000E+00  3.00000000E+01   -3.584551E-16 -3.197831E-15   -1.436022E-03  1.084594E-03
  3.70000000E+03  0.00000000E+00  3.00000000E+01   -3.413023E-15 -2.302018E-15   -1.317181E-03  1.110587E-03
  3.80000000E+03  0.00000000E+00  3.00000000E+01   -7.273542E-16 -5.486566E-15   -1.210001E-03  1.129738E-03
  3.90000000E+03  0.00000000E+00  3.00000000E+01   -8.066824E-16  1.940501E-16   -1.113079E-03  1.143921E-03
  4.00000000E+03  0.00000000E+00  3.00000000E+01   -2.917334E-15  6.697778E-17   -1.026680E-03  1.153995E-03
  4.10000000E+03  0.00000000E+00  3.00000000E+01    5.689023E-16  1.014904E-15   -9.494235E-04  1.161311E-03
  4.20000000E+03  0.00000000E+00  3.00000000E+01   -3.935982E-15 -3.783306E-15   -8.814470E-04  1.166607E-03
  4.30000000E+03  0.00000000E+00  3.00000000E+01   -1.047993E-15 -5.275151E-16   -8.214533E-04  1.170817E-03
  4.40000000E+03  0.00000000E+00  3.00000000E+01    2.893507E-15 -5.903291E-16   -7.694942E-04  1.174567E-03
  4.50000000E+03  0.00000000E+00  3.00000000E+01   -9.694626E-16 -5.721274E-15   -7.244030E-04  1.178459E-03
  4.60000000E+03  0.00000000E+00  3.00000000E+01   -4.764387E-16 -5.737335E-15   -6.861896E-04  1.183021E-03
  4.70000000E+03  0.00000000E+00  3.00000000E+01    1.854804E-15  4.639498E-15   -6.538301E-04  1.188606E-03
  4.80000000E+03  0.00000000E+00  3.00000000E+01    1.542011E-15 -2.834565E-15   -6.273180E-04  1.195662E-03
  4.90000000E+03  0.00000000E+00  3.00000000E+01    2.050405E-15  1.037886E-15   -6.057803E-04  1.204355E-03
  5.00000000E+03  0.00000000E+00  3.00000000E+01    3.416749E-16  3.218256E-15   -5.892172E-04  1.215067E-03
  5.10000000E+03  0.00000000E+00  3.00000000E+01    3.044934E-15  4.858852E-15   -5.768983E-04  1.227836E-03
  5.20000000E+03  0.00000000E+00  3.00000000E+01   -3.261673E-16 -7.707019E-16   -5.688457E-04  1.242998E-03
  5.30000000E+03  0.00000000E+00  3.00000000E+01   -4.513820E-15 -4.749177E-16   -5.644614E-04  1.260497E-03
  5.40000000E+03  0.00000000E+00  3.00000000E+01    1.090311E-15  5.819296E-16   -5.638016E-04  1.280638E-03
  5.50000000E+03  0.00000000E+00  3.00000000E+01   -2.578667E-15 -6.280820E-15   -5.663860E-04  1.303308E-03
  5.60000000E+03  0.00000000E+00  3.00000000E+01    1.512921E-15 -1.861673E-15   -5.723162E-04  1.328793E-03
  5.70000000E+03  0.00000000E+00  3.00000000E+01   -2.334958E-15 -7.006199E-15   -5.812135E-04  1.356944E-03
  5.80000000E+03  0.00000000E+00  3.00000000E+01   -2.146463E-16 -1.637137E-15   -5.932320E-04  1.388038E-03
  5.90000000E+03  0.00000000E+00  3.00000000E+01   -1.269884E-15  5.003989E-15   -6.080805E-04  1.421906E-03
  6.00000000E+03  0.00000000E+00  3.00000000E+01    4.282945E-16 -1.031073E-15   -6.259773E-04  1.458829E-03
  6.10000000E+03  0.00000000E+00  3.00000000E+01    4.289764E-15  2.662799E-15   -6.467036E-04  1.498627E-03
  6.20000000E+03  0.00000000E+00  3.00000000E+01    4.934193E-15  2.789256E-15   -6.705463E-04  1.541585E-03
  6.30000000E+03  0.00000000E+00  3.00000000E+01    7.784414E-15  5.544076E-15   -6.973501E-04  1.587521E-03
  6.40000000E+03  0.00000000E+00  3.00000000E+01    3.866173E-15  3.719263E-16   -7.274867E-04  1.636736E-03
  6.50000000E+03  0.00000000E+00  3.00000000E+01   -1.693657E-15 -2.571269E-15   -7.608487E-04  1.689039E-03
  6.60000000E+03  0.00000000E+00  3.00000000E+01    5.668284E-15  6.873600E-15   -7.978991E-04  1.744744E-03
  6.70000000E+03  0.00000000E+00  3.00000000E+01   -8.104326E-16  6.861225E-15   -8.385749E-04  1.803658E-03
  6.80000000E+03  0.00000000E+00  3.00000000E+01    2.974241E-15  5.213531E-15   -8.834523E-04  1.866108E-03
  6.90000000E+03  0.00000000E+00  3.00000000E+01    2.268186E-15 -1.164803E-15   -9.324991E-04  1.931892E-03
  7.00000000E+03  0.00000000E+00  3.00000000E+01   -6.836697E-15 -7.048526E-15   -9.864122E-04  2.001339E-03
  7.10000000E+03  0.00000000E+00  3.00000000E+01    1.042335E-15  1.023131E-15   -1.045192E-03  2.074236E-03
  7.20000000E+03  0.00000000E+00  3.00000000E+01   -4.908524E-15 -6.143727E-15   -1.109685E-03  2.150914E-03
  7.30000000E+03  0.00000000E+00  3.00000000E+01    7.181081E-15  7.354620E-15   -1.179910E-03  2.231135E-03
  7.40000000E+03  0.00000000E+00  3.00000000E+01    1.897520E-15  1.330423E-15   -1.256875E-03  2.315209E-03
  7.50000000E+03  0.00000000E+00  3.00000000E+01    2.365589E-15  2.825657E-15   -1.340620E-03  2.402872E-03
  7.60000000E+03  0.00000000E+00  3.00000000E+01    1.170272E-15  1.186669E-15   -1.432352E-03  2.494404E-03
  7.70000000E+03  0.00000000E+00  3.00000000E+01    7.223296E-15  2.151806E-15   -1.532117E-03  2.589495E-03
  7.80000000E+03  0.00000000E+00  3.00000000E+01    2.087590E-16  1.101076E-15   -1.641332E-03  2.688359E-03
  7.90000000E+03  0.00000000E+00  3.00000000E+01    1.117151E-15  2.948719E-15   -1.760055E-03  2.790636E-03
  8.00000000E+03  0.00000000E+00  3.00000000E+01    2.550932E-15 -3.748837E-15   -1.889962E-03  2.896453E-03
  8.10000000E+03  0.00000000E+00  3.00000000E+01   -4.582496E-15  8.695505E-16   -2.031100E-03  3.005379E-03
  8.20000000E+03  0.00000000E+00  3.00000000E+01    5.586635E-15  2.462197E-15   -2.185411E-03  3.117398E-03
  8.30000000E+03  0.00000000E+00  3.00000000E+01   -7.679414E-16  1.108308E-15   -2.352942E-03  3.232004E-03
  8.40000000E+03  0.00000000E+00  3.00000000E+01   -4.042094E-15 -2.884602E-15   -2.535960E-03  3.348996E-03
  8.50000000E+03  0.00000000E+00  3.00000000E+01   -6.925195E-15 -9.079401E-15   -2.734477E-03  3.467771E-03
  8.60000000E+03  0.00000000E+00  3.00000000E+01    1.039315E-15  9.914492E-16   -2.951088E-03  3.587864E-03
  8.70000000E+03  0.00000000E+00  3.00000000E+01   -4.167119E-15 -3.127829E-15   -3.185789E-03  3.708571E-03
  8.80000000E+03  0.00000000E+00  3.00000000E+01   -2.390965E-15  2.533498E-15   -3.441570E-03  3.829100E-03
  8.90000000E+03  0.00000000E+00  3.00000000E+01    3.725710E-15  2.181220E-15   -3.718363E-03  3.948618E-03
  9.00000000E+03  0.00000000E+00  3.00000000E+01    7.552940E-15  1.489255E-14   -4.019559E-03  4.065901E-03
  9.10000000E+03  0.00000000E+00  3.00000000E+01   -6.277626E-15  1.559863E-15   -4.345045E-03  4.179988E-03
  9.20000000E+03  0.00000000E+00  3.00000000E+01    9.881384E-16  4.701492E-15   -4.698693E-03  4.289125E-03
  9.30000000E+03  0.00000000E+00  3.00000000E+01   -3.368654E-15 -3.756592E-15   -5.080305E-03  4.392198E-03
  9.40000000E+03  0.00000000E+00  3.00000000E+01   -1.268867E-15 -5.067983E-15   -5.494212E-03  4.486792E-03
  9.50000000E+03  0.00000000E+00  3.00000000E+01    1.155762E-14  1.154920E-14   -5.940151E-03  4.571644E-03
  9.60000000E+03  0.00000000E+00  3.00000000E+01    8.758234E-15  7.916690E-15   -6.422955E-03  4.643549E-03
  9.70000000E+03  0.00000000E+00  3.00000000E+01    8.702726E-15  1.073912E-14   -6.942056E-03  4.701105E-03
  9.80000000E+03  0.00000000E+00  3.00000000E+01    7.443821E-15  4.786224E-15   -7.502169E-03  4.740256E-03
  9.90000000E+03  0.00000000E+00  3.00000000E+01    9.952696E-15  2.043813E-14   -8.100958E-03  4.759733E-03
  1.00000000E+04  0.00000000E+00  3.00000000E+01   -2.855758E-15  2.962106E-15   -8.736644E-03  4.755678E-03
  1.05000000E+04  0.00000000E+00  3.00000000E+01   -7.172389E-16 -7.805712E-15   -1.287785E-02  4.180065E-03
 
 -1.05000000E+04  0.00000000E+00  3.00000000E+01   -2.608822E-14 -9.394492E-14    1.271241E-02  7.270527E-03
 -1.00000000E+04  0.00000000E+00  3.00000000E+01    2.707224E-14 -3.141288E-13    1.149834E-02  6.320188E-03
 -9.90000000E+03  0.00000000E+00  3.00000000E+01    3.358133E-14 -6.828426E-13    1.127606E-02  6.157922E-03
 -9.80000000E+03  0.00000000E+00  3.00000000E+01   -2.312416E-15 -7.835866E-13    1.105350E-02  5.999209E-03
 -9.70000000E+03  0.00000000E+00  3.00000000E+01   -1.244736E-14 -8.606570E-15    1.083271E-02  5.845076E-03
 -9.60000000E+03  0.00000000E+00  3.00000000E+01    5.314675E-15 -2.132385E-13    1.061422E-02  5.695947E-03
 -9.50000000E+03  0.00000000E+00  3.00000000E+01   -5.565951E-15  1.775211E-13    1.039784E-02  5.551326E-03
 -9.40000000E+03  0.00000000E+00  3.00000000E+01    1.018570E-14  4.813169E-13    1.018357E-02  5.411264E-03
 -9.30000000E+03  0.00000000E+00  3.00000000E+01   -2.159432E-15 -1.010550E-15    9.971056E-03  5.275195E-03
 -9.20000000E+03  0.00000000E+00  3.00000000E+01   -1.306490E-14  2.483547E-13    9.760203E-03  5.143133E-03
 -9.10000000E+03  0.00000000E+00  3.00000000E+01   -1.629230E-14 -2.169033E-13    9.550716E-03  5.014584E-03
 -9.00000000E+03  0.00000000E+00  3.00000000E+01   -1.406509E-14 -3.879198E-13    9.342503E-03  4.889577E-03
 -8.90000000E+03  0.00000000E+00  3.00000000E+01   -7.626961E-15  2.512332E-14    9.135305E-03  4.767676E-03
 -8.80000000E+03  0.00000000E+00  3.00000000E+01   -1.183014E-14 -1.531635E-13    8.929015E-03  4.648906E-03
 -8.70000000E+03  0.00000000E+00  3.00000000E+01   -3.134788E-14  7.146980E-14    8.723433E-03  4.532895E-03
 -8.60000000E+03  0.00000000E+00  3.00000000E+01    1.794713E-14 -3.678380E-13    8.518454E-03  4.419676E-03
 -8.50000000E+03  0.00000000E+00  3.00000000E+01    7.761148E-15 -3.020664E-13    8.313904E-03  4.308915E-03
 -8.40000000E+03  0.00000000E+00  3.00000000E+01    1.339246E-14 -3.744791E-13    8.109659E-03  4.200635E-03
 -8.30000000E+03  0.00000000E+00  3.00000000E+01    1.758686E-14 -6.252824E-13    7.905587E-03  4.094542E-03
 -8.20000000E+03  0.00000000E+00  3.00000000E+01   -2.200273E-15  1.451236E-13    7.701567E-03  3.990666E-03
 -8.10000000E+03  0.00000000E+00  3.00000000E+01   -2.033144E-14  1.718993E-13    7.497480E-03  3.888733E-03
 -8.00000000E+03  0.00000000E+00  3.00000000E+01    2.153608E-14 -2.538180E-13    7.293182E-03  3.788758E-03
 -7.90000000E+03  0.00000000E+00  3.00000000E+01   -9.200529E-15  3.030151E-13    7.088590E-03  3.690503E-03
 -7.80000000E+03  0.00000000E+00  3.00000000E+01   -1.150311E-15 -1.164108E-13    6.883557E-03  3.593977E-03
 -7.70000000E+03  0.00000000E+00  3.00000000E+01    9.818646E-15  1.092213E-13    6.678011E-03  3.498958E-03
 -7.60000000E+03  0.00000000E+00  3.00000000E+01   -3.729383E-14 -2.654557E-14    6.471776E-03  3.405440E-03
 -7.50000000E+03  0.00000000E+00  3.00000000E+01    1.219020E-14  4.276739E-13    6.264813E-03  3.313225E-03
 -7.40000000E+03  0.00000000E+00  3.00000000E+01   -2.212500E-14  2.464095E-13    6.056944E-03  3.222301E-03
 -7.30000000E+03  0.00000000E+00  3.00000000E+01   -2.041514E-14 -1.655363E-13    5.848132E-03  3.132481E-03
 -7.20000000E+03  0.00000000E+00  3.00000000E+01    2.008284E-14 -9.335283E-14    5.638171E-03  3.043734E-03
 -7.10000000E+03  0.00000000E+00  3.00000000E+01   -5.051765E-15  8.191117E-14    5.427053E-03  2.955895E-03
 -7.00000000E+03  0.00000000E+00  3.00000000E+01   -2.760420E-14  2.219238E-13    5.214566E-03  2.868923E-03
 -6.90000000E+03  0.00000000E+00  3.00000000E+01   -1.503374E-14  1.120981E-13    5.000705E-03  2.782662E-03
 -6.80000000E+03  0.00000000E+00  3.00000000E+01    1.731736E-15 -3.214050E-14    4.785227E-03  2.697049E-03
 -6.70000000E+03  0.00000000E+00  3.00000000E+01   -8.277683E-15  7.862755E-15    4.568154E-03  2.611946E-03
 -6.60000000E+03  0.00000000E+00  3.00000000E+01   -1.152230E-14 -5.574109E-14    4.349233E-03  2.527278E-03
 -6.50000000E+03  0.00000000E+00  3.00000000E+01   -1.517685E-14  6.192440E-14    4.128491E-03  2.442915E-03
 -6.40000000E+03  0.00000000E+00  3.00000000E+01    1.810286E-14 -9.844170E-14    3.905638E-03  2.358755E-03
 -6.30000000E+03  0.00000000E+00  3.00000000E+01   -4.559036E-14  2.345044E-13    3.680730E-03  2.274686E-03
 -6.20000000E+03  0.00000000E+00  3.00000000E+01    6.281989E-15 -5.904638E-14    3.453465E-03  2.190590E-03
 -6.10000000E+03  0.00000000E+00  3.00000000E+01    3.467284E-15  1.178586E-13    3.223901E-03  2.106361E-03
 -6.00000000E+03  0.00000000E+00  3.00000000E+01   -1.655631E-14 -4.405173E-14    2.991701E-03  2.021853E-03
 -5.90000000E+03  0.00000000E+00  3.00000000E+01   -1.159687E-14  7.891491E-14    2.756947E-03  1.936975E-03
 -5.80000000E+03  0.00000000E+00  3.00000000E+01   -4.700943E-15  5.241110E-14    2.519292E-03  1.851560E-03
 -5.70000000E+03  0.00000000E+00  3.00000000E+01    4.127530E-15  1.331582E-13    2.278821E-03  1.765525E-03
 -5.60000000E+03  0.00000000E+00  3.00000000E+01    5.703659E-15 -1.795199E-13    2.035144E-03  1.678669E-03
 -5.50000000E+03  0.00000000E+00  3.00000000E+01   -2.590524E-14 -1.181479E-13    1.788380E-03  1.590926E-03
 -5.40000000E+03  0.00000000E+00  3.00000000E+01   -8.039831E-15 -1.716160E-14    1.538123E-03  1.502066E-03
 -5.30000000E+03  0.00000000E+00  3.00000000E+01   -5.361563E-15 -2.689312E-13    1.284497E-03  1.412033E-03
 -5.20000000E+03  0.00000000E+00  3.00000000E+01   -2.105220E-14  1.154817E-15    1.027055E-03  1.320558E-03
 -5.10000000E+03  0.00000000E+00  3.00000000E+01    1.324743E-14 -3.584754E-13    7.659540E-04  1.227602E-03
 -5.00000000E+03  0.00000000E+00  3.00000000E+01   -6.079656E-15  7.688917E-14    5.007353E-04  1.132865E-03
 -4.90000000E+03  0.00000000E+00  3.00000000E+01    1.326097E-14 -1.601416E-13    2.315643E-04  1.036316E-03
 -4.80000000E+03  0.00000000E+00  3.00000000E+01   -1.866996E-14  1.833324E-13   -4.205805E-05  9.376098E-04
 -4.70000000E+03  0.00000000E+00  3.00000000E+01   -1.235400E-14  5.537448E-14   -3.199258E-04  8.367377E-04
 -4.60000000E+03  0.00000000E+00  3.00000000E+01   -5.236482E-15 -7.269289E-14   -6.025463E-04  7.333157E-04
 -4.50000000E+03  0.00000000E+00  3.00000000E+01   -1.957417E-14  1.017526E-14   -8.896974E-04  6.273487E-04
 -4.40000000E+03  0.00000000E+00  3.00000000E+01   -1.490268E-14 -2.675308E-14   -1.181919E-03  5.184015E-04
 -4.30000000E+03  0.00000000E+00  3.00000000E+01   -6.947680E-15 -3.173463E-15   -1.478939E-03  4.065052E-04
 -4.20000000E+03  0.00000000E+00  3.00000000E+01   -1.793337E-15 -1.550993E-13   -1.781288E-03  2.911855E-04
 -4.10000000E+03  0.00000000E+00  3.00000000E+01    2.109553E-14 -1.647283E-13   -2.088670E-03  1.724908E-04
 -4.00000000E+03  0.00000000E+00  3.00000000E+01    1.155698E-14  1.025744E-13   -2.401626E-03  4.989544E-05
 -3.90000000E+03  0.00000000E+00  3.00000000E+01    1.274992E-14  2.169178E-14   -2.719792E-03 -7.651604E-05
 -3.80000000E+03  0.00000000E+00  3.00000000E+01    1.043770E-14 -3.908616E-14   -3.043668E-03 -2.073062E-04
 -3.70000000E+03  0.00000000E+00  3.00000000E+01   -5.604613E-15  2.589363E-13   -3.372845E-03 -3.423590E-04
 -3.60000000E+03  0.00000000E+00  3.00000000E+01    9.640347E-15 -6.458741E-15   -3.707784E-03 -4.822797E-04
 -3.50000000E+03  0.00000000E+00  3.00000000E+01    1.113716E-14 -2.747659E-13   -4.047983E-03 -6.268994E-04
 -3.40000000E+03  0.00000000E+00  3.00000000E+01    4.308968E-15  6.919780E-15   -4.393789E-03 -7.768366E-04
 -3.30000000E+03  0.00000000E+00  3.00000000E+01    1.136917E-14  6.940085E-15   -4.744619E-03 -9.318695E-04
 -3.20000000E+03  0.00000000E+00  3.00000000E+01   -3.819426E-15 -8.890695E-14   -5.100680E-03 -1.092623E-03
 -3.10000000E+03  0.00000000E+00  3.00000000E+01   -1.288678E-14  1.471239E-13   -5.461242E-03 -1.258787E-03
 -3.00000000E+03  0.00000000E+00  3.00000000E+01    9.486933E-15  8.137625E-14   -5.826257E-03 -1.430939E-03
 -2.90000000E+03  0.00000000E+00  3.00000000E+01    1.494877E-14  2.607510E-14   -6.194842E-03 -1.608668E-03
 -2.80000000E+03  0.00000000E+00  3.00000000E+01   -1.243076E-14 -1.267561E-13   -6.566602E-03 -1.792464E-03
 -2.70000000E+03  0.00000000E+00  3.00000000E+01   -2.552288E-15 -1.623777E-13   -6.940412E-03 -1.981757E-03
 -2.60000000E+03  0.00000000E+00  3.00000000E+01    3.265043E-15 -7.832178E-14   -7.315326E-03 -2.176839E-03
 -2.50000000E+03  0.00000000E+00  3.00000000E+01    4.193480E-15 -2.627737E-14   -7.689932E-03 -2.376944E-03
 -2.40000000E+03  0.00000000E+00  3.00000000E+01    1.531595E-14 -1.455606E-13   -8.062524E-03 -2.582050E-03
 -2.30000000E+03  0.00000000E+00  3.00000000E+01    8.810079E-15  8.012562E-15   -8.431260E-03 -2.791093E-03
 -2.20000000E+03  0.00000000E+00  3.00000000E+01    7.938491E-15 -2.103389E-14   -8.793301E-03 -3.003517E-03
 -2.10000000E+03  0.00000000E+00  3.00000000E+01    1.485428E-14 -9.105914E-14   -9.146263E-03 -3.217869E-03
 -2.00000000E+03  0.00000000E+00  3.00000000E+01    1.015921E-14 -9.660281E-15   -9.485729E-03 -3.432780E-03
 -1.90000000E+03  0.00000000E+00  3.00000000E+01   -9.081570E-15 -7.691892E-14   -9.808549E-03 -3.646242E-03
 -1.80000000E+03  0.00000000E+00  3.00000000E+01   -4.422887E-15 -4.716604E-15   -1.010806E-02 -3.855637E-03
 -1.70000000E+03  0.00000000E+00  3.00000000E+01   -4.669446E-15 -3.889503E-16   -1.038015E-02 -4.058230E-03
 -1.60000000E+03  0.00000000E+00  3.00000000E+01   -1.118593E-14 -5.708194E-15   -1.061508E-02 -4.249602E-03
 -1.50000000E+03  0.00000000E+00  3.00000000E+01    1.940498E-14 -8.828676E-14   -1.080748E-02 -4.426058E-03
 -1.40000000E+03  0.00000000E+00  3.00000000E+01    4.176460E-15  1.744730E-14   -1.094356E-02 -4.580656E-03
 -1.30000000E+03  0.00000000E+00  3.00000000E+01   -3.176111E-16 -2.708063E-14   -1.101657E-02 -4.708580E-03
 -1.20000000E+03  0.00000000E+00  3.00000000E+01   -1.669157E-14 -1.334154E-14   -1.100762E-02 -4.799606E-03
 -1.10000000E+03  0.00000000E+00  3.00000000E+01   -1.876670E-15 -4.118573E-14   -1.090878E-02 -4.847832E-03
 -1.00000000E+03  0.00000000E+00  3.00000000E+01   -1.058510E-14 -1.131006E-14   -1.069565E-02 -4.839249E-03
 -9.00000000E+02  0.00000000E+00  3.00000000E+01   -1.061894E-14 -4.572092E-15   -1.036030E-02 -4.767544E-03
 -8.00000000E+02  0.00000000E+00  3.00000000E+01   -4.531372E-15  4.150279E-14   -9.874013E-03 -4.615448E-03
 -7.00000000E+02  0.00000000E+00  3.00000000E+01    1.221480E-15 -1.885252E-14   -9.232171E-03 -4.378278E-03
 -6.00000000E+02  0.00000000E+00  3.00000000E+01    1.239994E-16 -2.125376E-14   -8.406915E-03 -4.038522E-03
 -5.00000000E+02  0.00000000E+00  3.00000000E+01   -6.617294E-16 -3.034769E-14   -7.403664E-03 -3.597471E-03
 -4.00000000E+02  0.00000000E+00  3.00000000E+01    1.215359E-14  1.259976E-14   -6.206633E-03 -3.044419E-03
 -3.00000000E+02  0.00000000E+00  3.00000000E+01    1.453636E-14 -8.495018E-15   -4.841102E-03 -2.393051E-03
 -2.00000000E+02  0.00000000E+00  3.00000000E+01    1.801097E-14 -8.338882E-15   -3.318904E-03 -1.649427E-03
 -1.00000000E+02  0.00000000E+00  3.00000000E+01   -3.989707E-15 -1.191053E-14   -1.690124E-03 -8.428947E-04
  0.00000000E+00  0.00000000E+00  3.00000000E+01   -9.571340E-15  4.120262E-15    6.495030E-08  2.981192E-08
  1.00000000E+02  0.00000000E+00  3.00000000E+01   -2.832458E-16  4.675785E-15    1.690251E-03  8.429528E-04
  2.00000000E+02  0.00000000E+00  3.00000000E+01   -5.533108E-15 -4.985920E-15    3.319023E-03  1.649481E-03
  3.00000000E+02  0.00000000E+00  3.00000000E+01    1.370193E-15 -2.552733E-14    4.841211E-03  2.393099E-03
  4.00000000E+02  0.00000000E+00  3.00000000E+01   -4.732370E-16 -1.382727E-14    6.206730E-03  3.044460E-03
  5.00000000E+02  0.00000000E+00  3.00000000E+01    9.109049E-15  2.999536E-15    7.403749E-03  3.597506E-03
  6.00000000E+02  0.00000000E+00  3.00000000E+01    2.222376E-15 -4.029126E-15    8.406988E-03  4.038551E-03
  7.00000000E+02  0.00000000E+00  3.00000000E+01    1.442922E-14 -5.670242E-14    9.232234E-03  4.378303E-03
  8.00000000E+02  0.00000000E+00  3.00000000E+01   -7.552807E-15 -1.818146E-14    9.874067E-03  4.615469E-03
  9.00000000E+02  0.00000000E+00  3.00000000E+01    4.875309E-15 -1.045867E-14    1.036035E-02  4.767562E-03
  1.00000000E+03  0.00000000E+00  3.00000000E+01   -1.547863E-14  2.286286E-14    1.069569E-02  4.839264E-03
  1.10000000E+03  0.00000000E+00  3.00000000E+01   -7.042712E-15  3.947441E-14    1.090882E-02  4.847845E-03
  1.20000000E+03  0.00000000E+00  3.00000000E+01   -6.688919E-15  1.598464E-14    1.100765E-02  4.799618E-03
  1.30000000E+03  0.00000000E+00  3.00000000E+01   -1.360104E-15  6.316469E-14    1.101660E-02  4.708590E-03
  1.40000000E+03  0.00000000E+00  3.00000000E+01    1.574055E-14  1.023626E-14    1.094359E-02  4.580665E-03
  1.50000000E+03  0.00000000E+00  3.00000000E+01    1.721529E-14 -5.513974E-14    1.080750E-02  4.426066E-03
  1.60000000E+03  0.00000000E+00  3.00000000E+01    3.379721E-15 -4.766112E-14    1.061510E-02  4.249609E-03
  1.70000000E+03  0.00000000E+00  3.00000000E+01    1.269369E-14 -5.773137E-14    1.038016E-02  4.058236E-03
  1.80000000E+03  0.00000000E+00  3.00000000E+01    1.079859E-14  1.002258E-13    1.010808E-02  3.855643E-03
  1.90000000E+03  0.00000000E+00  3.00000000E+01    1.258515E-14 -1.392830E-13    9.808564E-03  3.646248E-03
  2.00000000E+03  0.00000000E+00  3.00000000E+01    5.348851E-15  2.020879E-14    9.485742E-03  3.432785E-03
  2.10000000E+03  0.00000000E+00  3.00000000E+01    2.826836E-15 -1.025646E-13    9.146275E-03  3.217874E-03
  2.20000000E+03  0.00000000E+00  3.00000000E+01    1.088522E-15 -6.430187E-14    8.793313E-03  3.003521E-03
  2.30000000E+03  0.00000000E+00  3.00000000E+01    5.319958E-15 -1.119043E-14    8.431270E-03  2.791097E-03
  2.40000000E+03  0.00000000E+00  3.00000000E+01    5.720766E-15 -1.426943E-14    8.062534E-03  2.582053E-03
  2.50000000E+03  0.00000000E+00  3.00000000E+01   -1.971649E-15 -4.915367E-15    7.689941E-03  2.376947E-03
  2.60000000E+03  0.00000000E+00  3.00000000E+01   -7.617028E-15 -9.297130E-14    7.315334E-03  2.176842E-03
  2.70000000E+03  0.00000000E+00  3.00000000E+01   -1.038696E-14 -6.725330E-14    6.940419E-03  1.981759E-03
  2.80000000E+03  0.00000000E+00  3.00000000E+01   -7.777835E-15 -3.189016E-14    6.566609E-03  1.792466E-03
  2.90000000E+03  0.00000000E+00  3.00000000E+01    9.754034E-15 -1.279560E-13    6.194848E-03  1.608670E-03
  3.00000000E+03  0.00000000E+00  3.00000000E+01    3.569415E-16 -5.237172E-14    5.826263E-03  1.430941E-03
  3.10000000E+03  0.00000000E+00  3.00000000E+01   -5.327591E-15 -1.555022E-13    5.461247E-03  1.258788E-03
  3.20000000E+03  0.00000000E+00  3.00000000E+01    8.870028E-16 -5.557719E-14    5.100684E-03  1.092625E-03
  3.30000000E+03  0.00000000E+00  3.00000000E+01    8.544693E-15 -6.522276E-14    4.744623E-03  9.318709E-04
  3.40000000E+03  0.00000000E+00  3.00000000E+01    7.004638E-16 -1.553760E-13    4.393793E-03  7.768379E-04
  3.50000000E+03  0.00000000E+00  3.00000000E+01    1.065456E-14 -1.869578E-13    4.047987E-03  6.269005E-04
  3.60000000E+03  0.00000000E+00  3.00000000E+01   -3.536211E-15  2.344339E-14    3.707788E-03  4.822807E-04
  3.70000000E+03  0.00000000E+00  3.00000000E+01   -7.111178E-15  2.052259E-13    3.372848E-03  3.423600E-04
  3.80000000E+03  0.00000000E+00  3.00000000E+01   -6.619156E-15 -1.493359E-13    3.043671E-03  2.073070E-04
  3.90000000E+03  0.00000000E+00  3.00000000E+01   -1.640237E-14  2.207650E-15    2.719795E-03  7.651684E-05
  4.00000000E+03  0.00000000E+00  3.00000000E+01   -4.827726E-15 -1.626116E-14    2.401628E-03 -4.989472E-05
  4.10000000E+03  0.00000000E+00  3.00000000E+01    4.408385E-15  4.920150E-15    2.088673E-03 -1.724901E-04
  4.20000000E+03  0.00000000E+00  3.00000000E+01    7.990751E-16 -5.345139E-14    1.781290E-03 -2.911848E-04
  4.30000000E+03  0.00000000E+00  3.00000000E+01   -1.423879E-15 -1.772481E-13    1.478941E-03 -4.065047E-04
  4.40000000E+03  0.00000000E+00  3.00000000E+01   -1.520279E-14  1.624476E-13    1.181921E-03 -5.184010E-04
  4.50000000E+03  0.00000000E+00  3.00000000E+01   -4.424761E-15 -8.415066E-14    8.896993E-04 -6.273482E-04
  4.60000000E+03  0.00000000E+00  3.00000000E+01   -1.216053E-14  2.376000E-13    6.025481E-04 -7.333153E-04
  4.70000000E+03  0.00000000E+00  3.00000000E+01    7.315304E-15  1.591742E-13    3.199275E-04 -8.367373E-04
  4.80000000E+03  0.00000000E+00  3.00000000E+01    9.343321E-15  6.590371E-14    4.205970E-05 -9.376094E-04
  4.90000000E+03  0.00000000E+00  3.00000000E+01    5.463281E-15  1.565946E-13   -2.315628E-04 -1.036316E-03
  5.00000000E+03  0.00000000E+00  3.00000000E+01    1.818462E-14 -2.938720E-14   -5.007339E-04 -1.132865E-03
  5.10000000E+03  0.00000000E+00  3.00000000E+01    4.886663E-15  3.087881E-14   -7.659526E-04 -1.227602E-03
  5.20000000E+03  0.00000000E+00  3.00000000E+01    7.053281E-15 -1.366478E-13   -1.027054E-03 -1.320558E-03
  5.30000000E+03  0.00000000E+00  3.00000000E+01    7.696975E-16  1.031029E-13   -1.284496E-03 -1.412033E-03
  5.40000000E+03  0.00000000E+00  3.00000000E+01   -1.344183E-15 -2.029962E-13   -1.538122E-03 -1.502066E-03
  5.50000000E+03  0.00000000E+00  3.00000000E+01   -7.831885E-15 -2.623345E-14   -1.788379E-03 -1.590926E-03
  5.60000000E+03  0.00000000E+00  3.00000000E+01   -7.221438E-15  1.197971E-13   -2.035143E-03 -1.678669E-03
  5.70000000E+03  0.00000000E+00  3.00000000E+01   -5.274380E-15  1.413113E-13   -2.278820E-03 -1.765525E-03
  5.80000000E+03  0.00000000E+00  3.00000000E+01    1.589096E-14 -9.051315E-14   -2.519291E-03 -1.851560E-03
  5.90000000E+03  0.00000000E+00  3.00000000E+01    1.142622E-14 -1.539002E-13   -2.756947E-03 -1.936975E-03
  6.00000000E+03  0.00000000E+00  3.00000000E+01   -1.105794E-14  1.071631E-13   -2.991700E-03 -2.021852E-03
  6.10000000E+03  0.00000000E+00  3.00000000E+01   -3.041629E-14  3.002920E-14   -3.223901E-03 -2.106361E-03
  6.20000000E+03  0.00000000E+00  3.00000000E+01   -6.775182E-15  4.773255E-14   -3.453464E-03 -2.190590E-03
  6.30000000E+03  0.00000000E+00  3.00000000E+01   -2.124185E-14 -1.433067E-13   -3.680729E-03 -2.274686E-03
  6.40000000E+03  0.00000000E+00  3.00000000E+01   -1.318401E-14  2.224090E-13   -3.905638E-03 -2.358755E-03
  6.50000000E+03  0.00000000E+00  3.00000000E+01    1.383389E-14 -3.403564E-13   -4.128490E-03 -2.442915E-03
  6.60000000E+03  0.00000000E+00  3.00000000E+01    1.871869E-14  4.071156E-14   -4.349233E-03 -2.527278E-03
  6.70000000E+03  0.00000000E+00  3.00000000E+01    2.304640E-14 -4.422157E-13   -4.568153E-03 -2.611946E-03
  6.80000000E+03  0.00000000E+00  3.00000000E+01    6.984998E-15 -1.145739E-13   -4.785226E-03 -2.697049E-03
  6.90000000E+03  0.00000000E+00  3.00000000E+01   -9.031456E-15 -2.709901E-13   -5.000705E-03 -2.782662E-03
  7.00000000E+03  0.00000000E+00  3.00000000E+01   -2.588097E-14 -3.642677E-14   -5.214565E-03 -2.868923E-03
  7.10000000E+03  0.00000000E+00  3.00000000E+01   -2.972186E-14 -8.211805E-14   -5.427053E-03 -2.955895E-03
  7.20000000E+03  0.00000000E+00  3.00000000E+01   -8.119571E-15  7.536847E-14   -5.638170E-03 -3.043734E-03
  7.30000000E+03  0.00000000E+00  3.00000000E+01   -1.745626E-15 -5.928313E-14   -5.848131E-03 -3.132481E-03
  7.40000000E+03  0.00000000E+00  3.00000000E+01   -1.567712E-14 -4.555847E-14   -6.056944E-03 -3.222301E-03
  7.50000000E+03  0.00000000E+00  3.00000000E+01   -2.568829E-14 -3.576046E-13   -6.264813E-03 -3.313225E-03
  7.60000000E+03  0.00000000E+00  3.00000000E+01   -2.771561E-14  1.801576E-13   -6.471776E-03 -3.405440E-03
  7.70000000E+03  0.00000000E+00  3.00000000E+01    2.973439E-14 -4.144595E-13   -6.678010E-03 -3.498958E-03
  7.80000000E+03  0.00000000E+00  3.00000000E+01    8.214428E-15  2.149849E-14   -6.883557E-03 -3.593977E-03
  7.90000000E+03  0.00000000E+00  3.00000000E+01   -3.858291E-14 -1.252416E-13   -7.088590E-03 -3.690503E-03
  8.00000000E+03  0.00000000E+00  3.00000000E+01   -7.806932E-15 -1.938049E-13   -7.293182E-03 -3.788758E-03
  8.10000000E+03  0.00000000E+00  3.00000000E+01   -9.174262E-15 -4.354267E-15   -7.497480E-03 -3.888733E-03
  8.20000000E+03  0.00000000E+00  3.00000000E+01   -1.072516E-15  1.702490E-13   -7.701567E-03 -3.990666E-03
  8.30000000E+03  0.00000000E+00  3.00000000E+01   -2.358506E-14  5.416406E-13   -7.905587E-03 -4.094542E-03
  8.40000000E+03  0.00000000E+00  3.00000000E+01   -5.219062E-15 -1.961754E-13   -8.109659E-03 -4.200635E-03
  8.50000000E+03  0.00000000E+00  3.00000000E+01    9.976332E-15 -1.593311E-13   -8.313904E-03 -4.308915E-03
  8.60000000E+03  0.00000000E+00  3.00000000E+01   -1.583837E-14  3.013503E-14   -8.518453E-03 -4.419676E-03
  8.70000000E+03  0.00000000E+00  3.00000000E+01   -7.856144E-15 -6.685390E-15   -8.723432E-03 -4.532895E-03
  8.80000000E+03  0.00000000E+00  3.00000000E+01   -6.036987E-15 -2.840793E-13   -8.929015E-03 -4.648906E-03
  8.90000000E+03  0.00000000E+00  3.00000000E+01   -2.686964E-14 -3.427556E-14   -9.135305E-03 -4.767676E-03
  9.00000000E+03  0.00000000E+00  3.00000000E+01   -1.285163E-14  1.078264E-13   -9.342503E-03 -4.889578E-03
  9.10000000E+03  0.00000000E+00  3.00000000E+01    1.405482E-14 -5.641458E-13   -9.550715E-03 -5.014584E-03
  9.20000000E+03  0.00000000E+00  3.00000000E+01   -2.444024E-14  3.597470E-13   -9.760202E-03 -5.143133E-03
  9.30000000E+03  0.00000000E+00  3.00000000E+01    3.205964E-15 -1.682506E-13   -9.971056E-03 -5.275195E-03
  9.40000000E+03  0.00000000E+00  3.00000000E+01   -3.295184E-15 -8.548292E-14   -1.018357E-02 -5.411264E-03
  9.50000000E+03  0.00000000E+00  3.00000000E+01   -7.810099E-16  1.817130E-13   -1.039784E-02 -5.551326E-03
  9.60000000E+03  0.00000000E+00  3.00000000E+01    8.020669E-15 -3.051685E-13   -1.061422E-02 -5.695947E-03
  9.70000000E+03  0.00000000E+00  3.00000000E+01    2.798952E-14 -8.243641E-15   -1.083271E-02 -5.845076E-03
  9.80000000E+03  0.00000000E+00  3.00000000E+01   -5.027126E-14  1.047157E-13   -1.105350E-02 -5.999209E-03
  9.90000000E+03  0.00000000E+00  3.00000000E+01   -9.394946E-15 -2.933017E-13   -1.127606E-02 -6.157922E-03
  1.00000000E+04  0.00000000E+00  3.00000000E+01    1.705397E-14 -1.299056E-13   -1.149834E-02 -6.320188E-03
  1.05000000E+04  0.00000000E+00  3.00000000E+01    4.420384E-14 -3.731280E-14   -1.271241E-02 -7.270527E-03
 
