 -1.05000000E+04  0.00000000E+00  3.00000000E+01   -1.302756E+01  8.073885E-01    2.867017E-14 -3.434094E-13   -1.714818E-01 -8.445339E-02
 -1.00000000E+04  0.00000000E+00  3.00000000E+01   -1.306378E+01  7.824638E-01    1.459031E-14  3.675489E-13   -1.551571E-01 -7.356849E-02
 -9.90000000E+03  0.00000000E+00  3.00000000E+01   -1.306986E+01  7.782813E-01   -1.463271E-13  9.456482E-13   -1.521690E-01 -7.170721E-02
 -9.80000000E+03  0.00000000E+00  3.00000000E+01   -1.307566E+01  7.742854E-01   -2.177539E-13  4.196324E-13   -1.491770E-01 -6.988505E-02
 -9.70000000E+03  0.00000000E+00  3.00000000E+01   -1.308118E+01  7.704835E-01    4.747997E-13 -2.089394E-13   -1.462082E-01 -6.811405E-02
 -9.60000000E+03  0.00000000E+00  3.00000000E+01   -1.308645E+01  7.668465E-01   -1.405707E-13  6.673174E-13   -1.432704E-01 -6.640025E-02
 -9.50000000E+03  0.00000000E+00  3.00000000E+01   -1.309148E+01  7.633734E-01    4.530392E-13 -1.095605E-12   -1.403609E-01 -6.473762E-02
 -9.40000000E+03  0.00000000E+00  3.00000000E+01   -1.309630E+01  7.600396E-01    5.163076E-13 -7.653066E-13   -1.374798E-01 -6.312761E-02
 -9.30000000E+03  0.00000000E+00  3.00000000E+01   -1.310091E+01  7.568454E-01    1.277154E-13 -1.180445E-13   -1.346224E-01 -6.156332E-02
 -9.20000000E+03  0.00000000E+00  3.00000000E+01   -1.310534E+01  7.537709E-01   -3.007237E-13  7.933547E-13   -1.317876E-01 -6.004557E-02
 -9.10000000E+03  0.00000000E+00  3.00000000E+01   -1.310960E+01  7.508173E-01   -3.184694E-13  3.792649E-13   -1.289711E-01 -5.856833E-02
 -9.00000000E+03  0.00000000E+00  3.00000000E+01   -1.311369E+01  7.479681E-01   -1.159444E-13  4.960615E-13   -1.261719E-01 -5.713251E-02
 -8.90000000E+03  0.00000000E+00  3.00000000E+01   -1.311763E+01  7.452252E-01   -7.231971E-14 -5.858808E-14   -1.233865E-01 -5.573272E-02
 -8.80000000E+03  0.00000000E+00  3.00000000E+01   -1.312142E+01  7.425746E-01    2.894033E-13 -2.666258E-13   -1.206135E-01 -5.436980E-02
 -8.70000000E+03  0.00000000E+00  3.00000000E+01   -1.312508E+01  7.400188E-01    1.332227E-14  1.496259E-13   -1.178502E-01 -5.303909E-02
 -8.60000000E+03  0.00000000E+00  3.00000000E+01   -1.312861E+01  7.375458E-01    2.353785E-13  2.648118E-13   -1.150952E-01 -5.174146E-02
 -8.50000000E+03  0.00000000E+00  3.00000000E+01   -1.313202E+01  7.351580E-01   -9.307756E-14  6.420871E-13   -1.123461E-01 -5.047270E-02
 -8.40000000E+03  0.00000000E+00  3.00000000E+01   -1.313531E+01  7.328452E-01   -2.141929E-13  1.866745E-13   -1.096013E-01 -4.923351E-02
 -8.30000000E+03  0.00000000E+00  3.00000000E+01   -1.313849E+01  7.306101E-01   -2.249906E-13  1.179696E-12   -1.068590E-01 -4.802020E-02
 -8.20000000E+03  0.00000000E+00  3.00000000E+01   -1.314157E+01  7.284436E-01    1.487421E-14  1.093248E-12   -1.041177E-01 -4.683346E-02
 -8.10000000E+03  0.00000000E+00  3.00000000E+01   -1.314455E+01  7.263483E-01   -2.120537E-13  1.168632E-12   -1.013756E-01 -4.566985E-02
 -8.00000000E+03  0.00000000E+00  3.00000000E+01   -1.314743E+01  7.243163E-01    3.014083E-13  8.165713E-13   -9.863089E-02 -4.452988E-02
 -7.90000000E+03  0.00000000E+00  3.00000000E+01   -1.315023E+01  7.223504E-01    3.616190E-13  3.576868E-13   -9.588240E-02 -4.341050E-02
 -7.80000000E+03  0.00000000E+00  3.00000000E+01   -1.315294E+01  7.204434E-01    8.086357E-14  4.651721E-13   -9.312824E-02 -4.231214E-02
 -7.70000000E+03  0.00000000E+00  3.00000000E+01   -1.315556E+01  7.185980E-01    4.575097E-14  7.626945E-13   -9.036731E-02 -4.123195E-02
 -7.60000000E+03  0.00000000E+00  3.00000000E+01   -1.315811E+01  7.168077E-01    8.567213E-14  4.668733E-14   -8.759737E-02 -4.017013E-02
 -7.50000000E+03  0.00000000E+00  3.00000000E+01   -1.316058E+01  7.150753E-01    5.858790E-14  2.929403E-13   -8.481776E-02 -3.912414E-02
 -7.40000000E+03  0.00000000E+00  3.00000000E+01   -1.316298E+01  7.133949E-01    3.569932E-13  2.755433E-13   -8.202620E-02 -3.809408E-02
 -7.30000000E+03  0.00000000E+00  3.00000000E+01   -1.316531E+01  7.117692E-01    2.256826E-13  7.836814E-13   -7.922206E-02 -3.707755E-02
 -7.20000000E+03  0.00000000E+00  3.00000000E+01   -1.316758E+01  7.101927E-01    5.791292E-13  3.652599E-13   -7.640268E-02 -3.607441E-02
 -7.10000000E+03  0.00000000E+00  3.00000000E+01   -1.316978E+01  7.086683E-01    2.845475E-13  3.523866E-13   -7.356783E-02 -3.508250E-02
 -7.00000000E+03  0.00000000E+00  3.00000000E+01   -1.317192E+01  7.071908E-01    5.629594E-14  6.657172E-13   -7.071473E-02 -3.410154E-02
 -6.90000000E+03  0.00000000E+00  3.00000000E+01   -1.317401E+01  7.057629E-01    2.235994E-13 -1.870373E-13   -6.784323E-02 -3.312950E-02
 -6.80000000E+03  0.00000000E+00  3.00000000E+01   -1.317604E+01  7.043799E-01    2.271471E-13  3.437580E-13   -6.495009E-02 -3.216581E-02
 -6.70000000E+03  0.00000000E+00  3.00000000E+01   -1.317802E+01  7.030444E-01    4.192800E-13  1.800874E-13   -6.203554E-02 -3.120867E-02
 -6.60000000E+03  0.00000000E+00  3.00000000E+01   -1.317995E+01  7.017521E-01    3.319978E-13  8.191139E-13   -5.909621E-02 -3.025733E-02
 -6.50000000E+03  0.00000000E+00  3.00000000E+01   -1.318184E+01  7.005055E-01   -9.294577E-14  4.801475E-13   -5.613237E-02 -2.931008E-02
 -6.40000000E+03  0.00000000E+00  3.00000000E+01   -1.318368E+01  6.993003E-01   -1.791291E-13  7.737746E-13   -5.314016E-02 -2.836586E-02
 -6.30000000E+03  0.00000000E+00  3.00000000E+01   -1.318548E+01  6.981393E-01   -5.235365E-15  5.553619E-13   -5.012023E-02 -2.742316E-02
 -6.20000000E+03  0.00000000E+00  3.00000000E+01   -1.318724E+01  6.970182E-01    9.268822E-14  2.506014E-13   -4.706856E-02 -2.648071E-02
 -6.10000000E+03  0.00000000E+00  3.00000000E+01   -1.318897E+01  6.959396E-01    2.078047E-13  5.253474E-13   -4.398583E-02 -2.553709E-02
 -6.00000000E+03  0.00000000E+00  3.00000000E+01   -1.319066E+01  6.948996E-01    1.592297E-13  4.683651E-13   -4.086749E-02 -2.459064E-02
 -5.90000000E+03  0.00000000E+00  3.00000000E+01   -1.319232E+01  6.939007E-01    3.295580E-14  4.357487E-13   -3.771461E-02 -2.364015E-02
 -5.80000000E+03  0.00000000E+00  3.00000000E+01   -1.319396E+01  6.929390E-01    3.730413E-14  6.810858E-13   -3.452245E-02 -2.268369E-02
 -5.70000000E+03  0.00000000E+00  3.00000000E+01   -1.319557E+01  6.920169E-01    8.788231E-14  6.444690E-13   -3.129210E-02 -2.172013E-02
 -5.60000000E+03  0.00000000E+00  3.00000000E+01   -1.319715E+01  6.911305E-01   -2.061851E-13  9.966410E-13   -2.801829E-02 -2.074710E-02
 -5.50000000E+03  0.00000000E+00  3.00000000E+01   -1.319872E+01  6.902822E-01   -3.661755E-13  9.959973E-13   -2.470253E-02 -1.976370E-02
 -5.40000000E+03  0.00000000E+00  3.00000000E+01   -1.320028E+01  6.894682E-01   -1.140095E-13  8.767601E-13   -2.133928E-02 -1.876720E-02
 -5.30000000E+03  0.00000000E+00  3.00000000E+01   -1.320182E+01  6.886905E-01   -2.443627E-13  8.372049E-13   -1.793015E-02 -1.775679E-02
 -5.20000000E+03  0.00000000E+00  3.00000000E+01   -1.320335E+01  6.879455E-01   -1.485024E-13  7.603200E-13   -1.446904E-02 -1.672924E-02
 -5.10000000E+03  0.00000000E+00  3.00000000E+01   -1.320488E+01  6.872349E-01   -1.603163E-13  1.034446E-12   -1.095798E-02 -1.568395E-02
 -5.00000000E+03  0.00000000E+00  3.00000000E+01   -1.320641E+01  6.865551E-01   -1.527279E-14  1.051281E-12   -7.390690E-03 -1.461729E-02
 -4.90000000E+03  0.00000000E+00  3.00000000E+01   -1.320794E+01  6.859074E-01   -2.951926E-14  6.099912E-13   -3.769305E-03 -1.352877E-02
 -4.80000000E+03  0.00000000E+00  3.00000000E+01   -1.320948E+01  6.852883E-01   -4.364025E-13  1.340745E-12   -8.696797E-05 -1.241416E-02
 -4.70000000E+03  0.00000000E+00  3.00000000E+01   -1.321103E+01  6.846986E-01   -3.346037E-13  1.091330E-12    3.653637E-03 -1.127322E-02
 -4.60000000E+03  0.00000000E+00  3.00000000E+01   -1.321260E+01  6.841347E-01   -8.360269E-15  7.233801E-13    7.459519E-03 -1.010123E-02
 -4.50000000E+03  0.00000000E+00  3.00000000E+01   -1.321420E+01  6.835970E-01   -6.166724E-14  8.558206E-13    1.132779E-02 -8.898106E-03
 -4.40000000E+03  0.00000000E+00  3.00000000E+01   -1.321583E+01  6.830815E-01    3.546353E-13  4.087283E-13    1.526592E-02 -7.658450E-03
 -4.30000000E+03  0.00000000E+00  3.00000000E+01   -1.321749E+01  6.825882E-01    1.739333E-13  5.126456E-13    1.927038E-02 -6.382484E-03
 -4.20000000E+03  0.00000000E+00  3.00000000E+01   -1.321919E+01  6.821129E-01   -3.256196E-13  1.421798E-12    2.334857E-02 -5.064276E-03
 -4.10000000E+03  0.00000000E+00  3.00000000E+01   -1.322095E+01  6.816544E-01   -1.830347E-13  2.934715E-13    2.749663E-02 -3.704244E-03
 -4.00000000E+03  0.00000000E+00  3.00000000E+01   -1.322277E+01  6.812086E-01    1.182767E-13  3.597238E-13    3.172215E-02 -2.295764E-03
 -3.90000000E+03  0.00000000E+00  3.00000000E+01   -1.322465E+01  6.807731E-01   -9.222684E-15  4.932752E-13    3.602040E-02 -8.396628E-04
 -3.80000000E+03  0.00000000E+00  3.00000000E+01   -1.322662E+01  6.803434E-01   -8.088173E-14  8.775820E-13    4.039848E-02  6.712200E-04
 -3.70000000E+03  0.00000000E+00  3.00000000E+01   -1.322868E+01  6.799156E-01    2.163806E-13  3.009827E-13    4.485105E-02  2.235706E-03
 -3.60000000E+03  0.00000000E+00  3.00000000E+01   -1.323083E+01  6.794849E-01    3.553901E-13  1.802766E-13    4.938476E-02  3.861577E-03
 -3.50000000E+03  0.00000000E+00  3.00000000E+01   -1.323310E+01  6.790455E-01   -2.753176E-14  7.152697E-13    5.399308E-02  5.547060E-03
 -3.40000000E+03  0.00000000E+00  3.00000000E+01   -1.323550E+01  6.785921E-01    9.520566E-14  3.075874E-13    5.868116E-02  7.300232E-03
 -3.30000000E+03  0.00000000E+00  3.00000000E+01   -1.323805E+01  6.781164E-01    1.757644E-13  4.101166E-13    6.344142E-02  9.118732E-03
 -3.20000000E+03  0.00000000E+00  3.00000000E+01   -1.324075E+01  6.776127E-01    6.042644E-14  5.024820E-13    6.827722E-02  1.101087E-02
 -3.10000000E+03  0.00000000E+00  3.00000000E+01   -1.324364E+01  6.770695E-01    2.363636E-13  4.257766E-13    7.317903E-02  1.297328E-02
 -3.00000000E+03  0.00000000E+00  3.00000000E+01   -1.324673E+01  6.764804E-01    4.276666E-13  4.400437E-14    7.814684E-02  1.501391E-02
 -2.90000000E+03  0.00000000E+00  3.00000000E+01   -1.325004E+01  6.758299E-01    3.168565E-13  8.347100E-13    8.316909E-02  1.712826E-02
 -2.80000000E+03  0.00000000E+00  3.00000000E+01   -1.325359E+01  6.751108E-01   -4.390589E-14  1.030501E-12    8.824117E-02  1.932340E-02
 -2.70000000E+03  0.00000000E+00  3.00000000E+01   -1.325743E+01  6.743030E-01   -2.464812E-13  6.481329E-13    9.334830E-02  2.159305E-02
 -2.60000000E+03  0.00000000E+00  3.00000000E+01   -1.326155E+01  6.733981E-01   -2.803043E-13  8.954634E-13    9.847845E-02  2.394213E-02
 -2.50000000E+03  0.00000000E+00  3.00000000E+01   -1.326602E+01  6.723698E-01   -5.263747E-14  8.019244E-13    1.036130E-01  2.636212E-02
 -2.40000000E+03  0.00000000E+00  3.00000000E+01   -1.327085E+01  6.712091E-01    3.112473E-14  5.163073E-13    1.087296E-01  2.885435E-02
 -2.30000000E+03  0.00000000E+00  3.00000000E+01   -1.327609E+01  6.698825E-01    2.148228E-13  3.966014E-13    1.138039E-01  3.140686E-02
 -2.20000000E+03  0.00000000E+00  3.00000000E+01   -1.328176E+01  6.683800E-01    6.644349E-14  4.986068E-13    1.187980E-01  3.401474E-02
 -2.10000000E+03  0.00000000E+00  3.00000000E+01   -1.328794E+01  6.666596E-01    7.323506E-14  3.075874E-13    1.236802E-01  3.666140E-02
 -2.00000000E+03  0.00000000E+00  3.00000000E+01   -1.329462E+01  6.647112E-01    2.172551E-13  4.445514E-13    1.283909E-01  3.933223E-02
 -1.90000000E+03  0.00000000E+00  3.00000000E+01   -1.330189E+01  6.624840E-01   -1.256441E-13  1.003321E-12    1.328879E-01  4.200393E-02
 -1.80000000E+03  0.00000000E+00  3.00000000E+01   -1.330977E+01  6.599685E-01   -1.239693E-14  6.188807E-13    1.370805E-01  4.464663E-02
 -1.70000000E+03  0.00000000E+00  3.00000000E+01   -1.331833E+01  6.571059E-01    3.085026E-13  1.867493E-13    1.409129E-01  4.722798E-02
 -1.60000000E+03  0.00000000E+00  3.00000000E+01   -1.332757E+01  6.538902E-01   -6.315568E-14  5.404665E-13    1.442519E-01  4.969576E-02
 -1.50000000E+03  0.00000000E+00  3.00000000E+01   -1.333758E+01  6.502578E-01    2.374397E-14  1.044973E-12    1.470237E-01  5.200525E-02
 -1.40000000E+03  0.00000000E+00  3.00000000E+01   -1.334833E+01  6.462117E-01    1.455810E-14  5.221328E-13    1.490384E-01  5.407227E-02
 -1.30000000E+03  0.00000000E+00  3.00000000E+01   -1.335990E+01  6.416919E-01   -3.368814E-13  6.884099E-13    1.502017E-01  5.583694E-02
 -1.20000000E+03  0.00000000E+00  3.00000000E+01   -1.337222E+01  6.367200E-01   -3.340482E-13  8.332332E-13    1.502523E-01  5.717262E-02
 -1.10000000E+03  0.00000000E+00  3.00000000E+01   -1.338531E+01  6.312576E-01   -5.813057E-14  9.740266E-13    1.490777E-01  5.800349E-02
 -1.00000000E+03  0.00000000E+00  3.00000000E+01   -1.339904E+01  6.253606E-01    9.868381E-15  6.806897E-13    1.463377E-01  5.815265E-02
 -9.00000000E+02  0.00000000E+00  3.00000000E+01   -1.341333E+01  6.190428E-01    5.309548E-13 -7.323508E-13    1.419174E-01  5.753516E-02
 -8.00000000E+02  0.00000000E+00  3.00000000E+01   -1.342795E+01  6.124171E-01    3.837632E-13  3.109861E-13    1.354143E-01  5.592896E-02
 -7.00000000E+02  0.00000000E+00  3.00000000E+01   -1.344264E+01  6.055943E-01   -5.559247E-14  3.474036E-13    1.267562E-01  5.326464E-02
 -6.00000000E+02  0.00000000E+00  3.00000000E+01   -1.345705E+01  5.987656E-01    1.756974E-13  5.044611E-13    1.155504E-01  4.931280E-02
 -5.00000000E+02  0.00000000E+00  3.00000000E+01   -1.347068E+01  5.921820E-01   -1.965246E-13  6.319118E-13    1.018627E-01  4.407605E-02
 -4.00000000E+02  0.00000000E+00  3.00000000E+01   -1.348307E+01  5.861060E-01    2.972379E-13  2.894882E-13    8.546881E-02  3.741036E-02
 -3.00000000E+02  0.00000000E+00  3.00000000E+01   -1.349350E+01  5.809217E-01    2.343521E-13  3.661746E-14    6.671361E-02  2.947834E-02
 -2.00000000E+02  0.00000000E+00  3.00000000E+01   -1.350157E+01  5.768782E-01    1.154527E-13 -1.043599E-13    4.576193E-02  2.035525E-02
 -1.00000000E+02  0.00000000E+00  3.00000000E+01   -1.350655E+01  5.743685E-01    4.181793E-13 -6.823759E-13    2.331187E-02  1.041384E-02
  0.00000000E+00  0.00000000E+00  3.00000000E+01   -1.350833E+01  5.734639E-01    1.494071E-13 -3.967191E-14   -8.944664E-07 -3.654627E-07
  1.00000000E+02  0.00000000E+00  3.00000000E+01   -1.350655E+01  5.743686E-01   -2.929407E-14  4.394102E-14   -2.331362E-02 -1.041455E-02
  2.00000000E+02  0.00000000E+00  3.00000000E+01   -1.350157E+01  5.768784E-01    1.698378E-13 -1.436449E-13   -4.576358E-02 -2.035591E-02
  3.00000000E+02  0.00000000E+00  3.00000000E+01   -1.349350E+01  5.809219E-01   -7.323563E-14 -1.757645E-13   -6.671511E-02 -2.947892E-02
  4.00000000E+02  0.00000000E+00  3.00000000E+01   -1.348307E+01  5.861063E-01    2.157894E-13  4.084519E-13   -8.547014E-02 -3.741086E-02
  5.00000000E+02  0.00000000E+00  3.00000000E+01   -1.347068E+01  5.921823E-01    2.293175E-13 -1.025290E-13   -1.018639E-01 -4.407647E-02
  6.00000000E+02  0.00000000E+00  3.00000000E+01   -1.345705E+01  5.987658E-01    5.126426E-14  3.661735E-14   -1.155514E-01 -4.931315E-02
  7.00000000E+02  0.00000000E+00  3.00000000E+01   -1.344264E+01  6.055946E-01    4.505572E-13 -1.523081E-13   -1.267570E-01 -5.326493E-02
  8.00000000E+02  0.00000000E+00  3.00000000E+01   -1.342794E+01  6.124174E-01   -1.143571E-14 -1.672457E-14   -1.354150E-01 -5.592921E-02
  9.00000000E+02  0.00000000E+00  3.00000000E+01   -1.341333E+01  6.190430E-01    1.098538E-14 -4.760273E-14   -1.419181E-01 -5.753536E-02
  1.00000000E+03  0.00000000E+00  3.00000000E+01   -1.339904E+01  6.253608E-01   -5.303948E-14  1.224796E-13   -1.463383E-01 -5.815282E-02
  1.10000000E+03  0.00000000E+00  3.00000000E+01   -1.338531E+01  6.312577E-01   -9.697600E-14  8.553284E-14   -1.490781E-01 -5.800364E-02
  1.20000000E+03  0.00000000E+00  3.00000000E+01   -1.337222E+01  6.367202E-01   -4.577193E-14  3.744145E-13   -1.502528E-01 -5.717276E-02
  1.30000000E+03  0.00000000E+00  3.00000000E+01   -1.335990E+01  6.416920E-01    3.902978E-13 -1.681294E-14   -1.502021E-01 -5.583706E-02
  1.40000000E+03  0.00000000E+00  3.00000000E+01   -1.334833E+01  6.462118E-01   -1.466047E-15  3.320696E-13   -1.490388E-01 -5.407237E-02
  1.50000000E+03  0.00000000E+00  3.00000000E+01   -1.333758E+01  6.502579E-01    1.428079E-13  3.588516E-13   -1.470240E-01 -5.200535E-02
  1.60000000E+03  0.00000000E+00  3.00000000E+01   -1.332757E+01  6.538903E-01    1.565405E-13  2.837893E-14   -1.442522E-01 -4.969584E-02
  1.70000000E+03  0.00000000E+00  3.00000000E+01   -1.331833E+01  6.571060E-01    1.622900E-13  4.756848E-13   -1.409131E-01 -4.722805E-02
  1.80000000E+03  0.00000000E+00  3.00000000E+01   -1.330977E+01  6.599686E-01   -1.697436E-13  5.152080E-13   -1.370808E-01 -4.464670E-02
  1.90000000E+03  0.00000000E+00  3.00000000E+01   -1.330189E+01  6.624840E-01    6.751069E-15  9.429001E-14   -1.328881E-01 -4.200399E-02
  2.00000000E+03  0.00000000E+00  3.00000000E+01   -1.329462E+01  6.647112E-01   -2.380210E-13  8.254256E-13   -1.283911E-01 -3.933229E-02
  2.10000000E+03  0.00000000E+00  3.00000000E+01   -1.328794E+01  6.666597E-01    7.352203E-13 -1.024764E-12   -1.236804E-01 -3.666145E-02
  2.20000000E+03  0.00000000E+00  3.00000000E+01   -1.328176E+01  6.683800E-01    8.737680E-14  4.344155E-14   -1.187982E-01 -3.401478E-02
  2.30000000E+03  0.00000000E+00  3.00000000E+01   -1.327609E+01  6.698826E-01    6.493018E-14  1.876517E-13   -1.138040E-01 -3.140690E-02
  2.40000000E+03  0.00000000E+00  3.00000000E+01   -1.327085E+01  6.712092E-01   -1.093607E-13  4.570579E-13   -1.087298E-01 -2.885439E-02
  2.50000000E+03  0.00000000E+00  3.00000000E+01   -1.326602E+01  6.723699E-01   -1.025287E-13  4.265947E-13   -1.036131E-01 -2.636215E-02
  2.60000000E+03  0.00000000E+00  3.00000000E+01   -1.326155E+01  6.733981E-01    1.904113E-13 -2.087200E-13   -9.847856E-02 -2.394216E-02
  2.70000000E+03  0.00000000E+00  3.00000000E+01   -1.325743E+01  6.743030E-01    2.245826E-13 -4.950122E-13   -9.334840E-02 -2.159308E-02
  2.80000000E+03  0.00000000E+00  3.00000000E+01   -1.325359E+01  6.751109E-01    1.037881E-13 -7.872764E-14   -8.824126E-02 -1.932343E-02
  2.90000000E+03  0.00000000E+00  3.00000000E+01   -1.325004E+01  6.758299E-01   -3.414479E-13 -8.449931E-14   -8.316917E-02 -1.712828E-02
  3.00000000E+03  0.00000000E+00  3.00000000E+01   -1.324673E+01  6.764804E-01   -4.035981E-14 -1.033012E-13   -7.814691E-02 -1.501393E-02
  3.10000000E+03  0.00000000E+00  3.00000000E+01   -1.324364E+01  6.770695E-01    5.721079E-13 -9.891665E-13   -7.317910E-02 -1.297330E-02
  3.20000000E+03  0.00000000E+00  3.00000000E+01   -1.324075E+01  6.776127E-01    2.460258E-13 -4.288267E-13   -6.827728E-02 -1.101089E-02
  3.30000000E+03  0.00000000E+00  3.00000000E+01   -1.323805E+01  6.781165E-01    2.031657E-13 -7.271234E-13   -6.344148E-02 -9.118747E-03
  3.40000000E+03  0.00000000E+00  3.00000000E+01   -1.323550E+01  6.785921E-01   -9.890253E-14 -4.806914E-13   -5.868122E-02 -7.300246E-03
  3.50000000E+03  0.00000000E+00  3.00000000E+01   -1.323310E+01  6.790455E-01    2.850864E-13 -6.529068E-13   -5.399313E-02 -5.547073E-03
  3.60000000E+03  0.00000000E+00  3.00000000E+01   -1.323083E+01  6.794849E-01    2.018842E-13 -4.095564E-13   -4.938481E-02 -3.861589E-03
  3.70000000E+03  0.00000000E+00  3.00000000E+01   -1.322868E+01  6.799156E-01    5.982034E-14 -5.778366E-13   -4.485109E-02 -2.235717E-03
  3.80000000E+03  0.00000000E+00  3.00000000E+01   -1.322662E+01  6.803434E-01    3.988365E-13 -7.466809E-13   -4.039852E-02 -6.712294E-04
  3.90000000E+03  0.00000000E+00  3.00000000E+01   -1.322465E+01  6.807731E-01    2.780661E-13 -9.716710E-13   -3.602044E-02  8.396543E-04
  4.00000000E+03  0.00000000E+00  3.00000000E+01   -1.322277E+01  6.812086E-01    4.749269E-14 -3.365097E-13   -3.172218E-02  2.295756E-03
  4.10000000E+03  0.00000000E+00  3.00000000E+01   -1.322095E+01  6.816544E-01   -2.858313E-13 -3.345928E-13   -2.749667E-02  3.704237E-03
  4.20000000E+03  0.00000000E+00  3.00000000E+01   -1.321919E+01  6.821129E-01   -2.368673E-13 -3.879546E-13   -2.334860E-02  5.064270E-03
  4.30000000E+03  0.00000000E+00  3.00000000E+01   -1.321749E+01  6.825882E-01   -4.182604E-13 -5.243144E-13   -1.927041E-02  6.382478E-03
  4.40000000E+03  0.00000000E+00  3.00000000E+01   -1.321583E+01  6.830816E-01   -1.699361E-14  1.425687E-13   -1.526595E-02  7.658445E-03
  4.50000000E+03  0.00000000E+00  3.00000000E+01   -1.321420E+01  6.835970E-01    2.831082E-13 -1.504583E-13   -1.132781E-02  8.898101E-03
  4.60000000E+03  0.00000000E+00  3.00000000E+01   -1.321260E+01  6.841347E-01   -1.998488E-13  9.396517E-14   -7.459544E-03  1.010123E-02
  4.70000000E+03  0.00000000E+00  3.00000000E+01   -1.321103E+01  6.846986E-01    2.178461E-13 -7.610592E-13   -3.653660E-03  1.127322E-02
  4.80000000E+03  0.00000000E+00  3.00000000E+01   -1.320948E+01  6.852883E-01   -1.268745E-14  5.521256E-13    8.694600E-05  1.241416E-02
  4.90000000E+03  0.00000000E+00  3.00000000E+01   -1.320794E+01  6.859074E-01    1.159858E-13 -2.319095E-13    3.769284E-03  1.352877E-02
  5.00000000E+03  0.00000000E+00  3.00000000E+01   -1.320641E+01  6.865551E-01    1.252834E-13 -3.001039E-13    7.390671E-03  1.461729E-02
  5.10000000E+03  0.00000000E+00  3.00000000E+01   -1.320488E+01  6.872349E-01   -1.428085E-13 -3.661755E-13    1.095796E-02  1.568395E-02
  5.20000000E+03  0.00000000E+00  3.00000000E+01   -1.320335E+01  6.879455E-01    7.345163E-14  8.821980E-15    1.446902E-02  1.672924E-02
  5.30000000E+03  0.00000000E+00  3.00000000E+01   -1.320182E+01  6.886905E-01   -1.554970E-14 -1.396519E-13    1.793014E-02  1.775679E-02
  5.40000000E+03  0.00000000E+00  3.00000000E+01   -1.320028E+01  6.894682E-01    1.792716E-14 -2.413242E-13    2.133926E-02  1.876720E-02
  5.50000000E+03  0.00000000E+00  3.00000000E+01   -1.319872E+01  6.902822E-01    2.897515E-13 -3.966571E-13    2.470251E-02  1.976370E-02
  5.60000000E+03  0.00000000E+00  3.00000000E+01   -1.319715E+01  6.911305E-01   -1.730678E-13 -4.273679E-13    2.801828E-02  2.074710E-02
  5.70000000E+03  0.00000000E+00  3.00000000E+01   -1.319557E+01  6.920169E-01    2.804434E-13 -6.182448E-13    3.129209E-02  2.172013E-02
  5.80000000E+03  0.00000000E+00  3.00000000E+01   -1.319396E+01  6.929390E-01   -1.583754E-14 -6.059696E-13    3.452244E-02  2.268369E-02
  5.90000000E+03  0.00000000E+00  3.00000000E+01   -1.319232E+01  6.939007E-01   -5.858798E-14 -3.515284E-13    3.771460E-02  2.364015E-02
  6.00000000E+03  0.00000000E+00  3.00000000E+01   -1.319066E+01  6.948996E-01   -3.481416E-13 -5.012709E-13    4.086748E-02  2.459064E-02
  6.10000000E+03  0.00000000E+00  3.00000000E+01   -1.318897E+01  6.959396E-01    1.611174E-13 -4.906768E-13    4.398582E-02  2.553709E-02
  6.20000000E+03  0.00000000E+00  3.00000000E+01   -1.318724E+01  6.970182E-01   -6.486747E-14 -1.933868E-14    4.706855E-02  2.648071E-02
  6.30000000E+03  0.00000000E+00  3.00000000E+01   -1.318548E+01  6.981393E-01   -4.324445E-13  3.496977E-13    5.012022E-02  2.742316E-02
  6.40000000E+03  0.00000000E+00  3.00000000E+01   -1.318368E+01  6.993003E-01   -4.139586E-13  4.706911E-15    5.314015E-02  2.836586E-02
  6.50000000E+03  0.00000000E+00  3.00000000E+01   -1.318184E+01  7.005055E-01   -3.264721E-13  2.819323E-13    5.613236E-02  2.931008E-02
  6.60000000E+03  0.00000000E+00  3.00000000E+01   -1.317995E+01  7.017521E-01   -1.619714E-13  1.466021E-13    5.909620E-02  3.025733E-02
  6.70000000E+03  0.00000000E+00  3.00000000E+01   -1.317802E+01  7.030444E-01   -1.662085E-13  3.564858E-13    6.203553E-02  3.120867E-02
  6.80000000E+03  0.00000000E+00  3.00000000E+01   -1.317604E+01  7.043799E-01    1.272635E-13 -9.283134E-14    6.495008E-02  3.216581E-02
  6.90000000E+03  0.00000000E+00  3.00000000E+01   -1.317401E+01  7.057629E-01   -1.025293E-13  2.231381E-13    6.784322E-02  3.312950E-02
  7.00000000E+03  0.00000000E+00  3.00000000E+01   -1.317192E+01  7.071908E-01   -1.662319E-13  2.098606E-13    7.071472E-02  3.410154E-02
  7.10000000E+03  0.00000000E+00  3.00000000E+01   -1.316978E+01  7.086683E-01   -4.783170E-13  5.254616E-13    7.356783E-02  3.508250E-02
  7.20000000E+03  0.00000000E+00  3.00000000E+01   -1.316758E+01  7.101927E-01    1.428462E-13 -2.539096E-13    7.640267E-02  3.607441E-02
  7.30000000E+03  0.00000000E+00  3.00000000E+01   -1.316531E+01  7.117692E-01   -1.840814E-13 -3.259243E-14    7.922206E-02  3.707755E-02
  7.40000000E+03  0.00000000E+00  3.00000000E+01   -1.316298E+01  7.133949E-01   -2.243575E-13 -1.864175E-14    8.202619E-02  3.809408E-02
  7.50000000E+03  0.00000000E+00  3.00000000E+01   -1.316058E+01  7.150753E-01    5.172170E-14 -5.094420E-13    8.481776E-02  3.912414E-02
  7.60000000E+03  0.00000000E+00  3.00000000E+01   -1.315811E+01  7.168077E-01   -3.951791E-13  4.536739E-13    8.759737E-02  4.017013E-02
  7.70000000E+03  0.00000000E+00  3.00000000E+01   -1.315556E+01  7.185980E-01    3.965159E-14 -3.342849E-14    9.036730E-02  4.123195E-02
  7.80000000E+03  0.00000000E+00  3.00000000E+01   -1.315294E+01  7.204434E-01   -1.978432E-13  2.261017E-13    9.312823E-02  4.231214E-02
  7.90000000E+03  0.00000000E+00  3.00000000E+01   -1.315023E+01  7.223504E-01   -2.688315E-13  5.084046E-13    9.588239E-02  4.341050E-02
  8.00000000E+03  0.00000000E+00  3.00000000E+01   -1.314743E+01  7.243163E-01   -7.757374E-14  6.851448E-14    9.863089E-02  4.452988E-02
  8.10000000E+03  0.00000000E+00  3.00000000E+01   -1.314455E+01  7.263483E-01    3.378791E-14  2.392441E-15    1.013756E-01  4.566985E-02
  8.20000000E+03  0.00000000E+00  3.00000000E+01   -1.314157E+01  7.284436E-01   -1.281615E-13  4.577191E-14    1.041177E-01  4.683346E-02
  8.30000000E+03  0.00000000E+00  3.00000000E+01   -1.313849E+01  7.306101E-01   -9.685042E-16  4.591321E-13    1.068590E-01  4.802020E-02
  8.40000000E+03  0.00000000E+00  3.00000000E+01   -1.313531E+01  7.328452E-01    4.393189E-14  2.566034E-13    1.096013E-01  4.923351E-02
  8.50000000E+03  0.00000000E+00  3.00000000E+01   -1.313202E+01  7.351580E-01    1.098337E-13  9.120778E-13    1.123460E-01  5.047270E-02
  8.60000000E+03  0.00000000E+00  3.00000000E+01   -1.312861E+01  7.375458E-01   -2.569099E-13  6.106656E-13    1.150952E-01  5.174146E-02
  8.70000000E+03  0.00000000E+00  3.00000000E+01   -1.312508E+01  7.400188E-01   -2.563255E-14  7.579831E-13    1.178502E-01  5.303909E-02
  8.80000000E+03  0.00000000E+00  3.00000000E+01   -1.312142E+01  7.425746E-01   -1.124957E-13  6.508323E-13    1.206135E-01  5.436980E-02
  8.90000000E+03  0.00000000E+00  3.00000000E+01   -1.311763E+01  7.452252E-01    3.962477E-13 -1.394066E-14    1.233865E-01  5.573273E-02
  9.00000000E+03  0.00000000E+00  3.00000000E+01   -1.311369E+01  7.479681E-01    1.324263E-13 -2.838857E-13    1.261719E-01  5.713251E-02
  9.10000000E+03  0.00000000E+00  3.00000000E+01   -1.310960E+01  7.508173E-01   -2.956566E-13 -2.258537E-13    1.289711E-01  5.856833E-02
  9.20000000E+03  0.00000000E+00  3.00000000E+01   -1.310534E+01  7.537709E-01    5.631466E-14  8.024925E-13    1.317876E-01  6.004557E-02
  9.30000000E+03  0.00000000E+00  3.00000000E+01   -1.310091E+01  7.568454E-01    2.564908E-13  1.056541E-12    1.346224E-01  6.156332E-02
  9.40000000E+03  0.00000000E+00  3.00000000E+01   -1.309630E+01  7.600396E-01    5.858802E-14  5.089839E-13    1.374798E-01  6.312761E-02
  9.50000000E+03  0.00000000E+00  3.00000000E+01   -1.309148E+01  7.633734E-01    4.830717E-14  1.034176E-12    1.403609E-01  6.473762E-02
  9.60000000E+03  0.00000000E+00  3.00000000E+01   -1.308645E+01  7.668465E-01    2.401659E-13  4.729789E-14    1.432703E-01  6.640025E-02
  9.70000000E+03  0.00000000E+00  3.00000000E+01   -1.308118E+01  7.704835E-01   -4.862612E-14  9.588301E-13    1.462082E-01  6.811405E-02
  9.80000000E+03  0.00000000E+00  3.00000000E+01   -1.307566E+01  7.742854E-01    2.544510E-13  6.689089E-14    1.491770E-01  6.988505E-02
  9.90000000E+03  0.00000000E+00  3.00000000E+01   -1.306986E+01  7.782813E-01    3.661754E-13  4.027930E-13    1.521690E-01  7.170721E-02
  1.00000000E+04  0.00000000E+00  3.00000000E+01   -1.306378E+01  7.824638E-01    3.049319E-19  6.371456E-13    1.551571E-01  7.356849E-02
  1.05000000E+04  0.00000000E+00  3.00000000E+01   -1.302756E+01  8.073885E-01   -3.222341E-13  1.523290E-12    1.714818E-01  8.445339E-02
