 -1.05000000E+04  0.00000000E+00  3.00000000E+01   -2.842171E-13  1.818989E-12    1.220803E+01 -6.661360E-01   -3.979039E-13 -1.108447E-12
 -1.00000000E+04  0.00000000E+00  3.00000000E+01    2.273737E-13  3.637979E-12    1.220401E+01 -6.702208E-01    9.947598E-14 -3.808509E-12
 -9.90000000E+03  0.00000000E+00  3.00000000E+01    2.842171E-13 -2.728484E-12    1.220318E+01 -6.710586E-01   -2.842171E-14 -8.384404E-12
 -9.80000000E+03  0.00000000E+00  3.00000000E+01    3.410605E-13 -1.818989E-12    1.220236E+01 -6.718823E-01   -5.400125E-13 -9.578116E-12
 -9.70000000E+03  0.00000000E+00  3.00000000E+01    4.547474E-13 -1.818989E-12    1.220156E+01 -6.726949E-01   -1.421085E-13 -1.136868E-13
 -9.60000000E+03  0.00000000E+00  3.00000000E+01    1.136868E-13 -3.637979E-12    1.220076E+01 -6.734943E-01   -5.684342E-14 -2.643219E-12
 -9.50000000E+03  0.00000000E+00  3.00000000E+01    0.000000E+00 -9.094947E-13    1.219998E+01 -6.742806E-01    5.684342E-14  2.160050E-12
 -9.40000000E+03  0.00000000E+00  3.00000000E+01    2.273737E-13  7.275958E-12    1.219921E+01 -6.750520E-01    4.121148E-13  5.940137E-12
 -9.30000000E+03  0.00000000E+00  3.00000000E+01    3.410605E-13  9.094947E-13    1.219846E+01 -6.758094E-01   -2.842171E-14  0.000000E+00
 -9.20000000E+03  0.00000000E+00  3.00000000E+01    5.684342E-13  0.000000E+00    1.219772E+01 -6.765516E-01    1.421085E-14  3.041123E-12
 -9.10000000E+03  0.00000000E+00  3.00000000E+01    0.000000E+00 -9.094947E-13    1.219699E+01 -6.772798E-01   -3.410605E-13 -2.643219E-12
 -9.00000000E+03  0.00000000E+00  3.00000000E+01   -4.547474E-13 -5.456968E-12    1.219628E+01 -6.779929E-01   -4.121148E-13 -4.774847E-12
 -8.90000000E+03  0.00000000E+00  3.00000000E+01   -9.663381E-13 -1.182343E-11    1.219558E+01 -6.786922E-01   -2.842171E-14  1.989520E-13
 -8.80000000E+03  0.00000000E+00  3.00000000E+01   -1.705303E-12 -2.000888E-11    1.219489E+01 -6.793769E-01   -1.705303E-13 -2.046363E-12
 -8.70000000E+03  0.00000000E+00  3.00000000E+01   -1.421085E-12 -1.364242E-11    1.219422E+01 -6.800482E-01   -2.842171E-13  7.673862E-13
 -8.60000000E+03  0.00000000E+00  3.00000000E+01   -7.958079E-13 -5.456968E-12    1.219356E+01 -6.807054E-01   -1.421085E-14 -4.547474E-12
 -8.50000000E+03  0.00000000E+00  3.00000000E+01   -6.536993E-13 -7.275958E-12    1.219291E+01 -6.813497E-01   -8.526513E-14 -3.751666E-12
 -8.40000000E+03  0.00000000E+00  3.00000000E+01   -9.663381E-13 -1.364242E-11    1.219228E+01 -6.819804E-01   -4.263256E-14 -4.689582E-12
 -8.30000000E+03  0.00000000E+00  3.00000000E+01   -6.536993E-13 -4.547474E-12    1.219166E+01 -6.825986E-01   -1.989520E-13 -7.673862E-12
 -8.20000000E+03  0.00000000E+00  3.00000000E+01   -7.958079E-13 -1.546141E-11    1.219105E+01 -6.832037E-01    1.278977E-13  1.648459E-12
 -8.10000000E+03  0.00000000E+00  3.00000000E+01   -1.421085E-13 -4.547474E-12    1.219045E+01 -6.837968E-01   -1.136868E-13  2.074785E-12
 -8.00000000E+03  0.00000000E+00  3.00000000E+01    3.410605E-13  9.094947E-12    1.218986E+01 -6.843773E-01    5.684342E-14 -3.041123E-12
 -7.90000000E+03  0.00000000E+00  3.00000000E+01    2.273737E-13  3.183231E-12    1.218929E+01 -6.849462E-01    8.526513E-14  3.723244E-12
 -7.80000000E+03  0.00000000E+00  3.00000000E+01   -9.663381E-13 -8.185452E-12    1.218873E+01 -6.855029E-01   -7.105427E-14 -1.477929E-12
 -7.70000000E+03  0.00000000E+00  3.00000000E+01   -5.400125E-13 -2.273737E-12    1.218817E+01 -6.860484E-01    1.989520E-13  1.307399E-12
 -7.60000000E+03  0.00000000E+00  3.00000000E+01   -5.684342E-13 -6.366463E-12    1.218763E+01 -6.865821E-01   -4.547474E-13 -3.410605E-13
 -7.50000000E+03  0.00000000E+00  3.00000000E+01   -7.105427E-13 -1.364242E-11    1.218710E+01 -6.871049E-01    4.831691E-13  5.115908E-12
 -7.40000000E+03  0.00000000E+00  3.00000000E+01   -5.115908E-13 -1.000444E-11    1.218658E+01 -6.876163E-01   -7.105427E-14  2.955858E-12
 -7.30000000E+03  0.00000000E+00  3.00000000E+01   -1.989520E-13 -7.275958E-12    1.218607E+01 -6.881173E-01   -3.410605E-13 -2.046363E-12
 -7.20000000E+03  0.00000000E+00  3.00000000E+01   -2.842171E-13  2.728484E-12    1.218557E+01 -6.886071E-01    1.705303E-13 -1.136868E-12
 -7.10000000E+03  0.00000000E+00  3.00000000E+01    1.989520E-13 -1.364242E-12    1.218508E+01 -6.890867E-01    0.000000E+00  9.947598E-13
 -7.00000000E+03  0.00000000E+00  3.00000000E+01    2.273737E-13  9.094947E-13    1.218461E+01 -6.895555E-01   -1.847411E-13  2.728484E-12
 -6.90000000E+03  0.00000000E+00  3.00000000E+01    1.989520E-13  3.183231E-12    1.218414E+01 -6.900144E-01   -1.136868E-13  1.392664E-12
 -6.80000000E+03  0.00000000E+00  3.00000000E+01   -2.842171E-13 -9.094947E-13    1.218368E+01 -6.904626E-01    0.000000E+00 -3.979039E-13
 -6.70000000E+03  0.00000000E+00  3.00000000E+01    1.421085E-13 -3.637979E-12    1.218323E+01 -6.909012E-01   -8.526513E-14  8.526513E-14
 -6.60000000E+03  0.00000000E+00  3.00000000E+01    3.410605E-13 -2.728484E-12    1.218279E+01 -6.913295E-01   -1.705303E-13 -6.821210E-13
 -6.50000000E+03  0.00000000E+00  3.00000000E+01    2.557954E-13  4.547474E-13    1.218236E+01 -6.917482E-01   -1.421085E-13  7.673862E-13
 -6.40000000E+03  0.00000000E+00  3.00000000E+01    1.136868E-13  4.547474E-12    1.218194E+01 -6.921568E-01    1.421085E-13 -1.193712E-12
 -6.30000000E+03  0.00000000E+00  3.00000000E+01    3.410605E-13  2.728484E-12    1.218153E+01 -6.925560E-01   -3.979039E-13  2.899014E-12
 -6.20000000E+03  0.00000000E+00  3.00000000E+01    2.273737E-13  3.637979E-12    1.218113E+01 -6.929452E-01    2.842171E-14 -7.105427E-13
 -6.10000000E+03  0.00000000E+00  3.00000000E+01    8.526513E-14  5.002221E-12    1.218073E+01 -6.933252E-01    1.136868E-13  1.449507E-12
 -6.00000000E+03  0.00000000E+00  3.00000000E+01   -5.684342E-14  4.547474E-12    1.218035E+01 -6.936954E-01   -2.415845E-13 -5.115908E-13
 -5.90000000E+03  0.00000000E+00  3.00000000E+01   -1.989520E-13 -9.094947E-13    1.217998E+01 -6.940564E-01   -8.526513E-14  9.663381E-13
 -5.80000000E+03  0.00000000E+00  3.00000000E+01    3.410605E-13  4.547474E-12    1.217962E+01 -6.944076E-01   -2.842171E-14  6.536993E-13
 -5.70000000E+03  0.00000000E+00  3.00000000E+01    5.684342E-14  4.547474E-13    1.217926E+01 -6.947497E-01    1.421085E-13  1.620037E-12
 -5.60000000E+03  0.00000000E+00  3.00000000E+01    0.000000E+00  9.094947E-13    1.217892E+01 -6.950821E-01   -5.684342E-14 -2.188472E-12
 -5.50000000E+03  0.00000000E+00  3.00000000E+01   -1.421085E-13  0.000000E+00    1.217858E+01 -6.954055E-01   -3.979039E-13 -1.421085E-12
 -5.40000000E+03  0.00000000E+00  3.00000000E+01    1.705303E-13  2.728484E-12    1.217826E+01 -6.957190E-01   -1.136868E-13 -1.989520E-13
 -5.30000000E+03  0.00000000E+00  3.00000000E+01   -8.526513E-14  2.273737E-12    1.217794E+01 -6.960236E-01   -2.557954E-13 -3.268497E-12
 -5.20000000E+03  0.00000000E+00  3.00000000E+01   -2.273737E-13  0.000000E+00    1.217763E+01 -6.963183E-01   -2.557954E-13  2.842171E-14
 -5.10000000E+03  0.00000000E+00  3.00000000E+01   -2.842171E-13 -2.728484E-12    1.217734E+01 -6.966039E-01   -8.526513E-14 -4.376943E-12
 -5.00000000E+03  0.00000000E+00  3.00000000E+01    1.136868E-13 -5.456968E-12    1.217705E+01 -6.968795E-01   -1.421085E-14  9.379164E-13
 -4.90000000E+03  0.00000000E+00  3.00000000E+01   -2.557954E-13 -6.821210E-12    1.217677E+01 -6.971460E-01    5.684342E-14 -1.961098E-12
 -4.80000000E+03  0.00000000E+00  3.00000000E+01   -5.684342E-14  0.000000E+00    1.217651E+01 -6.974024E-01   -9.947598E-14  2.245315E-12
 -4.70000000E+03  0.00000000E+00  3.00000000E+01   -2.842171E-14  2.273737E-12    1.217625E+01 -6.976495E-01   -1.136868E-13  6.821210E-13
 -4.60000000E+03  0.00000000E+00  3.00000000E+01   -2.273737E-13 -9.094947E-13    1.217600E+01 -6.978863E-01   -1.136868E-13 -8.810730E-13
 -4.50000000E+03  0.00000000E+00  3.00000000E+01   -4.831691E-13 -5.456968E-12    1.217576E+01 -6.981136E-01   -2.273737E-13  1.421085E-13
 -4.40000000E+03  0.00000000E+00  3.00000000E+01    0.000000E+00 -2.273737E-12    1.217554E+01 -6.983304E-01   -1.989520E-13 -3.126388E-13
 -4.30000000E+03  0.00000000E+00  3.00000000E+01   -4.263256E-14 -3.637979E-12    1.217532E+01 -6.985374E-01   -8.526513E-14 -2.842171E-14
 -4.20000000E+03  0.00000000E+00  3.00000000E+01   -2.557954E-13 -6.366463E-12    1.217512E+01 -6.987337E-01   -1.278977E-13 -1.875833E-12
 -4.10000000E+03  0.00000000E+00  3.00000000E+01   -9.947598E-14 -1.136868E-12    1.217493E+01 -6.989198E-01    1.421085E-13 -2.017941E-12
 -4.00000000E+03  0.00000000E+00  3.00000000E+01   -2.273737E-13 -4.092726E-12    1.217474E+01 -6.990949E-01    2.131628E-13  1.250555E-12
 -3.90000000E+03  0.00000000E+00  3.00000000E+01   -5.684342E-14 -2.273737E-13    1.217457E+01 -6.992594E-01    1.705303E-13  2.557954E-13
 -3.80000000E+03  0.00000000E+00  3.00000000E+01    8.526513E-14  0.000000E+00    1.217441E+01 -6.994125E-01    9.947598E-14 -4.831691E-13
 -3.70000000E+03  0.00000000E+00  3.00000000E+01   -1.847411E-13  4.547474E-13    1.217427E+01 -6.995547E-01    1.136868E-13  3.154810E-12
 -3.60000000E+03  0.00000000E+00  3.00000000E+01   -2.273737E-13  0.000000E+00    1.217413E+01 -6.996850E-01    1.136868E-13 -8.526513E-14
 -3.50000000E+03  0.00000000E+00  3.00000000E+01    7.105427E-14  2.273737E-13    1.217401E+01 -6.998040E-01   -5.684342E-14 -3.353762E-12
 -3.40000000E+03  0.00000000E+00  3.00000000E+01   -5.684342E-14 -9.094947E-13    1.217390E+01 -6.999104E-01    5.684342E-14  8.526513E-14
 -3.30000000E+03  0.00000000E+00  3.00000000E+01   -1.136868E-13 -1.818989E-12    1.217381E+01 -7.000051E-01    1.421085E-13  8.526513E-14
 -3.20000000E+03  0.00000000E+00  3.00000000E+01   -1.989520E-13 -5.456968E-12    1.217373E+01 -7.000867E-01   -1.136868E-13 -1.051603E-12
 -3.10000000E+03  0.00000000E+00  3.00000000E+01   -2.415845E-13 -3.410605E-12    1.217366E+01 -7.001561E-01   -5.684342E-14  1.818989E-12
 -3.00000000E+03  0.00000000E+00  3.00000000E+01   -1.136868E-13 -1.818989E-12    1.217360E+01 -7.002117E-01    1.705303E-13  9.947598E-13
 -2.90000000E+03  0.00000000E+00  3.00000000E+01   -2.842171E-14 -9.094947E-13    1.217356E+01 -7.002544E-01    1.989520E-13  3.126388E-13
 -2.80000000E+03  0.00000000E+00  3.00000000E+01    2.273737E-13  0.000000E+00    1.217354E+01 -7.002829E-01   -2.415845E-13 -1.534772E-12
 -2.70000000E+03  0.00000000E+00  3.00000000E+01    1.989520E-13  2.046363E-12    1.217353E+01 -7.002978E-01   -1.421085E-13 -1.989520E-12
 -2.60000000E+03  0.00000000E+00  3.00000000E+01    2.842171E-13  1.364242E-12    1.217354E+01 -7.002978E-01   -1.421085E-14 -9.663381E-13
 -2.50000000E+03  0.00000000E+00  3.00000000E+01    1.278977E-13 -1.364242E-12    1.217356E+01 -7.002837E-01    2.842171E-14 -3.126388E-13
 -2.40000000E+03  0.00000000E+00  3.00000000E+01    1.989520E-13  9.094947E-13    1.217360E+01 -7.002539E-01    8.526513E-14 -1.790568E-12
 -2.30000000E+03  0.00000000E+00  3.00000000E+01    1.278977E-13  6.821210E-13    1.217365E+01 -7.002094E-01    1.136868E-13  8.526513E-14
 -2.20000000E+03  0.00000000E+00  3.00000000E+01   -8.526513E-14 -3.865352E-12    1.217373E+01 -7.001487E-01    7.105427E-14 -2.273737E-13
 -2.10000000E+03  0.00000000E+00  3.00000000E+01   -2.842171E-14 -1.136868E-12    1.217382E+01 -7.000729E-01    1.136868E-13 -1.108447E-12
 -2.00000000E+03  0.00000000E+00  3.00000000E+01   -7.105427E-14 -1.136868E-12    1.217392E+01 -6.999803E-01    1.136868E-13 -1.136868E-13
 -1.90000000E+03  0.00000000E+00  3.00000000E+01   -1.350031E-13 -2.046363E-12    1.217405E+01 -6.998723E-01   -1.705303E-13 -9.094947E-13
 -1.80000000E+03  0.00000000E+00  3.00000000E+01    5.684342E-14  2.273737E-13    1.217419E+01 -6.997475E-01   -5.684342E-14 -5.684342E-14
 -1.70000000E+03  0.00000000E+00  3.00000000E+01   -7.105427E-14 -1.136868E-13    1.217435E+01 -6.996073E-01   -5.684342E-14  0.000000E+00
 -1.60000000E+03  0.00000000E+00  3.00000000E+01    0.000000E+00 -4.547474E-13    1.217453E+01 -6.994507E-01   -1.421085E-13 -5.684342E-14
 -1.50000000E+03  0.00000000E+00  3.00000000E+01    4.263256E-14 -7.958079E-13    1.217473E+01 -6.992795E-01    1.705303E-13 -1.080025E-12
 -1.40000000E+03  0.00000000E+00  3.00000000E+01   -9.947598E-14 -1.591616E-12    1.217494E+01 -6.990934E-01    5.684342E-14  2.273737E-13
 -1.30000000E+03  0.00000000E+00  3.00000000E+01   -1.207923E-13 -1.477929E-12    1.217517E+01 -6.988947E-01   -2.842171E-14 -3.126388E-13
 -1.20000000E+03  0.00000000E+00  3.00000000E+01   -2.415845E-13 -6.821210E-13    1.217541E+01 -6.986841E-01   -2.131628E-13 -1.421085E-13
 -1.10000000E+03  0.00000000E+00  3.00000000E+01   -1.776357E-13 -1.477929E-12    1.217566E+01 -6.984645E-01   -5.684342E-14 -4.831691E-13
 -1.00000000E+03  0.00000000E+00  3.00000000E+01   -1.705303E-13 -1.477929E-12    1.217592E+01 -6.982381E-01   -1.421085E-13 -1.136868E-13
 -9.00000000E+02  0.00000000E+00  3.00000000E+01    3.907985E-14 -1.932676E-12    1.217618E+01 -6.980089E-01   -1.421085E-13 -2.842171E-14
 -8.00000000E+02  0.00000000E+00  3.00000000E+01    6.394885E-14 -3.410605E-13    1.217644E+01 -6.977810E-01   -2.842171E-14  5.115908E-13
 -7.00000000E+02  0.00000000E+00  3.00000000E+01    2.486900E-14 -3.410605E-13    1.217670E+01 -6.975589E-01    0.000000E+00 -2.273737E-13
 -6.00000000E+02  0.00000000E+00  3.00000000E+01   -5.684342E-14 -3.410605E-13    1.217694E+01 -6.973489E-01   -1.421085E-14 -2.557954E-13
 -5.00000000E+02  0.00000000E+00  3.00000000E+01   -6.572520E-14  8.526513E-14    1.217716E+01 -6.971559E-01   -2.842171E-14 -3.694822E-13
 -4.00000000E+02  0.00000000E+00  3.00000000E+01    2.415845E-13  3.410605E-13    1.217736E+01 -6.969878E-01    1.563194E-13  1.421085E-13
 -3.00000000E+02  0.00000000E+00  3.00000000E+01    1.030287E-13 -2.842171E-14    1.217752E+01 -6.968483E-01    1.705303E-13 -1.136868E-13
 -2.00000000E+02  0.00000000E+00  3.00000000E+01    3.730349E-14 -1.421085E-13    1.217764E+01 -6.967455E-01    2.131628E-13 -1.136868E-13
 -1.00000000E+02  0.00000000E+00  3.00000000E+01   -5.551115E-14 -6.394885E-14    1.217771E+01 -6.966806E-01   -5.684342E-14 -1.421085E-13
  0.00000000E+00  0.00000000E+00  3.00000000E+01    2.349683E-14 -2.170790E-13    1.217774E+01 -6.966598E-01   -1.136868E-13  5.684342E-14
  1.00000000E+02  0.00000000E+00  3.00000000E+01    2.131628E-14 -1.847411E-13    1.217771E+01 -6.966805E-01    0.000000E+00  5.684342E-14
  2.00000000E+02  0.00000000E+00  3.00000000E+01   -4.618528E-14  2.842171E-14    1.217764E+01 -6.967452E-01   -7.105427E-14 -5.684342E-14
  3.00000000E+02  0.00000000E+00  3.00000000E+01    1.154632E-13 -2.273737E-13    1.217752E+01 -6.968479E-01    0.000000E+00 -3.126388E-13
  4.00000000E+02  0.00000000E+00  3.00000000E+01   -3.552714E-15 -3.979039E-13    1.217736E+01 -6.969873E-01   -1.421085E-14 -1.705303E-13
  5.00000000E+02  0.00000000E+00  3.00000000E+01   -1.953993E-14 -2.273737E-13    1.217716E+01 -6.971554E-01    1.136868E-13  2.842171E-14
  6.00000000E+02  0.00000000E+00  3.00000000E+01    1.136868E-13 -7.958079E-13    1.217694E+01 -6.973483E-01    2.842171E-14 -5.684342E-14
  7.00000000E+02  0.00000000E+00  3.00000000E+01    1.065814E-13 -1.136868E-12    1.217670E+01 -6.975582E-01    1.421085E-13 -7.105427E-13
  8.00000000E+02  0.00000000E+00  3.00000000E+01   -7.105427E-15 -1.136868E-12    1.217644E+01 -6.977802E-01   -9.947598E-14 -2.273737E-13
  9.00000000E+02  0.00000000E+00  3.00000000E+01   -3.552714E-14 -1.080025E-12    1.217618E+01 -6.980082E-01    5.684342E-14 -1.421085E-13
  1.00000000E+03  0.00000000E+00  3.00000000E+01   -2.131628E-14 -4.547474E-13    1.217592E+01 -6.982374E-01   -1.705303E-13  2.842171E-13
  1.10000000E+03  0.00000000E+00  3.00000000E+01    2.131628E-14 -2.273737E-13    1.217566E+01 -6.984637E-01   -5.684342E-14  4.831691E-13
  1.20000000E+03  0.00000000E+00  3.00000000E+01   -7.105427E-14  0.000000E+00    1.217541E+01 -6.986833E-01   -7.105427E-14  1.989520E-13
  1.30000000E+03  0.00000000E+00  3.00000000E+01   -2.131628E-14 -2.273737E-13    1.217517E+01 -6.988940E-01    2.842171E-14  7.673862E-13
  1.40000000E+03  0.00000000E+00  3.00000000E+01    1.421085E-14  0.000000E+00    1.217494E+01 -6.990927E-01    1.989520E-13  1.136868E-13
  1.50000000E+03  0.00000000E+00  3.00000000E+01    0.000000E+00  1.136868E-13    1.217473E+01 -6.992788E-01    1.705303E-13 -6.821210E-13
  1.60000000E+03  0.00000000E+00  3.00000000E+01    5.684342E-14 -1.364242E-12    1.217453E+01 -6.994500E-01    1.421085E-14 -5.968559E-13
  1.70000000E+03  0.00000000E+00  3.00000000E+01    0.000000E+00  1.136868E-13    1.217436E+01 -6.996066E-01    1.136868E-13 -7.105427E-13
  1.80000000E+03  0.00000000E+00  3.00000000E+01    8.526513E-14  9.094947E-13    1.217419E+01 -6.997469E-01    1.989520E-13  1.222134E-12
  1.90000000E+03  0.00000000E+00  3.00000000E+01    7.105427E-14 -1.136868E-13    1.217405E+01 -6.998717E-01    5.684342E-14 -1.705303E-12
  2.00000000E+03  0.00000000E+00  3.00000000E+01    5.684342E-14 -1.591616E-12    1.217392E+01 -6.999798E-01    8.526513E-14  2.273737E-13
  2.10000000E+03  0.00000000E+00  3.00000000E+01   -9.947598E-14 -3.069545E-12    1.217382E+01 -7.000724E-01   -2.842171E-14 -1.278977E-12
  2.20000000E+03  0.00000000E+00  3.00000000E+01   -8.526513E-14 -1.364242E-12    1.217373E+01 -7.001483E-01   -2.842171E-14 -7.958079E-13
  2.30000000E+03  0.00000000E+00  3.00000000E+01   -8.526513E-14 -2.273737E-13    1.217365E+01 -7.002090E-01    5.684342E-14 -1.421085E-13
  2.40000000E+03  0.00000000E+00  3.00000000E+01   -5.684342E-14  9.094947E-13    1.217360E+01 -7.002535E-01    5.684342E-14 -1.705303E-13
  2.50000000E+03  0.00000000E+00  3.00000000E+01   -5.684342E-14  2.273737E-13    1.217356E+01 -7.002833E-01   -2.842171E-14 -5.684342E-14
  2.60000000E+03  0.00000000E+00  3.00000000E+01   -1.989520E-13 -1.364242E-12    1.217354E+01 -7.002974E-01   -1.563194E-13 -1.136868E-12
  2.70000000E+03  0.00000000E+00  3.00000000E+01   -8.526513E-14 -1.818989E-12    1.217353E+01 -7.002975E-01   -1.705303E-13 -8.242296E-13
  2.80000000E+03  0.00000000E+00  3.00000000E+01   -1.136868E-13 -2.273737E-12    1.217354E+01 -7.002826E-01   -1.136868E-13 -3.979039E-13
  2.90000000E+03  0.00000000E+00  3.00000000E+01   -5.684342E-14  2.273737E-13    1.217356E+01 -7.002541E-01    2.842171E-14 -1.563194E-12
  3.00000000E+03  0.00000000E+00  3.00000000E+01    0.000000E+00 -2.728484E-12    1.217360E+01 -7.002114E-01   -2.842171E-14 -6.536993E-13
  3.10000000E+03  0.00000000E+00  3.00000000E+01   -4.263256E-14 -2.728484E-12    1.217366E+01 -7.001558E-01   -1.705303E-13 -1.904255E-12
  3.20000000E+03  0.00000000E+00  3.00000000E+01   -2.557954E-13 -9.094947E-13    1.217373E+01 -7.000865E-01   -2.842171E-14 -6.821210E-13
  3.30000000E+03  0.00000000E+00  3.00000000E+01   -1.421085E-13  9.094947E-13    1.217381E+01 -7.000049E-01    5.684342E-14 -7.958079E-13
  3.40000000E+03  0.00000000E+00  3.00000000E+01   -3.126388E-13 -2.728484E-12    1.217390E+01 -6.999102E-01   -9.947598E-14 -1.904255E-12
  3.50000000E+03  0.00000000E+00  3.00000000E+01   -4.263256E-13 -4.547474E-12    1.217401E+01 -6.998037E-01    0.000000E+00 -2.302158E-12
  3.60000000E+03  0.00000000E+00  3.00000000E+01   -5.968559E-13 -9.094947E-13    1.217413E+01 -6.996848E-01   -2.842171E-14  2.842171E-13
  3.70000000E+03  0.00000000E+00  3.00000000E+01   -1.136868E-13 -6.821210E-13    1.217427E+01 -6.995546E-01    5.684342E-14  2.501110E-12
  3.80000000E+03  0.00000000E+00  3.00000000E+01   -2.842171E-14 -1.818989E-12    1.217441E+01 -6.994123E-01   -1.847411E-13 -1.818989E-12
  3.90000000E+03  0.00000000E+00  3.00000000E+01   -3.979039E-13 -3.637979E-12    1.217457E+01 -6.992593E-01   -1.989520E-13  2.842171E-14
  4.00000000E+03  0.00000000E+00  3.00000000E+01   -3.410605E-13 -1.818989E-12    1.217474E+01 -6.990947E-01   -7.105427E-14 -1.989520E-13
  4.10000000E+03  0.00000000E+00  3.00000000E+01   -1.278977E-13  0.000000E+00    1.217493E+01 -6.989197E-01    5.684342E-14  5.684342E-14
  4.20000000E+03  0.00000000E+00  3.00000000E+01   -2.273737E-13 -1.364242E-12    1.217512E+01 -6.987335E-01   -2.842171E-14 -6.536993E-13
  4.30000000E+03  0.00000000E+00  3.00000000E+01   -8.526513E-14 -2.046363E-12    1.217532E+01 -6.985373E-01   -1.421085E-13 -2.160050E-12
  4.40000000E+03  0.00000000E+00  3.00000000E+01    1.136868E-13  9.094947E-13    1.217554E+01 -6.983303E-01   -7.105427E-14  1.989520E-12
  4.50000000E+03  0.00000000E+00  3.00000000E+01    8.526513E-14 -1.818989E-12    1.217577E+01 -6.981135E-01   -1.136868E-13 -1.023182E-12
  4.60000000E+03  0.00000000E+00  3.00000000E+01   -3.410605E-13 -4.547474E-12    1.217600E+01 -6.978862E-01    1.421085E-14  2.899014E-12
  4.70000000E+03  0.00000000E+00  3.00000000E+01   -8.526513E-14 -1.364242E-12    1.217625E+01 -6.976494E-01    1.989520E-13  1.932676E-12
  4.80000000E+03  0.00000000E+00  3.00000000E+01    0.000000E+00 -3.637979E-12    1.217651E+01 -6.974023E-01    1.563194E-13  7.958079E-13
  4.90000000E+03  0.00000000E+00  3.00000000E+01   -8.526513E-14 -5.002221E-12    1.217677E+01 -6.971459E-01    1.705303E-13  1.904255E-12
  5.00000000E+03  0.00000000E+00  3.00000000E+01   -1.136868E-13 -1.818989E-12    1.217705E+01 -6.968794E-01    1.989520E-13 -3.694822E-13
  5.10000000E+03  0.00000000E+00  3.00000000E+01    2.842171E-13  3.637979E-12    1.217734E+01 -6.966038E-01    8.526513E-14  3.694822E-13
  5.20000000E+03  0.00000000E+00  3.00000000E+01    3.410605E-13  7.275958E-12    1.217763E+01 -6.963182E-01    0.000000E+00 -1.676881E-12
  5.30000000E+03  0.00000000E+00  3.00000000E+01    2.842171E-13  3.183231E-12    1.217794E+01 -6.960235E-01    8.526513E-14  1.250555E-12
  5.40000000E+03  0.00000000E+00  3.00000000E+01    5.684342E-14  9.094947E-13    1.217826E+01 -6.957190E-01   -1.563194E-13 -2.472689E-12
  5.50000000E+03  0.00000000E+00  3.00000000E+01   -3.694822E-13 -4.547474E-13    1.217858E+01 -6.954054E-01   -1.136868E-13 -3.126388E-13
  5.60000000E+03  0.00000000E+00  3.00000000E+01   -5.684342E-13 -6.366463E-12    1.217892E+01 -6.950820E-01   -1.421085E-14  1.477929E-12
  5.70000000E+03  0.00000000E+00  3.00000000E+01   -3.979039E-13 -3.637979E-12    1.217926E+01 -6.947497E-01    2.842171E-14  1.733724E-12
  5.80000000E+03  0.00000000E+00  3.00000000E+01   -2.273737E-13 -1.818989E-12    1.217962E+01 -6.944075E-01    1.278977E-13 -1.108447E-12
  5.90000000E+03  0.00000000E+00  3.00000000E+01   -1.705303E-13 -2.273737E-12    1.217998E+01 -6.940563E-01    2.842171E-14 -1.875833E-12
  6.00000000E+03  0.00000000E+00  3.00000000E+01    5.684342E-14  1.818989E-12    1.218035E+01 -6.936953E-01   -5.684342E-14  1.307399E-12
  6.10000000E+03  0.00000000E+00  3.00000000E+01    5.968559E-13  5.002221E-12    1.218073E+01 -6.933252E-01   -3.410605E-13  3.694822E-13
  6.20000000E+03  0.00000000E+00  3.00000000E+01    9.094947E-13  4.547474E-12    1.218113E+01 -6.929452E-01   -4.263256E-14  5.684342E-13
  6.30000000E+03  0.00000000E+00  3.00000000E+01    4.547474E-13  8.185452E-12    1.218153E+01 -6.925560E-01   -3.410605E-13 -1.762146E-12
  6.40000000E+03  0.00000000E+00  3.00000000E+01    2.842171E-13 -2.728484E-12    1.218194E+01 -6.921567E-01   -1.421085E-14  2.728484E-12
  6.50000000E+03  0.00000000E+00  3.00000000E+01   -3.979039E-13 -8.185452E-12    1.218236E+01 -6.917482E-01   -8.526513E-14 -4.121148E-12
  6.60000000E+03  0.00000000E+00  3.00000000E+01   -3.410605E-13 -6.366463E-12    1.218279E+01 -6.913294E-01    2.415845E-13  5.115908E-13
  6.70000000E+03  0.00000000E+00  3.00000000E+01    2.842171E-13 -9.094947E-13    1.218323E+01 -6.909012E-01   -2.842171E-14 -5.400125E-12
  6.80000000E+03  0.00000000E+00  3.00000000E+01    2.273737E-13 -1.818989E-12    1.218368E+01 -6.904626E-01    0.000000E+00 -1.392664E-12
  6.90000000E+03  0.00000000E+00  3.00000000E+01    8.526513E-14 -5.456968E-12    1.218414E+01 -6.900143E-01   -3.126388E-13 -3.268497E-12
  7.00000000E+03  0.00000000E+00  3.00000000E+01    1.136868E-13  0.000000E+00    1.218461E+01 -6.895555E-01   -3.410605E-13 -4.263256E-13
  7.10000000E+03  0.00000000E+00  3.00000000E+01    3.694822E-13  7.730705E-12    1.218508E+01 -6.890867E-01   -3.979039E-13 -1.023182E-12
  7.20000000E+03  0.00000000E+00  3.00000000E+01    6.252776E-13  7.275958E-12    1.218557E+01 -6.886071E-01   -2.842171E-14  8.810730E-13
  7.30000000E+03  0.00000000E+00  3.00000000E+01    5.684342E-13  2.728484E-12    1.218607E+01 -6.881173E-01   -5.684342E-14 -7.389644E-13
  7.40000000E+03  0.00000000E+00  3.00000000E+01    3.410605E-13 -9.094947E-13    1.218658E+01 -6.876163E-01   -2.273737E-13 -5.400125E-13
  7.50000000E+03  0.00000000E+00  3.00000000E+01   -1.421085E-13 -3.183231E-12    1.218710E+01 -6.871049E-01   -5.684342E-13 -4.320100E-12
  7.60000000E+03  0.00000000E+00  3.00000000E+01   -3.410605E-13 -4.547474E-12    1.218763E+01 -6.865820E-01   -2.273737E-13  2.245315E-12
  7.70000000E+03  0.00000000E+00  3.00000000E+01    1.136868E-13  2.273737E-12    1.218817E+01 -6.860484E-01    8.526513E-14 -5.087486E-12
  7.80000000E+03  0.00000000E+00  3.00000000E+01    1.705303E-13  0.000000E+00    1.218873E+01 -6.855028E-01    1.136868E-13  2.557954E-13
  7.90000000E+03  0.00000000E+00  3.00000000E+01    8.526513E-14 -3.183231E-12    1.218929E+01 -6.849462E-01   -5.684342E-13 -1.477929E-12
  8.00000000E+03  0.00000000E+00  3.00000000E+01    0.000000E+00 -3.637979E-12    1.218986E+01 -6.843773E-01   -2.415845E-13 -2.330580E-12
  8.10000000E+03  0.00000000E+00  3.00000000E+01    5.400125E-13  8.640200E-12    1.219045E+01 -6.837968E-01   -8.526513E-14 -1.136868E-13
  8.20000000E+03  0.00000000E+00  3.00000000E+01    5.684342E-13  7.275958E-12    1.219105E+01 -6.832037E-01    1.278977E-13  2.017941E-12
  8.30000000E+03  0.00000000E+00  3.00000000E+01    1.023182E-12  2.728484E-12    1.219166E+01 -6.825986E-01    8.526513E-14  6.593837E-12
  8.40000000E+03  0.00000000E+00  3.00000000E+01    5.684342E-14 -3.637979E-12    1.219228E+01 -6.819803E-01   -2.131628E-13 -2.359002E-12
  8.50000000E+03  0.00000000E+00  3.00000000E+01    5.115908E-13  4.547474E-12    1.219291E+01 -6.813497E-01    2.842171E-14 -1.989520E-12
  8.60000000E+03  0.00000000E+00  3.00000000E+01    2.273737E-13  9.094947E-13    1.219356E+01 -6.807054E-01   -1.705303E-13  3.694822E-13
  8.70000000E+03  0.00000000E+00  3.00000000E+01    3.979039E-13  4.092726E-12    1.219422E+01 -6.800482E-01   -8.526513E-14 -1.136868E-13
  8.80000000E+03  0.00000000E+00  3.00000000E+01    6.821210E-13  3.637979E-12    1.219489E+01 -6.793769E-01   -2.557954E-13 -3.495870E-12
  8.90000000E+03  0.00000000E+00  3.00000000E+01    3.410605E-13  2.728484E-12    1.219558E+01 -6.786922E-01   -3.410605E-13 -4.263256E-13
  9.00000000E+03  0.00000000E+00  3.00000000E+01    1.136868E-12  1.637090E-11    1.219628E+01 -6.779929E-01   -1.421085E-14  1.165290E-12
  9.10000000E+03  0.00000000E+00  3.00000000E+01    1.307399E-12  2.182787E-11    1.219699E+01 -6.772798E-01   -1.136868E-13 -7.105427E-12
  9.20000000E+03  0.00000000E+00  3.00000000E+01    5.684342E-13  2.000888E-11    1.219772E+01 -6.765516E-01    4.263256E-14  4.206413E-12
  9.30000000E+03  0.00000000E+00  3.00000000E+01    6.252776E-13  4.547474E-12    1.219846E+01 -6.758094E-01   -5.684342E-14 -2.103206E-12
  9.40000000E+03  0.00000000E+00  3.00000000E+01    9.094947E-13  1.455192E-11    1.219921E+01 -6.750520E-01   -2.842171E-14 -1.193712E-12
  9.50000000E+03  0.00000000E+00  3.00000000E+01    1.136868E-13  5.456968E-12    1.219998E+01 -6.742805E-01    1.421085E-13  2.160050E-12
  9.60000000E+03  0.00000000E+00  3.00000000E+01    4.547474E-13  7.275958E-12    1.220076E+01 -6.734943E-01   -7.105427E-14 -3.808509E-12
  9.70000000E+03  0.00000000E+00  3.00000000E+01    5.115908E-13  1.818989E-12    1.220156E+01 -6.726949E-01    3.410605E-13 -1.421085E-13
  9.80000000E+03  0.00000000E+00  3.00000000E+01    1.136868E-13  5.456968E-12    1.220236E+01 -6.718823E-01   -5.115908E-13  1.250555E-12
  9.90000000E+03  0.00000000E+00  3.00000000E+01   -8.526513E-13 -6.366463E-12    1.220318E+01 -6.710586E-01   -3.410605E-13 -3.495870E-12
  1.00000000E+04  0.00000000E+00  3.00000000E+01    1.136868E-13 -5.456968E-12    1.220401E+01 -6.702208E-01    8.526513E-14 -1.534772E-12
  1.05000000E+04  0.00000000E+00  3.00000000E+01   -1.136868E-13 -4.547474E-12    1.220803E+01 -6.661360E-01    4.831691E-13 -4.263256E-13
