 -1.05000000E+04  0.00000000E+00  3.00000000E+01    6.090315E-05  5.280781E-05   -4.449335E-15 -6.742423E-15    1.829286E-06  9.422942E-07
 -1.00000000E+04  0.00000000E+00  3.00000000E+01    6.355185E-05  5.478286E-05   -4.813694E-15 -7.497087E-15    2.403778E-07  1.637239E-07
 -9.90000000E+03  0.00000000E+00  3.00000000E+01    6.381597E-05  5.481732E-05   -4.899534E-15 -7.680767E-15    1.965031E-07  8.418718E-08
 -9.80000000E+03  0.00000000E+00  3.00000000E+01    6.402527E-05  5.489472E-05   -4.989372E-15 -7.863106E-15    1.655643E-07  2.869560E-08
 -9.70000000E+03  0.00000000E+00  3.00000000E+01    6.419040E-05  5.496669E-05   -5.082472E-15 -8.050019E-15    1.364261E-07 -5.759443E-09
 -9.60000000E+03  0.00000000E+00  3.00000000E+01    6.432832E-05  5.502326E-05   -5.178951E-15 -8.243295E-15    1.099760E-07 -2.374928E-08
 -9.50000000E+03  0.00000000E+00  3.00000000E+01    6.444485E-05  5.506360E-05   -5.278582E-15 -8.442541E-15    8.755438E-08 -3.201622E-08
 -9.40000000E+03  0.00000000E+00  3.00000000E+01    6.454570E-05  5.509172E-05   -5.381252E-15 -8.648512E-15    6.991567E-08 -3.421435E-08
 -9.30000000E+03  0.00000000E+00  3.00000000E+01    6.463235E-05  5.510989E-05   -5.486690E-15 -8.860589E-15    5.622724E-08 -3.355248E-08
 -9.20000000E+03  0.00000000E+00  3.00000000E+01    6.470787E-05  5.512142E-05   -5.595525E-15 -9.079396E-15    4.594996E-08 -3.151502E-08
 -9.10000000E+03  0.00000000E+00  3.00000000E+01    6.477317E-05  5.512790E-05   -5.707553E-15 -9.304541E-15    3.803424E-08 -2.906511E-08
 -9.00000000E+03  0.00000000E+00  3.00000000E+01    6.483053E-05  5.513115E-05   -5.822547E-15 -9.536640E-15    3.198732E-08 -2.660206E-08
 -8.90000000E+03  0.00000000E+00  3.00000000E+01    6.488062E-05  5.513200E-05   -5.940874E-15 -9.775484E-15    2.719122E-08 -2.429623E-08
 -8.80000000E+03  0.00000000E+00  3.00000000E+01    6.492507E-05  5.513133E-05   -6.062878E-15 -1.002154E-14    2.339167E-08 -2.221644E-08
 -8.70000000E+03  0.00000000E+00  3.00000000E+01    6.496434E-05  5.512953E-05   -6.188125E-15 -1.027464E-14    2.028029E-08 -2.034861E-08
 -8.60000000E+03  0.00000000E+00  3.00000000E+01    6.499955E-05  5.512703E-05   -6.317059E-15 -1.053565E-14    1.774015E-08 -1.869341E-08
 -8.50000000E+03  0.00000000E+00  3.00000000E+01    6.503098E-05  5.512400E-05   -6.449401E-15 -1.080395E-14    1.561094E-08 -1.721390E-08
 -8.40000000E+03  0.00000000E+00  3.00000000E+01    6.505943E-05  5.512067E-05   -6.585340E-15 -1.108060E-14    1.383505E-08 -1.590249E-08
 -8.30000000E+03  0.00000000E+00  3.00000000E+01    6.508506E-05  5.511712E-05   -6.725117E-15 -1.136515E-14    1.232138E-08 -1.472753E-08
 -8.20000000E+03  0.00000000E+00  3.00000000E+01    6.510843E-05  5.511347E-05   -6.868990E-15 -1.165855E-14    1.103899E-08 -1.368246E-08
 -8.10000000E+03  0.00000000E+00  3.00000000E+01    6.512966E-05  5.510976E-05   -7.016887E-15 -1.196041E-14    9.931563E-09 -1.274262E-08
 -8.00000000E+03  0.00000000E+00  3.00000000E+01    6.514916E-05  5.510605E-05   -7.168763E-15 -1.227176E-14    8.981028E-09 -1.190300E-08
 -7.90000000E+03  0.00000000E+00  3.00000000E+01    6.516699E-05  5.510237E-05   -7.325058E-15 -1.259206E-14    8.151274E-09 -1.114479E-08
 -7.80000000E+03  0.00000000E+00  3.00000000E+01    6.518346E-05  5.509874E-05   -7.485761E-15 -1.292254E-14    7.431531E-09 -1.046441E-08
 -7.70000000E+03  0.00000000E+00  3.00000000E+01    6.519863E-05  5.509518E-05   -7.651224E-15 -1.326270E-14    6.797532E-09 -9.847488E-09
 -7.60000000E+03  0.00000000E+00  3.00000000E+01    6.521271E-05  5.509170E-05   -7.821407E-15 -1.361368E-14    6.242488E-09 -9.291462E-09
 -7.50000000E+03  0.00000000E+00  3.00000000E+01    6.522574E-05  5.508832E-05   -7.996296E-15 -1.397498E-14    5.749837E-09 -8.785398E-09
 -7.40000000E+03  0.00000000E+00  3.00000000E+01    6.523790E-05  5.508502E-05   -8.176407E-15 -1.434792E-14    5.315379E-09 -8.327594E-09
 -7.30000000E+03  0.00000000E+00  3.00000000E+01    6.524922E-05  5.508182E-05   -8.361733E-15 -1.473218E-14    4.927273E-09 -7.909578E-09
 -7.20000000E+03  0.00000000E+00  3.00000000E+01    6.525982E-05  5.507872E-05   -8.552350E-15 -1.512868E-14    4.582776E-09 -7.530209E-09
 -7.10000000E+03  0.00000000E+00  3.00000000E+01    6.526973E-05  5.507571E-05   -8.748791E-15 -1.553725E-14    4.273415E-09 -7.182932E-09
 -7.00000000E+03  0.00000000E+00  3.00000000E+01    6.527905E-05  5.507280E-05   -8.951107E-15 -1.595929E-14    3.997442E-09 -6.867044E-09
 -6.90000000E+03  0.00000000E+00  3.00000000E+01    6.528780E-05  5.506999E-05   -9.159429E-15 -1.639426E-14    3.748570E-09 -6.577379E-09
 -6.80000000E+03  0.00000000E+00  3.00000000E+01    6.529606E-05  5.506726E-05   -9.374359E-15 -1.684362E-14    3.525616E-09 -6.313511E-09
 -6.70000000E+03  0.00000000E+00  3.00000000E+01    6.530384E-05  5.506463E-05   -9.595280E-15 -1.730679E-14    3.323912E-09 -6.071360E-09
 -6.60000000E+03  0.00000000E+00  3.00000000E+01    6.531121E-05  5.506208E-05   -9.823280E-15 -1.778550E-14    3.142744E-09 -5.850749E-09
 -6.50000000E+03  0.00000000E+00  3.00000000E+01    6.531818E-05  5.505962E-05   -1.005803E-14 -1.827912E-14    2.978507E-09 -5.648383E-09
 -6.40000000E+03  0.00000000E+00  3.00000000E+01    6.532480E-05  5.505723E-05   -1.030052E-14 -1.878952E-14    2.830733E-09 -5.464236E-09
 -6.30000000E+03  0.00000000E+00  3.00000000E+01    6.533108E-05  5.505493E-05   -1.055001E-14 -1.931617E-14    2.696677E-09 -5.295659E-09
 -6.20000000E+03  0.00000000E+00  3.00000000E+01    6.533707E-05  5.505270E-05   -1.080761E-14 -1.986071E-14    2.576099E-09 -5.142770E-09
 -6.10000000E+03  0.00000000E+00  3.00000000E+01    6.534276E-05  5.505055E-05   -1.107299E-14 -2.042260E-14    2.466825E-09 -5.003390E-09
 -6.00000000E+03  0.00000000E+00  3.00000000E+01    6.534820E-05  5.504847E-05   -1.134734E-14 -2.100408E-14    2.368727E-09 -4.877727E-09
 -5.90000000E+03  0.00000000E+00  3.00000000E+01    6.535339E-05  5.504646E-05   -1.163001E-14 -2.160423E-14    2.280113E-09 -4.763998E-09
 -5.80000000E+03  0.00000000E+00  3.00000000E+01    6.535836E-05  5.504452E-05   -1.192207E-14 -2.222556E-14    2.200987E-09 -4.662513E-09
 -5.70000000E+03  0.00000000E+00  3.00000000E+01    6.536311E-05  5.504264E-05   -1.222316E-14 -2.286709E-14    2.129966E-09 -4.571774E-09
 -5.60000000E+03  0.00000000E+00  3.00000000E+01    6.536767E-05  5.504082E-05   -1.253442E-14 -2.353146E-14    2.067132E-09 -4.492168E-09
 -5.50000000E+03  0.00000000E+00  3.00000000E+01    6.537204E-05  5.503907E-05   -1.285573E-14 -2.421778E-14    2.011385E-09 -4.422448E-09
 -5.40000000E+03  0.00000000E+00  3.00000000E+01    6.537624E-05  5.503737E-05   -1.318795E-14 -2.492876E-14    1.962883E-09 -4.363083E-09
 -5.30000000E+03  0.00000000E+00  3.00000000E+01    6.538028E-05  5.503574E-05   -1.353069E-14 -2.566340E-14    1.920720E-09 -4.313010E-09
 -5.20000000E+03  0.00000000E+00  3.00000000E+01    6.538417E-05  5.503416E-05   -1.388563E-14 -2.642490E-14    1.885109E-09 -4.272780E-09
 -5.10000000E+03  0.00000000E+00  3.00000000E+01    6.538790E-05  5.503264E-05   -1.425203E-14 -2.721217E-14    1.855312E-09 -4.241486E-09
 -5.00000000E+03  0.00000000E+00  3.00000000E+01    6.539151E-05  5.503118E-05   -1.463163E-14 -2.802850E-14    1.831609E-09 -4.219770E-09
 -4.90000000E+03  0.00000000E+00  3.00000000E+01    6.539497E-05  5.502977E-05   -1.502364E-14 -2.887277E-14    1.813383E-09 -4.206847E-09
 -4.80000000E+03  0.00000000E+00  3.00000000E+01    6.539832E-05  5.502842E-05   -1.542974E-14 -2.974855E-14    1.800971E-09 -4.203456E-09
 -4.70000000E+03  0.00000000E+00  3.00000000E+01    6.540154E-05  5.502712E-05   -1.584950E-14 -3.065472E-14    1.793858E-09 -4.208915E-09
 -4.60000000E+03  0.00000000E+00  3.00000000E+01    6.540465E-05  5.502588E-05   -1.628461E-14 -3.159520E-14    1.792448E-09 -4.224068E-09
 -4.50000000E+03  0.00000000E+00  3.00000000E+01    6.540763E-05  5.502470E-05   -1.673451E-14 -3.256870E-14    1.796300E-09 -4.248318E-09
 -4.40000000E+03  0.00000000E+00  3.00000000E+01    6.541051E-05  5.502358E-05   -1.720127E-14 -3.357956E-14    1.805891E-09 -4.282636E-09
 -4.30000000E+03  0.00000000E+00  3.00000000E+01    6.541327E-05  5.502252E-05   -1.768405E-14 -3.462639E-14    1.820841E-09 -4.326488E-09
 -4.20000000E+03  0.00000000E+00  3.00000000E+01    6.541592E-05  5.502152E-05   -1.818522E-14 -3.571389E-14    1.841694E-09 -4.380981E-09
 -4.10000000E+03  0.00000000E+00  3.00000000E+01    6.541846E-05  5.502059E-05   -1.870394E-14 -3.684067E-14    1.868121E-09 -4.445639E-09
 -4.00000000E+03  0.00000000E+00  3.00000000E+01    6.542088E-05  5.501972E-05   -1.924269E-14 -3.801191E-14    1.900755E-09 -4.521737E-09
 -3.90000000E+03  0.00000000E+00  3.00000000E+01    6.542318E-05  5.501892E-05   -1.980067E-14 -3.922600E-14    1.939291E-09 -4.608832E-09
 -3.80000000E+03  0.00000000E+00  3.00000000E+01    6.542535E-05  5.501820E-05   -2.038036E-14 -4.048851E-14    1.984434E-09 -4.708368E-09
 -3.70000000E+03  0.00000000E+00  3.00000000E+01    6.542739E-05  5.501756E-05   -2.098117E-14 -4.179797E-14    2.035900E-09 -4.819935E-09
 -3.60000000E+03  0.00000000E+00  3.00000000E+01    6.542929E-05  5.501700E-05   -2.160618E-14 -4.316060E-14    2.094493E-09 -4.945192E-09
 -3.50000000E+03  0.00000000E+00  3.00000000E+01    6.543103E-05  5.501653E-05   -2.225427E-14 -4.457431E-14    2.159914E-09 -5.083726E-09
 -3.40000000E+03  0.00000000E+00  3.00000000E+01    6.543261E-05  5.501617E-05   -2.292859E-14 -4.604632E-14    2.233004E-09 -5.237385E-09
 -3.30000000E+03  0.00000000E+00  3.00000000E+01    6.543400E-05  5.501591E-05   -2.362803E-14 -4.757458E-14    2.313454E-09 -5.405757E-09
 -3.20000000E+03  0.00000000E+00  3.00000000E+01    6.543519E-05  5.501576E-05   -2.435683E-14 -4.916660E-14    2.402169E-09 -5.590926E-09
 -3.10000000E+03  0.00000000E+00  3.00000000E+01    6.543616E-05  5.501575E-05   -2.511353E-14 -5.082034E-14    2.498738E-09 -5.792400E-09
 -3.00000000E+03  0.00000000E+00  3.00000000E+01    6.543687E-05  5.501587E-05   -2.590203E-14 -5.254418E-14    2.604015E-09 -6.012424E-09
 -2.90000000E+03  0.00000000E+00  3.00000000E+01    6.543729E-05  5.501615E-05   -2.672131E-14 -5.433575E-14    2.717487E-09 -6.250409E-09
 -2.80000000E+03  0.00000000E+00  3.00000000E+01    6.543740E-05  5.501660E-05   -2.757588E-14 -5.620446E-14    2.839931E-09 -6.508738E-09
 -2.70000000E+03  0.00000000E+00  3.00000000E+01    6.543713E-05  5.501724E-05   -2.846459E-14 -5.814785E-14    2.970595E-09 -6.786556E-09
 -2.60000000E+03  0.00000000E+00  3.00000000E+01    6.543646E-05  5.501808E-05   -2.939207E-14 -6.017609E-14    3.109934E-09 -7.086102E-09
 -2.50000000E+03  0.00000000E+00  3.00000000E+01    6.543529E-05  5.501916E-05   -3.035714E-14 -6.228655E-14    3.256931E-09 -7.406098E-09
 -2.40000000E+03  0.00000000E+00  3.00000000E+01    6.543360E-05  5.502050E-05   -3.136609E-14 -6.449063E-14    3.411555E-09 -7.748271E-09
 -2.30000000E+03  0.00000000E+00  3.00000000E+01    6.543126E-05  5.502214E-05   -3.241609E-14 -6.678535E-14    3.572217E-09 -8.110386E-09
 -2.20000000E+03  0.00000000E+00  3.00000000E+01    6.542823E-05  5.502410E-05   -3.351490E-14 -6.918321E-14    3.737778E-09 -8.492666E-09
 -2.10000000E+03  0.00000000E+00  3.00000000E+01    6.542436E-05  5.502644E-05   -3.466013E-14 -7.168108E-14    3.905664E-09 -8.891241E-09
 -2.00000000E+03  0.00000000E+00  3.00000000E+01    6.541960E-05  5.502918E-05   -3.585804E-14 -7.429320E-14    4.072521E-09 -9.303432E-09
 -1.90000000E+03  0.00000000E+00  3.00000000E+01    6.541375E-05  5.503240E-05   -3.710795E-14 -7.701585E-14    4.233571E-09 -9.722765E-09
 -1.80000000E+03  0.00000000E+00  3.00000000E+01    6.540677E-05  5.503613E-05   -3.841771E-14 -7.986447E-14    4.380702E-09 -1.014188E-08
 -1.70000000E+03  0.00000000E+00  3.00000000E+01    6.539841E-05  5.504048E-05   -3.978517E-14 -8.283539E-14    4.505389E-09 -1.055173E-08
 -1.60000000E+03  0.00000000E+00  3.00000000E+01    6.538865E-05  5.504546E-05   -4.121890E-14 -8.594569E-14    4.591996E-09 -1.094010E-08
 -1.50000000E+03  0.00000000E+00  3.00000000E+01    6.537724E-05  5.505121E-05   -4.271703E-14 -8.919160E-14    4.628026E-09 -1.129717E-08
 -1.40000000E+03  0.00000000E+00  3.00000000E+01    6.536419E-05  5.505774E-05   -4.428876E-14 -9.259204E-14    4.590938E-09 -1.160758E-08
 -1.30000000E+03  0.00000000E+00  3.00000000E+01    6.534928E-05  5.506521E-05   -4.593231E-14 -9.614289E-14    4.470548E-09 -1.186284E-08
 -1.20000000E+03  0.00000000E+00  3.00000000E+01    6.533263E-05  5.507361E-05   -4.765740E-14 -9.986549E-14    4.247980E-09 -1.204333E-08
 -1.10000000E+03  0.00000000E+00  3.00000000E+01    6.531414E-05  5.508308E-05   -4.946111E-14 -1.037555E-13    3.928186E-09 -1.213592E-08
 -1.00000000E+03  0.00000000E+00  3.00000000E+01    6.529408E-05  5.509355E-05   -5.135376E-14 -1.078371E-13    3.511776E-09 -1.210216E-08
 -9.00000000E+02  0.00000000E+00  3.00000000E+01    6.527263E-05  5.510504E-05   -5.333063E-14 -1.121054E-13    3.024232E-09 -1.191000E-08
 -8.00000000E+02  0.00000000E+00  3.00000000E+01    6.525031E-05  5.511733E-05   -5.540089E-14 -1.165875E-13    2.486966E-09 -1.148722E-08
 -7.00000000E+02  0.00000000E+00  3.00000000E+01    6.522771E-05  5.513018E-05   -5.755831E-14 -1.212778E-13    1.931687E-09 -1.079383E-08
 -6.00000000E+02  0.00000000E+00  3.00000000E+01    6.520564E-05  5.514317E-05   -5.981059E-14 -1.262059E-13    1.387886E-09 -9.761646E-09
 -5.00000000E+02  0.00000000E+00  3.00000000E+01    6.518510E-05  5.515570E-05   -6.215113E-14 -1.313652E-13    8.862369E-10 -8.413988E-09
 -4.00000000E+02  0.00000000E+00  3.00000000E+01    6.516690E-05  5.516720E-05   -6.459015E-14 -1.367887E-13    4.711400E-10 -6.790673E-09
 -3.00000000E+02  0.00000000E+00  3.00000000E+01    6.515210E-05  5.517688E-05   -6.712286E-14 -1.424697E-13    1.733261E-10 -5.032749E-09
 -2.00000000E+02  0.00000000E+00  3.00000000E+01    6.514101E-05  5.518432E-05   -6.976314E-14 -1.484455E-13    2.003877E-11 -3.274871E-09
 -1.00000000E+02  0.00000000E+00  3.00000000E+01    6.513436E-05  5.518886E-05   -7.250966E-14 -1.547095E-13   -2.229755E-11 -1.598346E-09
  0.00000000E+00  0.00000000E+00  3.00000000E+01    6.513201E-05  5.519048E-05   -7.537959E-14 -1.613035E-13   -1.212120E-13 -6.391944E-14
  1.00000000E+02  0.00000000E+00  3.00000000E+01    6.513436E-05  5.518886E-05   -7.837154E-14 -1.682187E-13    2.205485E-11  1.598217E-09
  2.00000000E+02  0.00000000E+00  3.00000000E+01    6.514101E-05  5.518432E-05   -8.150503E-14 -1.755016E-13   -2.028246E-11  3.274741E-09
  3.00000000E+02  0.00000000E+00  3.00000000E+01    6.515209E-05  5.517688E-05   -8.477862E-14 -1.831428E-13   -1.735716E-10  5.032617E-09
  4.00000000E+02  0.00000000E+00  3.00000000E+01    6.516690E-05  5.516720E-05   -8.821621E-14 -1.911945E-13   -4.713882E-10  6.790541E-09
  5.00000000E+02  0.00000000E+00  3.00000000E+01    6.518510E-05  5.515570E-05   -9.181823E-14 -1.996483E-13   -8.864884E-10  8.413855E-09
  6.00000000E+02  0.00000000E+00  3.00000000E+01    6.520564E-05  5.514316E-05   -9.561448E-14 -2.085662E-13   -1.388141E-09  9.761511E-09
  7.00000000E+02  0.00000000E+00  3.00000000E+01    6.522771E-05  5.513018E-05   -9.960954E-14 -2.179432E-13   -1.931945E-09  1.079370E-08
  8.00000000E+02  0.00000000E+00  3.00000000E+01    6.525031E-05  5.511732E-05   -1.038415E-13 -2.278549E-13   -2.487229E-09  1.148709E-08
  9.00000000E+02  0.00000000E+00  3.00000000E+01    6.527262E-05  5.510503E-05   -1.083140E-13 -2.382971E-13   -3.024499E-09  1.190986E-08
  1.00000000E+03  0.00000000E+00  3.00000000E+01    6.529408E-05  5.509354E-05   -1.130702E-13 -2.493575E-13   -3.512048E-09  1.210202E-08
  1.10000000E+03  0.00000000E+00  3.00000000E+01    6.531413E-05  5.508307E-05   -1.181097E-13 -2.610307E-13   -3.928463E-09  1.213577E-08
  1.20000000E+03  0.00000000E+00  3.00000000E+01    6.533263E-05  5.507360E-05   -1.234793E-13 -2.734171E-13   -4.248264E-09  1.204318E-08
  1.30000000E+03  0.00000000E+00  3.00000000E+01    6.534928E-05  5.506520E-05   -1.291753E-13 -2.865097E-13   -4.470838E-09  1.186269E-08
  1.40000000E+03  0.00000000E+00  3.00000000E+01    6.536419E-05  5.505773E-05   -1.352490E-13 -3.004235E-13   -4.591236E-09  1.160742E-08
  1.50000000E+03  0.00000000E+00  3.00000000E+01    6.537724E-05  5.505120E-05   -1.416955E-13 -3.151512E-13   -4.628332E-09  1.129701E-08
  1.60000000E+03  0.00000000E+00  3.00000000E+01    6.538865E-05  5.504545E-05   -1.485740E-13 -3.308257E-13   -4.592311E-09  1.093994E-08
  1.70000000E+03  0.00000000E+00  3.00000000E+01    6.539841E-05  5.504047E-05   -1.558796E-13 -3.474393E-13   -4.505715E-09  1.055156E-08
  1.80000000E+03  0.00000000E+00  3.00000000E+01    6.540676E-05  5.503613E-05   -1.636807E-13 -3.651469E-13   -4.381038E-09  1.014170E-08
  1.90000000E+03  0.00000000E+00  3.00000000E+01    6.541375E-05  5.503239E-05   -1.719734E-13 -3.839409E-13   -4.233919E-09  9.722585E-09
  2.00000000E+03  0.00000000E+00  3.00000000E+01    6.541960E-05  5.502917E-05   -1.808382E-13 -4.040024E-13   -4.072881E-09  9.303245E-09
  2.10000000E+03  0.00000000E+00  3.00000000E+01    6.542435E-05  5.502643E-05   -1.902714E-13 -4.253245E-13   -3.906038E-09  8.891047E-09
  2.20000000E+03  0.00000000E+00  3.00000000E+01    6.542823E-05  5.502409E-05   -2.003688E-13 -4.481194E-13   -3.738167E-09  8.492465E-09
  2.30000000E+03  0.00000000E+00  3.00000000E+01    6.543125E-05  5.502213E-05   -2.111277E-13 -4.723821E-13   -3.572622E-09  8.110176E-09
  2.40000000E+03  0.00000000E+00  3.00000000E+01    6.543359E-05  5.502049E-05   -2.226613E-13 -4.983632E-13   -3.411976E-09  7.748052E-09
  2.50000000E+03  0.00000000E+00  3.00000000E+01    6.543528E-05  5.501915E-05   -2.349686E-13 -5.260596E-13   -3.257372E-09  7.405869E-09
  2.60000000E+03  0.00000000E+00  3.00000000E+01    6.543645E-05  5.501807E-05   -2.481839E-13 -5.557679E-13   -3.110394E-09  7.085863E-09
  2.70000000E+03  0.00000000E+00  3.00000000E+01    6.543713E-05  5.501722E-05   -2.623086E-13 -5.874888E-13   -2.971077E-09  6.786305E-09
  2.80000000E+03  0.00000000E+00  3.00000000E+01    6.543740E-05  5.501658E-05   -2.775033E-13 -6.215760E-13   -2.840436E-09  6.508476E-09
  2.90000000E+03  0.00000000E+00  3.00000000E+01    6.543729E-05  5.501614E-05   -2.937725E-13 -6.580351E-13   -2.718017E-09  6.250134E-09
  3.00000000E+03  0.00000000E+00  3.00000000E+01    6.543687E-05  5.501585E-05   -3.113085E-13 -6.972884E-13   -2.604572E-09  6.012134E-09
  3.10000000E+03  0.00000000E+00  3.00000000E+01    6.543615E-05  5.501573E-05   -3.301197E-13 -7.393499E-13   -2.499323E-09  5.792095E-09
  3.20000000E+03  0.00000000E+00  3.00000000E+01    6.543519E-05  5.501574E-05   -3.504390E-13 -7.847282E-13   -2.402786E-09  5.590604E-09
  3.30000000E+03  0.00000000E+00  3.00000000E+01    6.543399E-05  5.501589E-05   -3.722800E-13 -8.334471E-13   -2.314104E-09  5.405418E-09
  3.40000000E+03  0.00000000E+00  3.00000000E+01    6.543260E-05  5.501615E-05   -3.959255E-13 -8.861211E-13   -2.233691E-09  5.237027E-09
  3.50000000E+03  0.00000000E+00  3.00000000E+01    6.543102E-05  5.501651E-05   -4.213960E-13 -9.427895E-13   -2.160640E-09  5.083347E-09
  3.60000000E+03  0.00000000E+00  3.00000000E+01    6.542928E-05  5.501698E-05   -4.490381E-13 -1.004201E-12   -2.095262E-09  4.944790E-09
  3.70000000E+03  0.00000000E+00  3.00000000E+01    6.542738E-05  5.501753E-05   -4.788823E-13 -1.070414E-12   -2.036715E-09  4.819508E-09
  3.80000000E+03  0.00000000E+00  3.00000000E+01    6.542534E-05  5.501817E-05   -5.113526E-13 -1.142344E-12   -1.985299E-09  4.707915E-09
  3.90000000E+03  0.00000000E+00  3.00000000E+01    6.542316E-05  5.501890E-05   -5.464963E-13 -1.220079E-12   -1.940211E-09  4.608350E-09
  4.00000000E+03  0.00000000E+00  3.00000000E+01    6.542087E-05  5.501969E-05   -5.848373E-13 -1.304749E-12   -1.901734E-09  4.521224E-09
  4.10000000E+03  0.00000000E+00  3.00000000E+01    6.541844E-05  5.502056E-05   -6.264424E-13 -1.396480E-12   -1.869164E-09  4.445092E-09
  4.20000000E+03  0.00000000E+00  3.00000000E+01    6.541591E-05  5.502149E-05   -6.719649E-13 -1.496671E-12   -1.842807E-09  4.380396E-09
  4.30000000E+03  0.00000000E+00  3.00000000E+01    6.541326E-05  5.502249E-05   -7.214991E-13 -1.605507E-12   -1.822031E-09  4.325863E-09
  4.40000000E+03  0.00000000E+00  3.00000000E+01    6.541049E-05  5.502355E-05   -7.758669E-13 -1.724737E-12   -1.807165E-09  4.281966E-09
  4.50000000E+03  0.00000000E+00  3.00000000E+01    6.540762E-05  5.502467E-05   -8.352013E-13 -1.854624E-12   -1.797665E-09  4.247600E-09
  4.60000000E+03  0.00000000E+00  3.00000000E+01    6.540463E-05  5.502585E-05   -9.005406E-13 -1.997368E-12   -1.793913E-09  4.223297E-09
  4.70000000E+03  0.00000000E+00  3.00000000E+01    6.540152E-05  5.502708E-05   -9.720758E-13 -2.153348E-12   -1.795432E-09  4.208085E-09
  4.80000000E+03  0.00000000E+00  3.00000000E+01    6.539830E-05  5.502838E-05   -1.051132E-12 -2.325361E-12   -1.802665E-09  4.202562E-09
  4.90000000E+03  0.00000000E+00  3.00000000E+01    6.539495E-05  5.502973E-05   -1.137980E-12 -2.513945E-12   -1.815209E-09  4.205882E-09
  5.00000000E+03  0.00000000E+00  3.00000000E+01    6.539148E-05  5.503113E-05   -1.234326E-12 -2.722685E-12   -1.833582E-09  4.218726E-09
  5.10000000E+03  0.00000000E+00  3.00000000E+01    6.538788E-05  5.503259E-05   -1.340557E-12 -2.952353E-12   -1.857445E-09  4.240356E-09
  5.20000000E+03  0.00000000E+00  3.00000000E+01    6.538414E-05  5.503411E-05   -1.458895E-12 -3.207600E-12   -1.887420E-09  4.271554E-09
  5.30000000E+03  0.00000000E+00  3.00000000E+01    6.538025E-05  5.503568E-05   -1.589893E-12 -3.489532E-12   -1.923229E-09  4.311679E-09
  5.40000000E+03  0.00000000E+00  3.00000000E+01    6.537622E-05  5.503731E-05   -1.736473E-12 -3.804240E-12   -1.965611E-09  4.361633E-09
  5.50000000E+03  0.00000000E+00  3.00000000E+01    6.537201E-05  5.503900E-05   -1.899434E-12 -4.153330E-12   -2.014357E-09  4.420866E-09
  5.60000000E+03  0.00000000E+00  3.00000000E+01    6.536764E-05  5.504075E-05   -2.082670E-12 -4.544889E-12   -2.070376E-09  4.490439E-09
  5.70000000E+03  0.00000000E+00  3.00000000E+01    6.536307E-05  5.504256E-05   -2.287338E-12 -4.981253E-12   -2.133514E-09  4.569879E-09
  5.80000000E+03  0.00000000E+00  3.00000000E+01    6.535832E-05  5.504443E-05   -2.518690E-12 -5.473298E-12   -2.204876E-09  4.660433E-09
  5.90000000E+03  0.00000000E+00  3.00000000E+01    6.535335E-05  5.504637E-05   -2.778422E-12 -6.024465E-12   -2.284385E-09  4.761710E-09
  6.00000000E+03  0.00000000E+00  3.00000000E+01    6.534816E-05  5.504838E-05   -3.073723E-12 -6.649611E-12   -2.373431E-09  4.875202E-09
  6.10000000E+03  0.00000000E+00  3.00000000E+01    6.534271E-05  5.505045E-05   -3.407104E-12 -7.353852E-12   -2.472016E-09  5.000598E-09
  6.20000000E+03  0.00000000E+00  3.00000000E+01    6.533702E-05  5.505259E-05   -3.788535E-12 -8.157781E-12   -2.581843E-09  5.139673E-09
  6.30000000E+03  0.00000000E+00  3.00000000E+01    6.533103E-05  5.505481E-05   -4.221789E-12 -9.069126E-12   -2.703047E-09  5.292217E-09
  6.40000000E+03  0.00000000E+00  3.00000000E+01    6.532474E-05  5.505710E-05   -4.720939E-12 -1.011697E-11   -2.837820E-09  5.460397E-09
  6.50000000E+03  0.00000000E+00  3.00000000E+01    6.531812E-05  5.505947E-05   -5.291711E-12 -1.131312E-11   -2.986411E-09  5.644090E-09
  6.60000000E+03  0.00000000E+00  3.00000000E+01    6.531114E-05  5.506192E-05   -5.954302E-12 -1.269940E-11   -3.151590E-09  5.845930E-09
  6.70000000E+03  0.00000000E+00  3.00000000E+01    6.530376E-05  5.506446E-05   -6.717554E-12 -1.429421E-11   -3.333838E-09  6.065937E-09
  6.80000000E+03  0.00000000E+00  3.00000000E+01    6.529598E-05  5.506707E-05   -7.611037E-12 -1.615901E-11   -3.536799E-09  6.307381E-09
  6.90000000E+03  0.00000000E+00  3.00000000E+01    6.528771E-05  5.506978E-05   -8.648625E-12 -1.832297E-11   -3.761204E-09  6.570429E-09
  7.00000000E+03  0.00000000E+00  3.00000000E+01    6.527895E-05  5.507258E-05   -9.874486E-12 -2.087850E-11   -4.011782E-09  6.859127E-09
  7.10000000E+03  0.00000000E+00  3.00000000E+01    6.526962E-05  5.507547E-05   -1.131086E-11 -2.387294E-11   -4.289742E-09  7.173881E-09
  7.20000000E+03  0.00000000E+00  3.00000000E+01    6.525970E-05  5.507844E-05   -1.302535E-11 -2.744904E-11   -4.601461E-09  7.519805E-09
  7.30000000E+03  0.00000000E+00  3.00000000E+01    6.524909E-05  5.508152E-05   -1.505437E-11 -3.168557E-11   -4.948735E-09  7.897572E-09
  7.40000000E+03  0.00000000E+00  3.00000000E+01    6.523776E-05  5.508468E-05   -1.750405E-11 -3.680966E-11   -5.340174E-09  8.313651E-09
  7.50000000E+03  0.00000000E+00  3.00000000E+01    6.522558E-05  5.508794E-05   -2.043572E-11 -4.295659E-11   -5.778602E-09  8.769134E-09
  7.60000000E+03  0.00000000E+00  3.00000000E+01    6.521253E-05  5.509128E-05   -2.402111E-11 -5.050066E-11   -6.276085E-09  9.272351E-09
  7.70000000E+03  0.00000000E+00  3.00000000E+01    6.519843E-05  5.509470E-05   -2.836654E-11 -5.968265E-11   -6.836961E-09  9.824913E-09
  7.80000000E+03  0.00000000E+00  3.00000000E+01    6.518324E-05  5.509820E-05   -3.375919E-11 -7.114436E-11   -7.478169E-09  1.043752E-08
  7.90000000E+03  0.00000000E+00  3.00000000E+01    6.516674E-05  5.510175E-05   -4.038989E-11 -8.533303E-11   -8.206749E-09  1.111255E-08
  8.00000000E+03  0.00000000E+00  3.00000000E+01    6.514887E-05  5.510534E-05   -4.875749E-11 -1.034019E-10   -9.047626E-09  1.186394E-08
  8.10000000E+03  0.00000000E+00  3.00000000E+01    6.512934E-05  5.510894E-05   -5.921771E-11 -1.262221E-10   -1.001204E-08  1.269497E-08
  8.20000000E+03  0.00000000E+00  3.00000000E+01    6.510806E-05  5.511251E-05   -7.267510E-11 -1.559791E-10   -1.113728E-08  1.362359E-08
  8.30000000E+03  0.00000000E+00  3.00000000E+01    6.508463E-05  5.511600E-05   -8.982430E-11 -1.944674E-10   -1.244236E-08  1.465419E-08
  8.40000000E+03  0.00000000E+00  3.00000000E+01    6.505892E-05  5.511934E-05   -1.123920E-10 -2.461002E-10   -1.398587E-08  1.580980E-08
  8.50000000E+03  0.00000000E+00  3.00000000E+01    6.503040E-05  5.512242E-05   -1.418070E-10 -3.148371E-10   -1.580077E-08  1.709568E-08
  8.60000000E+03  0.00000000E+00  3.00000000E+01    6.499886E-05  5.512511E-05   -1.815402E-10 -4.103211E-10   -1.798326E-08  1.854019E-08
  8.70000000E+03  0.00000000E+00  3.00000000E+01    6.496352E-05  5.512720E-05   -2.346224E-10 -5.421022E-10   -2.059625E-08  2.014766E-08
  8.80000000E+03  0.00000000E+00  3.00000000E+01    6.492409E-05  5.512845E-05   -3.081385E-10 -7.334350E-10   -2.381339E-08  2.194622E-08
  8.90000000E+03  0.00000000E+00  3.00000000E+01    6.487944E-05  5.512838E-05   -4.080872E-10 -1.009805E-09   -2.776671E-08  2.392319E-08
  9.00000000E+03  0.00000000E+00  3.00000000E+01    6.482911E-05  5.512654E-05   -5.473434E-10 -1.433434E-09   -3.279939E-08  2.605886E-08
  9.10000000E+03  0.00000000E+00  3.00000000E+01    6.477149E-05  5.512188E-05   -7.339031E-10 -2.078447E-09   -3.920018E-08  2.823170E-08
  9.20000000E+03  0.00000000E+00  3.00000000E+01    6.470595E-05  5.511348E-05   -9.807394E-10 -3.125628E-09   -4.765065E-08  3.013414E-08
  9.30000000E+03  0.00000000E+00  3.00000000E+01    6.463032E-05  5.509924E-05   -1.280554E-09 -4.802283E-09   -5.866710E-08  3.116980E-08
  9.40000000E+03  0.00000000E+00  3.00000000E+01    6.454384E-05  5.507743E-05   -1.606324E-09 -7.663580E-09   -7.327937E-08  2.992393E-08
  9.50000000E+03  0.00000000E+00  3.00000000E+01    6.444362E-05  5.504454E-05   -1.891985E-09 -1.243853E-08   -9.180277E-08  2.438810E-08
  9.60000000E+03  0.00000000E+00  3.00000000E+01    6.432819E-05  5.499865E-05   -2.076914E-09 -2.092992E-08   -1.144678E-07  1.034216E-08
  9.70000000E+03  0.00000000E+00  3.00000000E+01    6.419126E-05  5.493706E-05   -2.384181E-09 -3.554586E-08   -1.396395E-07 -1.661098E-08
  9.80000000E+03  0.00000000E+00  3.00000000E+01    6.402559E-05  5.486496E-05   -4.267988E-09 -6.141443E-08   -1.651269E-07 -6.428228E-08
  9.90000000E+03  0.00000000E+00  3.00000000E+01    6.381418E-05  5.480958E-05   -1.074163E-08 -9.957361E-08   -1.923526E-07 -1.367911E-07
  1.00000000E+04  0.00000000E+00  3.00000000E+01    6.355938E-05  5.485950E-05   -1.837976E-08 -1.164604E-07   -2.404620E-07 -2.271730E-07
  1.05000000E+04  0.00000000E+00  3.00000000E+01    6.090564E-05  5.278121E-05    3.784372E-09  4.194903E-08   -1.823378E-06 -9.161088E-07
