 -1.05000000E+04  0.00000000E+00  3.00000000E+01    1.090947E-14  1.687093E-14   -6.063022E-05 -5.209620E-05    5.065731E-16  3.957812E-16
 -1.00000000E+04  0.00000000E+00  3.00000000E+01    1.235011E-14  1.932319E-14   -5.982825E-05 -5.150477E-05    2.307453E-16  1.308215E-16
 -9.90000000E+03  0.00000000E+00  3.00000000E+01    1.261888E-14  1.974330E-14   -5.976066E-05 -5.155017E-05    2.347704E-16  1.111799E-16
 -9.80000000E+03  0.00000000E+00  3.00000000E+01    1.287638E-14  2.017981E-14   -5.969838E-05 -5.153890E-05    2.383551E-16  9.674789E-17
 -9.70000000E+03  0.00000000E+00  3.00000000E+01    1.312909E-14  2.062207E-14   -5.964415E-05 -5.151914E-05    2.399746E-16  8.737484E-17
 -9.60000000E+03  0.00000000E+00  3.00000000E+01    1.338168E-14  2.106821E-14   -5.959810E-05 -5.150161E-05    2.404557E-16  8.233033E-17
 -9.50000000E+03  0.00000000E+00  3.00000000E+01    1.363630E-14  2.151934E-14   -5.955849E-05 -5.148814E-05    2.410249E-16  8.009798E-17
 -9.40000000E+03  0.00000000E+00  3.00000000E+01    1.389356E-14  2.197649E-14   -5.952470E-05 -5.147870E-05    2.425225E-16  8.001687E-17
 -9.30000000E+03  0.00000000E+00  3.00000000E+01    1.415428E-14  2.244165E-14   -5.949535E-05 -5.147217E-05    2.447180E-16  8.097720E-17
 -9.20000000E+03  0.00000000E+00  3.00000000E+01    1.441847E-14  2.291491E-14   -5.947001E-05 -5.146800E-05    2.477402E-16  8.261726E-17
 -9.10000000E+03  0.00000000E+00  3.00000000E+01    1.468680E-14  2.339825E-14   -5.944774E-05 -5.146541E-05    2.513926E-16  8.470838E-17
 -9.00000000E+03  0.00000000E+00  3.00000000E+01    1.495950E-14  2.389168E-14   -5.942825E-05 -5.146406E-05    2.556684E-16  8.701294E-17
 -8.90000000E+03  0.00000000E+00  3.00000000E+01    1.523694E-14  2.439666E-14   -5.941091E-05 -5.146353E-05    2.604457E-16  8.948564E-17
 -8.80000000E+03  0.00000000E+00  3.00000000E+01    1.551954E-14  2.491300E-14   -5.939556E-05 -5.146365E-05    2.655821E-16  9.200726E-17
 -8.70000000E+03  0.00000000E+00  3.00000000E+01    1.580794E-14  2.544233E-14   -5.938176E-05 -5.146420E-05    2.711928E-16  9.470591E-17
 -8.60000000E+03  0.00000000E+00  3.00000000E+01    1.610172E-14  2.598417E-14   -5.936940E-05 -5.146510E-05    2.770475E-16  9.747952E-17
 -8.50000000E+03  0.00000000E+00  3.00000000E+01    1.640242E-14  2.654018E-14   -5.935819E-05 -5.146621E-05    2.831529E-16  1.003217E-16
 -8.40000000E+03  0.00000000E+00  3.00000000E+01    1.670915E-14  2.710957E-14   -5.934806E-05 -5.146750E-05    2.896853E-16  1.031826E-16
 -8.30000000E+03  0.00000000E+00  3.00000000E+01    1.702300E-14  2.769404E-14   -5.933881E-05 -5.146890E-05    2.964344E-16  1.062459E-16
 -8.20000000E+03  0.00000000E+00  3.00000000E+01    1.734368E-14  2.829317E-14   -5.933038E-05 -5.147037E-05    3.034953E-16  1.093342E-16
 -8.10000000E+03  0.00000000E+00  3.00000000E+01    1.767191E-14  2.890864E-14   -5.932262E-05 -5.147190E-05    3.107933E-16  1.124885E-16
 -8.00000000E+03  0.00000000E+00  3.00000000E+01    1.800743E-14  2.953955E-14   -5.931552E-05 -5.147345E-05    3.184437E-16  1.157769E-16
 -7.90000000E+03  0.00000000E+00  3.00000000E+01    1.835161E-14  3.018804E-14   -5.930894E-05 -5.147500E-05    3.263584E-16  1.191902E-16
 -7.80000000E+03  0.00000000E+00  3.00000000E+01    1.870369E-14  3.085322E-14   -5.930288E-05 -5.147656E-05    3.345645E-16  1.226832E-16
 -7.70000000E+03  0.00000000E+00  3.00000000E+01    1.906462E-14  3.153711E-14   -5.929725E-05 -5.147810E-05    3.430280E-16  1.263290E-16
 -7.60000000E+03  0.00000000E+00  3.00000000E+01    1.943388E-14  3.223870E-14   -5.929204E-05 -5.147962E-05    3.518236E-16  1.300371E-16
 -7.50000000E+03  0.00000000E+00  3.00000000E+01    1.981315E-14  3.296047E-14   -5.928717E-05 -5.148112E-05    3.609987E-16  1.339057E-16
 -7.40000000E+03  0.00000000E+00  3.00000000E+01    2.020138E-14  3.370115E-14   -5.928265E-05 -5.148258E-05    3.704177E-16  1.378817E-16
 -7.30000000E+03  0.00000000E+00  3.00000000E+01    2.059993E-14  3.446333E-14   -5.927842E-05 -5.148400E-05    3.801145E-16  1.419161E-16
 -7.20000000E+03  0.00000000E+00  3.00000000E+01    2.100823E-14  3.524591E-14   -5.927447E-05 -5.148539E-05    3.903263E-16  1.461975E-16
 -7.10000000E+03  0.00000000E+00  3.00000000E+01    2.142765E-14  3.605125E-14   -5.927076E-05 -5.148674E-05    4.007957E-16  1.505660E-16
 -7.00000000E+03  0.00000000E+00  3.00000000E+01    2.185759E-14  3.687862E-14   -5.926730E-05 -5.148804E-05    4.116174E-16  1.551390E-16
 -6.90000000E+03  0.00000000E+00  3.00000000E+01    2.229947E-14  3.773059E-14   -5.926404E-05 -5.148931E-05    4.227237E-16  1.598004E-16
 -6.80000000E+03  0.00000000E+00  3.00000000E+01    2.275259E-14  3.860600E-14   -5.926099E-05 -5.149053E-05    4.343178E-16  1.646962E-16
 -6.70000000E+03  0.00000000E+00  3.00000000E+01    2.321824E-14  3.950764E-14   -5.925812E-05 -5.149170E-05    4.463254E-16  1.697073E-16
 -6.60000000E+03  0.00000000E+00  3.00000000E+01    2.369602E-14  4.043442E-14   -5.925542E-05 -5.149282E-05    4.587869E-16  1.748666E-16
 -6.50000000E+03  0.00000000E+00  3.00000000E+01    2.418725E-14  4.138923E-14   -5.925289E-05 -5.149390E-05    4.716551E-16  1.803121E-16
 -6.40000000E+03  0.00000000E+00  3.00000000E+01    2.469159E-14  4.237107E-14   -5.925051E-05 -5.149493E-05    4.850382E-16  1.858702E-16
 -6.30000000E+03  0.00000000E+00  3.00000000E+01    2.521032E-14  4.338318E-14   -5.924827E-05 -5.149591E-05    4.988414E-16  1.916759E-16
 -6.20000000E+03  0.00000000E+00  3.00000000E+01    2.574299E-14  4.442425E-14   -5.924617E-05 -5.149684E-05    5.131055E-16  1.976655E-16
 -6.10000000E+03  0.00000000E+00  3.00000000E+01    2.629124E-14  4.549784E-14   -5.924420E-05 -5.149773E-05    5.276676E-16  2.039054E-16
 -6.00000000E+03  0.00000000E+00  3.00000000E+01    2.685422E-14  4.660252E-14   -5.924236E-05 -5.149855E-05    5.431514E-16  2.103615E-16
 -5.90000000E+03  0.00000000E+00  3.00000000E+01    2.743417E-14  4.774219E-14   -5.924064E-05 -5.149933E-05    5.590553E-16  2.170979E-16
 -5.80000000E+03  0.00000000E+00  3.00000000E+01    2.803008E-14  4.891531E-14   -5.923904E-05 -5.150005E-05    5.755487E-16  2.240330E-16
 -5.70000000E+03  0.00000000E+00  3.00000000E+01    2.864378E-14  5.012602E-14   -5.923755E-05 -5.150072E-05    5.926588E-16  2.311621E-16
 -5.60000000E+03  0.00000000E+00  3.00000000E+01    2.927481E-14  5.137279E-14   -5.923617E-05 -5.150133E-05    6.102703E-16  2.387112E-16
 -5.50000000E+03  0.00000000E+00  3.00000000E+01    2.992516E-14  5.266006E-14   -5.923490E-05 -5.150188E-05    6.286272E-16  2.464324E-16
 -5.40000000E+03  0.00000000E+00  3.00000000E+01    3.059384E-14  5.398612E-14   -5.923374E-05 -5.150237E-05    6.478176E-16  2.545027E-16
 -5.30000000E+03  0.00000000E+00  3.00000000E+01    3.128343E-14  5.535591E-14   -5.923269E-05 -5.150279E-05    6.674823E-16  2.628750E-16
 -5.20000000E+03  0.00000000E+00  3.00000000E+01    3.199287E-14  5.676758E-14   -5.923174E-05 -5.150315E-05    6.881770E-16  2.715878E-16
 -5.10000000E+03  0.00000000E+00  3.00000000E+01    3.272465E-14  5.822636E-14   -5.923091E-05 -5.150344E-05    7.093732E-16  2.806881E-16
 -5.00000000E+03  0.00000000E+00  3.00000000E+01    3.347795E-14  5.973033E-14   -5.923019E-05 -5.150366E-05    7.315519E-16  2.900794E-16
 -4.90000000E+03  0.00000000E+00  3.00000000E+01    3.425509E-14  6.128527E-14   -5.922959E-05 -5.150380E-05    7.545708E-16  2.998505E-16
 -4.80000000E+03  0.00000000E+00  3.00000000E+01    3.505551E-14  6.288919E-14   -5.922910E-05 -5.150386E-05    7.784572E-16  3.101123E-16
 -4.70000000E+03  0.00000000E+00  3.00000000E+01    3.588190E-14  6.454811E-14   -5.922874E-05 -5.150383E-05    8.033735E-16  3.207011E-16
 -4.60000000E+03  0.00000000E+00  3.00000000E+01    3.673318E-14  6.625996E-14   -5.922851E-05 -5.150371E-05    8.291910E-16  3.317513E-16
 -4.50000000E+03  0.00000000E+00  3.00000000E+01    3.761255E-14  6.803147E-14   -5.922841E-05 -5.150350E-05    8.559099E-16  3.432660E-16
 -4.40000000E+03  0.00000000E+00  3.00000000E+01    3.851891E-14  6.986025E-14   -5.922845E-05 -5.150319E-05    8.839636E-16  3.552484E-16
 -4.30000000E+03  0.00000000E+00  3.00000000E+01    3.945534E-14  7.175355E-14   -5.922865E-05 -5.150276E-05    9.129660E-16  3.677080E-16
 -4.20000000E+03  0.00000000E+00  3.00000000E+01    4.042099E-14  7.370908E-14   -5.922902E-05 -5.150222E-05    9.432898E-16  3.807434E-16
 -4.10000000E+03  0.00000000E+00  3.00000000E+01    4.141951E-14  7.573474E-14   -5.922955E-05 -5.150155E-05    9.746774E-16  3.943116E-16
 -4.00000000E+03  0.00000000E+00  3.00000000E+01    4.244943E-14  7.782787E-14   -5.923029E-05 -5.150073E-05    1.007556E-15  4.084810E-16
 -3.90000000E+03  0.00000000E+00  3.00000000E+01    4.351483E-14  7.999707E-14   -5.923122E-05 -5.149977E-05    1.041586E-15  4.232497E-16
 -3.80000000E+03  0.00000000E+00  3.00000000E+01    4.461441E-14  8.223961E-14   -5.923239E-05 -5.149865E-05    1.077358E-15  4.386265E-16
 -3.70000000E+03  0.00000000E+00  3.00000000E+01    4.575250E-14  8.456495E-14   -5.923380E-05 -5.149735E-05    1.114296E-15  4.546509E-16
 -3.60000000E+03  0.00000000E+00  3.00000000E+01    4.692756E-14  8.697008E-14   -5.923548E-05 -5.149585E-05    1.153056E-15  4.714668E-16
 -3.50000000E+03  0.00000000E+00  3.00000000E+01    4.814434E-14  8.946537E-14   -5.923746E-05 -5.149416E-05    1.193347E-15  4.889735E-16
 -3.40000000E+03  0.00000000E+00  3.00000000E+01    4.940131E-14  9.204752E-14   -5.923978E-05 -5.149222E-05    1.235455E-15  5.073662E-16
 -3.30000000E+03  0.00000000E+00  3.00000000E+01    5.070354E-14  9.472796E-14   -5.924245E-05 -5.149003E-05    1.279325E-15  5.264886E-16
 -3.20000000E+03  0.00000000E+00  3.00000000E+01    5.204954E-14  9.750301E-14   -5.924554E-05 -5.148756E-05    1.325200E-15  5.465749E-16
 -3.10000000E+03  0.00000000E+00  3.00000000E+01    5.344462E-14  1.003855E-13   -5.924907E-05 -5.148480E-05    1.372959E-15  5.675519E-16
 -3.00000000E+03  0.00000000E+00  3.00000000E+01    5.488710E-14  1.033712E-13   -5.925312E-05 -5.148168E-05    1.422927E-15  5.895239E-16
 -2.90000000E+03  0.00000000E+00  3.00000000E+01    5.638316E-14  1.064742E-13   -5.925771E-05 -5.147820E-05    1.475010E-15  6.125183E-16
 -2.80000000E+03  0.00000000E+00  3.00000000E+01    5.793091E-14  1.096901E-13   -5.926297E-05 -5.147430E-05    1.529579E-15  6.366501E-16
 -2.70000000E+03  0.00000000E+00  3.00000000E+01    5.953710E-14  1.130341E-13   -5.926891E-05 -5.146995E-05    1.586581E-15  6.618351E-16
 -2.60000000E+03  0.00000000E+00  3.00000000E+01    6.119922E-14  1.165019E-13   -5.927569E-05 -5.146508E-05    1.646219E-15  6.883337E-16
 -2.50000000E+03  0.00000000E+00  3.00000000E+01    6.292504E-14  1.201099E-13   -5.928334E-05 -5.145966E-05    1.708513E-15  7.160859E-16
 -2.40000000E+03  0.00000000E+00  3.00000000E+01    6.471220E-14  1.238537E-13   -5.929205E-05 -5.145358E-05    1.773904E-15  7.452410E-16
 -2.30000000E+03  0.00000000E+00  3.00000000E+01    6.656865E-14  1.277513E-13   -5.930187E-05 -5.144683E-05    1.841999E-15  7.758940E-16
 -2.20000000E+03  0.00000000E+00  3.00000000E+01    6.849213E-14  1.317979E-13   -5.931306E-05 -5.143926E-05    1.913732E-15  8.081779E-16
 -2.10000000E+03  0.00000000E+00  3.00000000E+01    7.049138E-14  1.360136E-13   -5.932568E-05 -5.143085E-05    1.988630E-15  8.420592E-16
 -2.00000000E+03  0.00000000E+00  3.00000000E+01    7.256394E-14  1.403932E-13   -5.934005E-05 -5.142141E-05    2.067147E-15  8.778774E-16
 -1.90000000E+03  0.00000000E+00  3.00000000E+01    7.471949E-14  1.449590E-13   -5.935626E-05 -5.141090E-05    2.149349E-15  9.155859E-16
 -1.80000000E+03  0.00000000E+00  3.00000000E+01    7.695533E-14  1.497053E-13   -5.937470E-05 -5.139910E-05    2.235699E-15  9.554275E-16
 -1.70000000E+03  0.00000000E+00  3.00000000E+01    7.928224E-14  1.546569E-13   -5.939547E-05 -5.138594E-05    2.326034E-15  9.974880E-16
 -1.60000000E+03  0.00000000E+00  3.00000000E+01    8.169734E-14  1.598076E-13   -5.941907E-05 -5.137115E-05    2.421030E-15  1.042053E-15
 -1.50000000E+03  0.00000000E+00  3.00000000E+01    8.421309E-14  1.651851E-13   -5.944556E-05 -5.135467E-05    2.520350E-15  1.089170E-15
 -1.40000000E+03  0.00000000E+00  3.00000000E+01    8.682628E-14  1.707825E-13   -5.947550E-05 -5.133616E-05    2.624989E-15  1.139293E-15
 -1.30000000E+03  0.00000000E+00  3.00000000E+01    8.955114E-14  1.766304E-13   -5.950886E-05 -5.131562E-05    2.734568E-15  1.192394E-15
 -1.20000000E+03  0.00000000E+00  3.00000000E+01    9.238482E-14  1.827213E-13   -5.954610E-05 -5.129279E-05    2.849798E-15  1.249012E-15
 -1.10000000E+03  0.00000000E+00  3.00000000E+01    9.534341E-14  1.890891E-13   -5.958693E-05 -5.126784E-05    2.970592E-15  1.309122E-15
 -1.00000000E+03  0.00000000E+00  3.00000000E+01    9.842475E-14  1.957254E-13   -5.963136E-05 -5.124078E-05    3.097755E-15  1.373322E-15
 -9.00000000E+02  0.00000000E+00  3.00000000E+01    1.016481E-13  2.026681E-13   -5.967844E-05 -5.121217E-05    3.231160E-15  1.441546E-15
 -8.00000000E+02  0.00000000E+00  3.00000000E+01    1.050119E-13  2.099084E-13   -5.972711E-05 -5.118253E-05    3.371828E-15  1.514356E-15
 -7.00000000E+02  0.00000000E+00  3.00000000E+01    1.085390E-13  2.174891E-13   -5.977553E-05 -5.115277E-05    3.519876E-15  1.591611E-15
 -6.00000000E+02  0.00000000E+00  3.00000000E+01    1.122279E-13  2.254018E-13   -5.982138E-05 -5.112393E-05    3.676563E-15  1.673779E-15
 -5.00000000E+02  0.00000000E+00  3.00000000E+01    1.161056E-13  2.336954E-13   -5.986271E-05 -5.109695E-05    3.842053E-15  1.760488E-15
 -4.00000000E+02  0.00000000E+00  3.00000000E+01    1.201695E-13  2.423617E-13   -5.989724E-05 -5.107310E-05    4.018053E-15  1.852015E-15
 -3.00000000E+02  0.00000000E+00  3.00000000E+01    1.244485E-13  2.514562E-13   -5.992447E-05 -5.105316E-05    4.204272E-15  1.947692E-15
 -2.00000000E+02  0.00000000E+00  3.00000000E+01    1.289385E-13  2.609704E-13   -5.994347E-05 -5.103839E-05    4.402640E-15  2.047563E-15
 -1.00000000E+02  0.00000000E+00  3.00000000E+01    1.336703E-13  2.709674E-13   -5.995497E-05 -5.102909E-05    4.612481E-15  2.151216E-15
  0.00000000E+00  0.00000000E+00  3.00000000E+01    1.386373E-13  2.814381E-13   -5.995858E-05 -5.102611E-05    4.835325E-15  2.259259E-15
  1.00000000E+02  0.00000000E+00  3.00000000E+01    1.438733E-13  2.924548E-13   -5.995497E-05 -5.102909E-05    5.070617E-15  2.371823E-15
  2.00000000E+02  0.00000000E+00  3.00000000E+01    1.493698E-13  3.040078E-13   -5.994347E-05 -5.103839E-05    5.320417E-15  2.489896E-15
  3.00000000E+02  0.00000000E+00  3.00000000E+01    1.551621E-13  3.161793E-13   -5.992447E-05 -5.105316E-05    5.584468E-15  2.613360E-15
  4.00000000E+02  0.00000000E+00  3.00000000E+01    1.612396E-13  3.289587E-13   -5.989724E-05 -5.107310E-05    5.865784E-15  2.743092E-15
  5.00000000E+02  0.00000000E+00  3.00000000E+01    1.676388E-13  3.424391E-13   -5.986271E-05 -5.109695E-05    6.164835E-15  2.878873E-15
  6.00000000E+02  0.00000000E+00  3.00000000E+01    1.743470E-13  3.566075E-13   -5.982138E-05 -5.112393E-05    6.484932E-15  3.021746E-15
  7.00000000E+02  0.00000000E+00  3.00000000E+01    1.814038E-13  3.715677E-13   -5.977553E-05 -5.115277E-05    6.825995E-15  3.172076E-15
  8.00000000E+02  0.00000000E+00  3.00000000E+01    1.887978E-13  3.873039E-13   -5.972711E-05 -5.118253E-05    7.191262E-15  3.331748E-15
  9.00000000E+02  0.00000000E+00  3.00000000E+01    1.965769E-13  4.039327E-13   -5.967844E-05 -5.121217E-05    7.580166E-15  3.501409E-15
  1.00000000E+03  0.00000000E+00  3.00000000E+01    2.047328E-13  4.214365E-13   -5.963136E-05 -5.124079E-05    7.996330E-15  3.683444E-15
  1.10000000E+03  0.00000000E+00  3.00000000E+01    2.133233E-13  4.399478E-13   -5.958693E-05 -5.126784E-05    8.439457E-15  3.878300E-15
  1.20000000E+03  0.00000000E+00  3.00000000E+01    2.223419E-13  4.594485E-13   -5.954610E-05 -5.129279E-05    8.914046E-15  4.088520E-15
  1.30000000E+03  0.00000000E+00  3.00000000E+01    2.318566E-13  4.800911E-13   -5.950886E-05 -5.131563E-05    9.419996E-15  4.314105E-15
  1.40000000E+03  0.00000000E+00  3.00000000E+01    2.418615E-13  5.018581E-13   -5.947550E-05 -5.133616E-05    9.962327E-15  4.557551E-15
  1.50000000E+03  0.00000000E+00  3.00000000E+01    2.524353E-13  5.249261E-13   -5.944556E-05 -5.135467E-05    1.054103E-14  4.818761E-15
  1.60000000E+03  0.00000000E+00  3.00000000E+01    2.635719E-13  5.492784E-13   -5.941907E-05 -5.137115E-05    1.116218E-14  5.100712E-15
  1.70000000E+03  0.00000000E+00  3.00000000E+01    2.753624E-13  5.751206E-13   -5.939548E-05 -5.138595E-05    1.182562E-14  5.403293E-15
  1.80000000E+03  0.00000000E+00  3.00000000E+01    2.878005E-13  6.024367E-13   -5.937470E-05 -5.139910E-05    1.253855E-14  5.730014E-15
  1.90000000E+03  0.00000000E+00  3.00000000E+01    3.009918E-13  6.314660E-13   -5.935626E-05 -5.141091E-05    1.330107E-14  6.080898E-15
  2.00000000E+03  0.00000000E+00  3.00000000E+01    3.149297E-13  6.621938E-13   -5.934005E-05 -5.142141E-05    1.412202E-14  6.460363E-15
  2.10000000E+03  0.00000000E+00  3.00000000E+01    3.297373E-13  6.948999E-13   -5.932568E-05 -5.143085E-05    1.500139E-14  6.868344E-15
  2.20000000E+03  0.00000000E+00  3.00000000E+01    3.454078E-13  7.295707E-13   -5.931306E-05 -5.143927E-05    1.594960E-14  7.310088E-15
  2.30000000E+03  0.00000000E+00  3.00000000E+01    3.620846E-13  7.665339E-13   -5.930187E-05 -5.144684E-05    1.696715E-14  7.785749E-15
  2.40000000E+03  0.00000000E+00  3.00000000E+01    3.797617E-13  8.057784E-13   -5.929205E-05 -5.145359E-05    1.806667E-14  8.301679E-15
  2.50000000E+03  0.00000000E+00  3.00000000E+01    3.986071E-13  8.476900E-13   -5.928334E-05 -5.145966E-05    1.924895E-14  8.858258E-15
  2.60000000E+03  0.00000000E+00  3.00000000E+01    4.186155E-13  8.922605E-13   -5.927569E-05 -5.146508E-05    2.052901E-14  9.462856E-15
  2.70000000E+03  0.00000000E+00  3.00000000E+01    4.399844E-13  9.399460E-13   -5.926891E-05 -5.146996E-05    2.190805E-14  1.011624E-14
  2.80000000E+03  0.00000000E+00  3.00000000E+01    4.627104E-13  9.907433E-13   -5.926297E-05 -5.147430E-05    2.340473E-14  1.082775E-14
  2.90000000E+03  0.00000000E+00  3.00000000E+01    4.870269E-13  1.045194E-12   -5.925772E-05 -5.147821E-05    2.502059E-14  1.159815E-14
  3.00000000E+03  0.00000000E+00  3.00000000E+01    5.129331E-13  1.103302E-12   -5.925312E-05 -5.148169E-05    2.677803E-14  1.243873E-14
  3.10000000E+03  0.00000000E+00  3.00000000E+01    5.407062E-13  1.165713E-12   -5.924907E-05 -5.148480E-05    2.867952E-14  1.335089E-14
  3.20000000E+03  0.00000000E+00  3.00000000E+01    5.703491E-13  1.232442E-12   -5.924554E-05 -5.148757E-05    3.075317E-14  1.434895E-14
  3.30000000E+03  0.00000000E+00  3.00000000E+01    6.021933E-13  1.304264E-12   -5.924245E-05 -5.149004E-05    3.300209E-14  1.543457E-14
  3.40000000E+03  0.00000000E+00  3.00000000E+01    6.362469E-13  1.381209E-12   -5.923978E-05 -5.149222E-05    3.546055E-14  1.662512E-14
  3.50000000E+03  0.00000000E+00  3.00000000E+01    6.729076E-13  1.464210E-12   -5.923746E-05 -5.149416E-05    3.813318E-14  1.792340E-14
  3.60000000E+03  0.00000000E+00  3.00000000E+01    7.121920E-13  1.553320E-12   -5.923549E-05 -5.149586E-05    4.106326E-14  1.935171E-14
  3.70000000E+03  0.00000000E+00  3.00000000E+01    7.545803E-13  1.649672E-12   -5.923380E-05 -5.149736E-05    4.425721E-14  2.091350E-14
  3.80000000E+03  0.00000000E+00  3.00000000E+01    8.001003E-13  1.753347E-12   -5.923239E-05 -5.149866E-05    4.776838E-14  2.263647E-14
  3.90000000E+03  0.00000000E+00  3.00000000E+01    8.493351E-13  1.865730E-12   -5.923123E-05 -5.149978E-05    5.160623E-14  2.452602E-14
  4.00000000E+03  0.00000000E+00  3.00000000E+01    9.023288E-13  1.986946E-12   -5.923029E-05 -5.150074E-05    5.583891E-14  2.661799E-14
  4.10000000E+03  0.00000000E+00  3.00000000E+01    9.597946E-13  2.118695E-12   -5.922956E-05 -5.150156E-05    6.047880E-14  2.891931E-14
  4.20000000E+03  0.00000000E+00  3.00000000E+01    1.021799E-12  2.261162E-12   -5.922902E-05 -5.150223E-05    6.561255E-14  3.147563E-14
  4.30000000E+03  0.00000000E+00  3.00000000E+01    1.089219E-12  2.416452E-12   -5.922866E-05 -5.150278E-05    7.125757E-14  3.429716E-14
  4.40000000E+03  0.00000000E+00  3.00000000E+01    1.162153E-12  2.584835E-12   -5.922846E-05 -5.150320E-05    7.752601E-14  3.744394E-14
  4.50000000E+03  0.00000000E+00  3.00000000E+01    1.241691E-12  2.768939E-12   -5.922841E-05 -5.150352E-05    8.444208E-14  4.093005E-14
  4.60000000E+03  0.00000000E+00  3.00000000E+01    1.327974E-12  2.969151E-12   -5.922851E-05 -5.150373E-05    9.214954E-14  4.483240E-14
  4.70000000E+03  0.00000000E+00  3.00000000E+01    1.422361E-12  3.188773E-12   -5.922874E-05 -5.150385E-05    1.006833E-13  4.917221E-14
  4.80000000E+03  0.00000000E+00  3.00000000E+01    1.525059E-12  3.428361E-12   -5.922911E-05 -5.150387E-05    1.102326E-13  5.405271E-14
  4.90000000E+03  0.00000000E+00  3.00000000E+01    1.637780E-12  3.692110E-12   -5.922959E-05 -5.150382E-05    1.208460E-13  5.950268E-14
  5.00000000E+03  0.00000000E+00  3.00000000E+01    1.760819E-12  3.980809E-12   -5.923020E-05 -5.150367E-05    1.327720E-13  6.565848E-14
  5.10000000E+03  0.00000000E+00  3.00000000E+01    1.896351E-12  4.299824E-12   -5.923092E-05 -5.150346E-05    1.460808E-13  7.256289E-14
  5.20000000E+03  0.00000000E+00  3.00000000E+01    2.044798E-12  4.650289E-12   -5.923175E-05 -5.150317E-05    1.611053E-13  8.040233E-14
  5.30000000E+03  0.00000000E+00  3.00000000E+01    2.208953E-12  5.039145E-12   -5.923269E-05 -5.150281E-05    1.779450E-13  8.923672E-14
  5.40000000E+03  0.00000000E+00  3.00000000E+01    2.389417E-12  5.468008E-12   -5.923375E-05 -5.150239E-05    1.970467E-13  9.931799E-14
  5.50000000E+03  0.00000000E+00  3.00000000E+01    2.589806E-12  5.945946E-12   -5.923491E-05 -5.150190E-05    2.185572E-13  1.107367E-13
  5.60000000E+03  0.00000000E+00  3.00000000E+01    2.810986E-12  6.475285E-12   -5.923618E-05 -5.150136E-05    2.430885E-13  1.238445E-13
  5.70000000E+03  0.00000000E+00  3.00000000E+01    3.057699E-12  7.068016E-12   -5.923756E-05 -5.150075E-05    2.708533E-13  1.387722E-13
  5.80000000E+03  0.00000000E+00  3.00000000E+01    3.331189E-12  7.727503E-12   -5.923905E-05 -5.150008E-05    3.026957E-13  1.560097E-13
  5.90000000E+03  0.00000000E+00  3.00000000E+01    3.637743E-12  8.469776E-12   -5.924065E-05 -5.149937E-05    3.389333E-13  1.757551E-13
  6.00000000E+03  0.00000000E+00  3.00000000E+01    3.979171E-12  9.299754E-12   -5.924238E-05 -5.149859E-05    3.807558E-13  1.987130E-13
  6.10000000E+03  0.00000000E+00  3.00000000E+01    4.363928E-12  1.023919E-11   -5.924422E-05 -5.149777E-05    4.286377E-13  2.251811E-13
  6.20000000E+03  0.00000000E+00  3.00000000E+01    4.794669E-12  1.129533E-11   -5.924619E-05 -5.149689E-05    4.842700E-13  2.561693E-13
  6.30000000E+03  0.00000000E+00  3.00000000E+01    5.282911E-12  1.249810E-11   -5.924829E-05 -5.149596E-05    5.483828E-13  2.921449E-13
  6.40000000E+03  0.00000000E+00  3.00000000E+01    5.832610E-12  1.385835E-11   -5.925053E-05 -5.149498E-05    6.234405E-13  3.346117E-13
  6.50000000E+03  0.00000000E+00  3.00000000E+01    6.459741E-12  1.541799E-11   -5.925291E-05 -5.149396E-05    7.105709E-13  3.842926E-13
  6.60000000E+03  0.00000000E+00  3.00000000E+01    7.170259E-12  1.719346E-11   -5.925545E-05 -5.149288E-05    8.134178E-13  4.434402E-13
  6.70000000E+03  0.00000000E+00  3.00000000E+01    7.986689E-12  1.924451E-11   -5.925814E-05 -5.149176E-05    9.337761E-13  5.132282E-13
  6.80000000E+03  0.00000000E+00  3.00000000E+01    8.918186E-12  2.159656E-11   -5.926102E-05 -5.149060E-05    1.077182E-12  5.971528E-13
  6.90000000E+03  0.00000000E+00  3.00000000E+01    9.997209E-12  2.433667E-11   -5.926407E-05 -5.148939E-05    1.246534E-12  6.971295E-13
  7.00000000E+03  0.00000000E+00  3.00000000E+01    1.123805E-11  2.750490E-11   -5.926733E-05 -5.148813E-05    1.450408E-12  8.186556E-13
  7.10000000E+03  0.00000000E+00  3.00000000E+01    1.268852E-11  3.123105E-11   -5.927080E-05 -5.148684E-05    1.693637E-12  9.649962E-13
  7.20000000E+03  0.00000000E+00  3.00000000E+01    1.437147E-11  3.557980E-11   -5.927451E-05 -5.148550E-05    1.989934E-12  1.145145E-12
  7.30000000E+03  0.00000000E+00  3.00000000E+01    1.635918E-11  4.075011E-11   -5.927846E-05 -5.148412E-05    2.347524E-12  1.364735E-12
  7.40000000E+03  0.00000000E+00  3.00000000E+01    1.868908E-11  4.684915E-11   -5.928270E-05 -5.148271E-05    2.788944E-12  1.638825E-12
  7.50000000E+03  0.00000000E+00  3.00000000E+01    2.147345E-11  5.419087E-11   -5.928723E-05 -5.148126E-05    3.328712E-12  1.977544E-12
  7.60000000E+03  0.00000000E+00  3.00000000E+01    2.477533E-11  6.295851E-11   -5.929210E-05 -5.147979E-05    4.005319E-12  2.407224E-12
  7.70000000E+03  0.00000000E+00  3.00000000E+01    2.877499E-11  7.366522E-11   -5.929732E-05 -5.147829E-05    4.845299E-12  2.946686E-12
  7.80000000E+03  0.00000000E+00  3.00000000E+01    3.358159E-11  8.663491E-11   -5.930297E-05 -5.147677E-05    5.916934E-12  3.643615E-12
  7.90000000E+03  0.00000000E+00  3.00000000E+01    3.949447E-11  1.027390E-10   -5.930904E-05 -5.147524E-05    7.270894E-12  4.535040E-12
  8.00000000E+03  0.00000000E+00  3.00000000E+01    4.670935E-11  1.225737E-10   -5.931562E-05 -5.147372E-05    9.034046E-12  5.712818E-12
  8.10000000E+03  0.00000000E+00  3.00000000E+01    5.574388E-11  1.476878E-10   -5.932275E-05 -5.147221E-05    1.130678E-11  7.253480E-12
  8.20000000E+03  0.00000000E+00  3.00000000E+01    6.696439E-11  1.792298E-10   -5.933052E-05 -5.147074E-05    1.433507E-11  9.342945E-12
  8.30000000E+03  0.00000000E+00  3.00000000E+01    8.131231E-11  2.201015E-10   -5.933897E-05 -5.146932E-05    1.832784E-11  1.214673E-11
  8.40000000E+03  0.00000000E+00  3.00000000E+01    9.951852E-11  2.726541E-10   -5.934826E-05 -5.146800E-05    2.379463E-11  1.605856E-11
  8.50000000E+03  0.00000000E+00  3.00000000E+01    1.234163E-10  3.427205E-10   -5.935842E-05 -5.146681E-05    3.121739E-11  2.144643E-11
  8.60000000E+03  0.00000000E+00  3.00000000E+01    1.545640E-10  4.355370E-10   -5.936967E-05 -5.146582E-05    4.179908E-11  2.919204E-11
  8.70000000E+03  0.00000000E+00  3.00000000E+01    1.967375E-10  5.639951E-10   -5.938209E-05 -5.146508E-05    5.688310E-11  4.023241E-11
  8.80000000E+03  0.00000000E+00  3.00000000E+01    2.532589E-10  7.410950E-10   -5.939596E-05 -5.146472E-05    7.988677E-11  5.700716E-11
  8.90000000E+03  0.00000000E+00  3.00000000E+01    3.316352E-10  9.987322E-10   -5.941140E-05 -5.146485E-05    1.151156E-10  8.287493E-11
  9.00000000E+03  0.00000000E+00  3.00000000E+01    4.375954E-10  1.372495E-09   -5.942884E-05 -5.146572E-05    1.730975E-10  1.273725E-10
  9.10000000E+03  0.00000000E+00  3.00000000E+01    5.821233E-10  1.948788E-09   -5.944847E-05 -5.146753E-05    2.667065E-10  2.062992E-10
  9.20000000E+03  0.00000000E+00  3.00000000E+01    7.676269E-10  2.829776E-09   -5.947092E-05 -5.147074E-05    4.238416E-10  3.640391E-10
  9.30000000E+03  0.00000000E+00  3.00000000E+01    9.918913E-10  4.259352E-09   -5.949648E-05 -5.147573E-05    6.701762E-10  6.746919E-10
  9.40000000E+03  0.00000000E+00  3.00000000E+01    1.223992E-09  6.531759E-09   -5.952608E-05 -5.148335E-05    1.043162E-09  1.334455E-09
  9.50000000E+03  0.00000000E+00  3.00000000E+01    1.392943E-09  1.034697E-08   -5.956014E-05 -5.149413E-05    1.522489E-09  2.649940E-09
  9.60000000E+03  0.00000000E+00  3.00000000E+01    1.415409E-09  1.658393E-08   -5.959998E-05 -5.150894E-05    1.953236E-09  5.394980E-09
  9.70000000E+03  0.00000000E+00  3.00000000E+01    1.349543E-09  2.744745E-08   -5.964608E-05 -5.152690E-05    1.854345E-09  1.073118E-08
  9.80000000E+03  0.00000000E+00  3.00000000E+01    2.120356E-09  4.606699E-08   -5.969960E-05 -5.154237E-05   -2.481994E-11  2.179961E-08
  9.90000000E+03  0.00000000E+00  3.00000000E+01    8.144247E-09  7.959476E-08   -5.975800E-05 -5.153387E-05   -4.647852E-09  4.483897E-08
  1.00000000E+04  0.00000000E+00  3.00000000E+01    2.628399E-08  1.240305E-07   -5.980660E-05 -5.141806E-05   -4.190914E-09  1.056241E-07
  1.05000000E+04  0.00000000E+00  3.00000000E+01   -2.405780E-09 -3.508773E-08   -6.063144E-05 -5.210424E-05    1.514021E-09  1.538282E-08
