 -1.05000000E+04  0.00000000E+00  3.00000000E+01    7.105427E-14  4.973799E-14    7.491677E+00 -7.176073E+00    1.234013E-13  6.039613E-14
 -1.00000000E+04  0.00000000E+00  3.00000000E+01   -1.989520E-13 -6.394885E-14    7.479029E+00 -7.167232E+00    5.950795E-14  3.907985E-14
 -9.90000000E+03  0.00000000E+00  3.00000000E+01   -2.415845E-13 -4.618528E-14    7.476290E+00 -7.165537E+00    6.894485E-14  5.684342E-14
 -9.80000000E+03  0.00000000E+00  3.00000000E+01   -5.684342E-14 -7.105427E-14    7.473624E+00 -7.163877E+00    4.085621E-14  1.421085E-14
 -9.70000000E+03  0.00000000E+00  3.00000000E+01   -5.684342E-14 -6.039613E-14    7.471027E+00 -7.162240E+00    5.395684E-14  1.776357E-14
 -9.60000000E+03  0.00000000E+00  3.00000000E+01    0.000000E+00  0.000000E+00    7.468519E+00 -7.160625E+00   -1.576517E-14 -3.197442E-14
 -9.50000000E+03  0.00000000E+00  3.00000000E+01   -8.526513E-14 -3.552714E-15    7.466099E+00 -7.159032E+00   -3.685940E-14 -2.131628E-14
 -9.40000000E+03  0.00000000E+00  3.00000000E+01   -5.684342E-14  7.105427E-15    7.463778E+00 -7.157462E+00   -9.692247E-14  3.552714E-15
 -9.30000000E+03  0.00000000E+00  3.00000000E+01    1.421085E-14  1.065814E-14    7.461549E+00 -7.155914E+00   -6.916689E-14 -3.907985E-14
 -9.20000000E+03  0.00000000E+00  3.00000000E+01    2.842171E-14 -4.263256E-14    7.459418E+00 -7.154391E+00   -2.353673E-14 -1.776357E-14
 -9.10000000E+03  0.00000000E+00  3.00000000E+01   -1.421085E-14 -1.065814E-14    7.457377E+00 -7.152892E+00    4.918288E-14  1.776357E-14
 -9.00000000E+03  0.00000000E+00  3.00000000E+01    2.842171E-14 -1.421085E-14    7.455431E+00 -7.151419E+00   -1.353362E-13  0.000000E+00
 -8.90000000E+03  0.00000000E+00  3.00000000E+01   -7.105427E-14 -3.552714E-15    7.453568E+00 -7.149971E+00   -7.782663E-14 -1.421085E-14
 -8.80000000E+03  0.00000000E+00  3.00000000E+01   -8.526513E-14 -4.263256E-14    7.451793E+00 -7.148551E+00    3.042011E-14 -2.131628E-14
 -8.70000000E+03  0.00000000E+00  3.00000000E+01    7.105427E-14 -5.684342E-14    7.450096E+00 -7.147157E+00    1.731948E-14 -3.907985E-14
 -8.60000000E+03  0.00000000E+00  3.00000000E+01    2.842171E-14 -1.421085E-14    7.448479E+00 -7.145792E+00    3.863576E-14 -4.973799E-14
 -8.50000000E+03  0.00000000E+00  3.00000000E+01   -4.263256E-14 -2.842171E-14    7.446934E+00 -7.144453E+00    7.005507E-14 -1.065814E-14
 -8.40000000E+03  0.00000000E+00  3.00000000E+01    1.989520E-13  7.105427E-14    7.445462E+00 -7.143145E+00   -1.021405E-13  3.552714E-15
 -8.30000000E+03  0.00000000E+00  3.00000000E+01    2.842171E-14 -2.131628E-14    7.444055E+00 -7.141863E+00    6.905587E-14  7.105427E-15
 -8.20000000E+03  0.00000000E+00  3.00000000E+01   -1.421085E-13 -7.105427E-14    7.442716E+00 -7.140611E+00    7.349676E-14  1.065814E-14
 -8.10000000E+03  0.00000000E+00  3.00000000E+01   -7.105427E-14 -1.776357E-14    7.441437E+00 -7.139387E+00   -1.987299E-14 -3.552714E-14
 -8.00000000E+03  0.00000000E+00  3.00000000E+01    8.526513E-14  2.842171E-14    7.440219E+00 -7.138193E+00   -1.425526E-13 -2.131628E-14
 -7.90000000E+03  0.00000000E+00  3.00000000E+01    1.421085E-13  3.907985E-14    7.439055E+00 -7.137027E+00   -1.909584E-14 -2.131628E-14
 -7.80000000E+03  0.00000000E+00  3.00000000E+01   -1.421085E-13 -4.973799E-14    7.437948E+00 -7.135890E+00   -2.786660E-14 -3.907985E-14
 -7.70000000E+03  0.00000000E+00  3.00000000E+01   -5.684342E-14 -2.486900E-14    7.436890E+00 -7.134781E+00    1.659783E-13  1.776357E-14
 -7.60000000E+03  0.00000000E+00  3.00000000E+01   -8.526513E-14  2.842171E-14    7.435885E+00 -7.133701E+00    2.731149E-14  2.486900E-14
 -7.50000000E+03  0.00000000E+00  3.00000000E+01    4.263256E-14 -7.105427E-15    7.434925E+00 -7.132649E+00   -4.107825E-14 -4.618528E-14
 -7.40000000E+03  0.00000000E+00  3.00000000E+01    8.526513E-14 -2.131628E-14    7.434013E+00 -7.131626E+00   -5.473400E-14 -7.105427E-15
 -7.30000000E+03  0.00000000E+00  3.00000000E+01   -9.947598E-14 -3.197442E-14    7.433144E+00 -7.130629E+00    6.994405E-15  3.552714E-15
 -7.20000000E+03  0.00000000E+00  3.00000000E+01   -2.842171E-14 -4.973799E-14    7.432318E+00 -7.129662E+00   -5.240253E-14 -3.197442E-14
 -7.10000000E+03  0.00000000E+00  3.00000000E+01   -7.105427E-14 -4.618528E-14    7.431533E+00 -7.128720E+00    3.386180E-14  5.329071E-14
 -7.00000000E+03  0.00000000E+00  3.00000000E+01   -1.421085E-13 -7.105427E-14    7.430789E+00 -7.127807E+00   -1.665335E-15 -1.776357E-14
 -6.90000000E+03  0.00000000E+00  3.00000000E+01   -3.126388E-13 -1.172396E-13    7.430082E+00 -7.126920E+00    2.442491E-15  3.197442E-14
 -6.80000000E+03  0.00000000E+00  3.00000000E+01   -1.136868E-13 -3.552714E-14    7.429414E+00 -7.126060E+00   -2.797762E-14  1.065814E-14
 -6.70000000E+03  0.00000000E+00  3.00000000E+01   -1.563194E-13  0.000000E+00    7.428781E+00 -7.125226E+00    1.609823E-14 -3.552714E-15
 -6.60000000E+03  0.00000000E+00  3.00000000E+01   -2.842171E-14 -7.105427E-15    7.428186E+00 -7.124419E+00    6.505907E-14  6.039613E-14
 -6.50000000E+03  0.00000000E+00  3.00000000E+01    1.705303E-13  2.131628E-14    7.427624E+00 -7.123637E+00   -4.773959E-14 -1.421085E-14
 -6.40000000E+03  0.00000000E+00  3.00000000E+01    1.136868E-13  2.131628E-14    7.427098E+00 -7.122881E+00   -5.440093E-15 -2.131628E-14
 -6.30000000E+03  0.00000000E+00  3.00000000E+01    2.344791E-13  3.197442E-14    7.426605E+00 -7.122150E+00   -5.118128E-14  7.105427E-15
 -6.20000000E+03  0.00000000E+00  3.00000000E+01    1.278977E-13  2.131628E-14    7.426147E+00 -7.121446E+00   -6.705747E-14 -7.105427E-15
 -6.10000000E+03  0.00000000E+00  3.00000000E+01   -7.105427E-15  3.552714E-15    7.425721E+00 -7.120765E+00   -5.995204E-14  1.421085E-14
 -6.00000000E+03  0.00000000E+00  3.00000000E+01    2.842171E-14  2.131628E-14    7.425330E+00 -7.120110E+00   -5.639933E-14 -1.776357E-14
 -5.90000000E+03  0.00000000E+00  3.00000000E+01    1.421085E-14  0.000000E+00    7.424971E+00 -7.119479E+00   -1.698641E-14  3.552714E-15
 -5.80000000E+03  0.00000000E+00  3.00000000E+01    1.989520E-13  7.105427E-14    7.424647E+00 -7.118873E+00   -7.649437E-14 -7.105427E-15
 -5.70000000E+03  0.00000000E+00  3.00000000E+01    1.492140E-13  8.526513E-14    7.424355E+00 -7.118291E+00    3.996803E-15 -1.421085E-14
 -5.60000000E+03  0.00000000E+00  3.00000000E+01    7.105427E-14  2.131628E-14    7.424098E+00 -7.117733E+00   -5.462297E-14 -1.776357E-14
 -5.50000000E+03  0.00000000E+00  3.00000000E+01    0.000000E+00 -1.421085E-14    7.423875E+00 -7.117199E+00   -2.309264E-14  3.197442E-14
 -5.40000000E+03  0.00000000E+00  3.00000000E+01    2.842171E-14  0.000000E+00    7.423688E+00 -7.116689E+00   -4.340972E-14 -3.552714E-15
 -5.30000000E+03  0.00000000E+00  3.00000000E+01   -4.973799E-14 -1.065814E-14    7.423536E+00 -7.116202E+00    6.894485E-14 -4.263256E-14
 -5.20000000E+03  0.00000000E+00  3.00000000E+01   -8.526513E-14 -3.552714E-14    7.423422E+00 -7.115739E+00    3.108624E-14 -4.618528E-14
 -5.10000000E+03  0.00000000E+00  3.00000000E+01   -4.263256E-14 -3.375078E-14    7.423345E+00 -7.115299E+00    4.019007E-14  1.065814E-14
 -5.00000000E+03  0.00000000E+00  3.00000000E+01    0.000000E+00  3.197442E-14    7.423308E+00 -7.114882E+00   -8.681944E-14 -5.329071E-14
 -4.90000000E+03  0.00000000E+00  3.00000000E+01    8.526513E-14  4.973799E-14    7.423309E+00 -7.114488E+00   -8.193446E-14 -3.907985E-14
 -4.80000000E+03  0.00000000E+00  3.00000000E+01    5.684342E-14 -7.105427E-15    7.423354E+00 -7.114117E+00   -1.232348E-13 -3.197442E-14
 -4.70000000E+03  0.00000000E+00  3.00000000E+01    3.552714E-14  1.598721E-14    7.423441E+00 -7.113767E+00    1.115774E-13 -3.552714E-15
 -4.60000000E+03  0.00000000E+00  3.00000000E+01    1.278977E-13  1.421085E-14    7.423574E+00 -7.113441E+00    1.776357E-15 -7.105427E-15
 -4.50000000E+03  0.00000000E+00  3.00000000E+01    3.552714E-14 -1.953993E-14    7.423752E+00 -7.113135E+00    7.549517E-15 -1.421085E-14
 -4.40000000E+03  0.00000000E+00  3.00000000E+01    7.105427E-14  5.684342E-14    7.423980E+00 -7.112852E+00   -2.775558E-14 -3.552714E-15
 -4.30000000E+03  0.00000000E+00  3.00000000E+01    1.350031E-13  5.861978E-14    7.424257E+00 -7.112589E+00    4.563017E-14  3.197442E-14
 -4.20000000E+03  0.00000000E+00  3.00000000E+01   -1.421085E-14  0.000000E+00    7.424589E+00 -7.112348E+00   -1.998401E-15  3.552714E-15
 -4.10000000E+03  0.00000000E+00  3.00000000E+01    2.131628E-14 -8.881784E-15    7.424974E+00 -7.112126E+00    5.107026E-14  1.421085E-14
 -4.00000000E+03  0.00000000E+00  3.00000000E+01    2.842171E-14  0.000000E+00    7.425419E+00 -7.111924E+00   -2.675637E-14  3.552714E-15
 -3.90000000E+03  0.00000000E+00  3.00000000E+01    3.552714E-14 -1.776357E-15    7.425921E+00 -7.111741E+00   -1.521006E-14 -7.105427E-15
 -3.80000000E+03  0.00000000E+00  3.00000000E+01    4.263256E-14 -3.552714E-15    7.426489E+00 -7.111577E+00   -1.776357E-14 -2.486900E-14
 -3.70000000E+03  0.00000000E+00  3.00000000E+01    3.552714E-14  8.881784E-15    7.427119E+00 -7.111429E+00   -3.652634E-14 -1.776357E-14
 -3.60000000E+03  0.00000000E+00  3.00000000E+01    1.136868E-13  3.907985E-14    7.427820E+00 -7.111299E+00   -5.051515E-14 -7.105427E-15
 -3.50000000E+03  0.00000000E+00  3.00000000E+01    1.492140E-13  3.907985E-14    7.428589E+00 -7.111184E+00    3.352874E-14  1.421085E-14
 -3.40000000E+03  0.00000000E+00  3.00000000E+01    4.263256E-14  1.421085E-14    7.429435E+00 -7.111084E+00   -2.109424E-15 -1.776357E-14
 -3.30000000E+03  0.00000000E+00  3.00000000E+01    4.263256E-14  1.776357E-14    7.430354E+00 -7.110998E+00   -1.509903E-14 -2.842171E-14
 -3.20000000E+03  0.00000000E+00  3.00000000E+01    0.000000E+00  1.776357E-14    7.431357E+00 -7.110924E+00   -8.992806E-15  3.907985E-14
 -3.10000000E+03  0.00000000E+00  3.00000000E+01   -1.065814E-14 -3.552714E-15    7.432438E+00 -7.110860E+00   -2.164935E-14  3.552714E-15
 -3.00000000E+03  0.00000000E+00  3.00000000E+01   -4.973799E-14  1.065814E-14    7.433608E+00 -7.110807E+00   -7.216450E-15  2.131628E-14
 -2.90000000E+03  0.00000000E+00  3.00000000E+01   -1.172396E-13 -3.552714E-14    7.434862E+00 -7.110761E+00    6.883383E-15  2.842171E-14
 -2.80000000E+03  0.00000000E+00  3.00000000E+01   -5.684342E-14  1.065814E-14    7.436211E+00 -7.110722E+00   -2.042810E-14 -2.842171E-14
 -2.70000000E+03  0.00000000E+00  3.00000000E+01   -3.907985E-14  1.065814E-14    7.437649E+00 -7.110688E+00   -2.020606E-14 -2.842171E-14
 -2.60000000E+03  0.00000000E+00  3.00000000E+01   -4.263256E-14  1.953993E-14    7.439187E+00 -7.110657E+00   -3.885781E-15 -1.421085E-14
 -2.50000000E+03  0.00000000E+00  3.00000000E+01    3.552714E-15  9.769963E-15    7.440818E+00 -7.110627E+00   -4.651834E-14  0.000000E+00
 -2.40000000E+03  0.00000000E+00  3.00000000E+01    2.131628E-14  3.375078E-14    7.442553E+00 -7.110596E+00    2.442491E-15  0.000000E+00
 -2.30000000E+03  0.00000000E+00  3.00000000E+01    3.907985E-14  3.375078E-14    7.444384E+00 -7.110564E+00   -1.698641E-14  1.776357E-14
 -2.20000000E+03  0.00000000E+00  3.00000000E+01    3.552714E-14  2.486900E-14    7.446320E+00 -7.110529E+00   -7.105427E-15 -2.131628E-14
 -2.10000000E+03  0.00000000E+00  3.00000000E+01    1.421085E-14  1.154632E-14    7.448354E+00 -7.110488E+00   -2.797762E-14 -1.421085E-14
 -2.00000000E+03  0.00000000E+00  3.00000000E+01    2.842171E-14  2.131628E-14    7.450492E+00 -7.110442E+00   -7.216450E-15 -3.907985E-14
 -1.90000000E+03  0.00000000E+00  3.00000000E+01    2.486900E-14  3.552714E-15    7.452726E+00 -7.110389E+00    7.327472E-15 -2.131628E-14
 -1.80000000E+03  0.00000000E+00  3.00000000E+01   -7.105427E-15  4.440892E-14    7.455059E+00 -7.110329E+00   -2.287059E-14 -4.973799E-14
 -1.70000000E+03  0.00000000E+00  3.00000000E+01    3.197442E-14  1.421085E-14    7.457481E+00 -7.110262E+00   -8.437695E-15 -3.552714E-14
 -1.60000000E+03  0.00000000E+00  3.00000000E+01    0.000000E+00  5.151435E-14    7.459990E+00 -7.110188E+00   -4.218847E-15  7.105427E-15
 -1.50000000E+03  0.00000000E+00  3.00000000E+01    2.664535E-14  2.486900E-14    7.462573E+00 -7.110109E+00    7.216450E-15 -5.329071E-14
 -1.40000000E+03  0.00000000E+00  3.00000000E+01    3.197442E-14  2.398082E-14    7.465222E+00 -7.110026E+00   -3.341771E-14 -3.552714E-14
 -1.30000000E+03  0.00000000E+00  3.00000000E+01    3.197442E-14  1.287859E-14    7.467918E+00 -7.109942E+00   -1.287859E-14 -7.105427E-15
 -1.20000000E+03  0.00000000E+00  3.00000000E+01   -7.105427E-15 -6.306067E-14    7.470645E+00 -7.109859E+00   -7.549517E-15 -1.065814E-14
 -1.10000000E+03  0.00000000E+00  3.00000000E+01    3.552714E-15 -6.439294E-14    7.473378E+00 -7.109780E+00   -1.054712E-14  7.105427E-15
 -1.00000000E+03  0.00000000E+00  3.00000000E+01   -1.065814E-14 -1.421085E-14    7.476089E+00 -7.109708E+00   -2.220446E-16 -7.105427E-15
 -9.00000000E+02  0.00000000E+00  3.00000000E+01   -7.105427E-15  3.108624E-15    7.478747E+00 -7.109647E+00   -1.132427E-14 -5.329071E-14
 -8.00000000E+02  0.00000000E+00  3.00000000E+01    0.000000E+00 -3.019807E-14    7.481307E+00 -7.109599E+00   -1.243450E-14 -3.552714E-15
 -7.00000000E+02  0.00000000E+00  3.00000000E+01    2.664535E-15 -1.931788E-14    7.483736E+00 -7.109565E+00   -3.774758E-15 -1.776357E-14
 -6.00000000E+02  0.00000000E+00  3.00000000E+01    1.776357E-15 -3.153033E-14    7.485975E+00 -7.109545E+00   -1.243450E-14  3.552714E-15
 -5.00000000E+02  0.00000000E+00  3.00000000E+01   -1.776357E-15 -6.439294E-15    7.487990E+00 -7.109538E+00   -8.326673E-15 -1.776357E-14
 -4.00000000E+02  0.00000000E+00  3.00000000E+01    1.421085E-14 -1.509903E-14    7.489713E+00 -7.109541E+00   -3.663736E-15  1.421085E-14
 -3.00000000E+02  0.00000000E+00  3.00000000E+01    1.820766E-14 -2.331468E-14    7.491121E+00 -7.109549E+00   -8.548717E-15  3.552714E-15
 -2.00000000E+02  0.00000000E+00  3.00000000E+01    7.105427E-15 -2.908784E-14    7.492147E+00 -7.109560E+00   -5.551115E-16  7.105427E-15
 -1.00000000E+02  0.00000000E+00  3.00000000E+01    5.440093E-15 -2.914335E-14    7.492789E+00 -7.109568E+00   -5.773160E-15  2.842171E-14
  0.00000000E+00  0.00000000E+00  3.00000000E+01    1.361378E-15 -9.388893E-15    7.492994E+00 -7.109571E+00   -3.996803E-15  7.105427E-15
  1.00000000E+02  0.00000000E+00  3.00000000E+01    1.554312E-15 -1.826317E-14    7.492789E+00 -7.109568E+00   -1.443290E-15  2.131628E-14
  2.00000000E+02  0.00000000E+00  3.00000000E+01    1.776357E-15 -1.398881E-14    7.492147E+00 -7.109561E+00   -3.441691E-15  3.552714E-15
  3.00000000E+02  0.00000000E+00  3.00000000E+01   -2.664535E-15 -4.485301E-14    7.491121E+00 -7.109551E+00   -1.110223E-15 -1.065814E-14
  4.00000000E+02  0.00000000E+00  3.00000000E+01   -1.065814E-14 -4.085621E-14    7.489713E+00 -7.109542E+00   -1.443290E-15 -1.421085E-14
  5.00000000E+02  0.00000000E+00  3.00000000E+01   -5.329071E-15 -4.041212E-14    7.487990E+00 -7.109540E+00    2.331468E-15 -7.105427E-15
  6.00000000E+02  0.00000000E+00  3.00000000E+01    1.776357E-15 -1.953993E-14    7.485974E+00 -7.109547E+00    7.771561E-16 -3.197442E-14
  7.00000000E+02  0.00000000E+00  3.00000000E+01   -7.993606E-15 -8.881784E-16    7.483736E+00 -7.109567E+00   -1.176836E-14  1.776357E-14
  8.00000000E+02  0.00000000E+00  3.00000000E+01    1.421085E-14 -1.598721E-14    7.481306E+00 -7.109602E+00   -5.329071E-15 -3.552714E-15
  9.00000000E+02  0.00000000E+00  3.00000000E+01    1.953993E-14  2.042810E-14    7.478746E+00 -7.109650E+00   -2.331468E-15 -3.197442E-14
  1.00000000E+03  0.00000000E+00  3.00000000E+01   -7.105427E-15  8.881784E-16    7.476088E+00 -7.109711E+00   -4.884981E-15 -3.197442E-14
  1.10000000E+03  0.00000000E+00  3.00000000E+01   -1.065814E-14 -1.820766E-14    7.473377E+00 -7.109782E+00   -5.329071E-15  3.552714E-15
  1.20000000E+03  0.00000000E+00  3.00000000E+01   -1.776357E-14 -2.753353E-14    7.470644E+00 -7.109861E+00    9.992007E-16 -1.065814E-14
  1.30000000E+03  0.00000000E+00  3.00000000E+01    1.421085E-14 -8.881784E-15    7.467917E+00 -7.109944E+00   -2.031708E-14 -5.329071E-14
  1.40000000E+03  0.00000000E+00  3.00000000E+01   -1.421085E-14 -5.062617E-14    7.465220E+00 -7.110028E+00   -9.769963E-15  2.131628E-14
  1.50000000E+03  0.00000000E+00  3.00000000E+01   -2.664535E-14 -1.953993E-14    7.462571E+00 -7.110111E+00   -5.218048E-15 -1.776357E-14
  1.60000000E+03  0.00000000E+00  3.00000000E+01   -2.131628E-14 -4.085621E-14    7.459989E+00 -7.110190E+00   -7.438494E-15 -7.815970E-14
  1.70000000E+03  0.00000000E+00  3.00000000E+01    3.552714E-15 -1.065814E-14    7.457479E+00 -7.110263E+00   -1.099121E-14 -2.842171E-14
  1.80000000E+03  0.00000000E+00  3.00000000E+01   -2.842171E-14 -1.421085E-14    7.455058E+00 -7.110330E+00   -1.587619E-14 -7.105427E-15
  1.90000000E+03  0.00000000E+00  3.00000000E+01   -3.552714E-14 -2.930989E-14    7.452725E+00 -7.110390E+00   -1.110223E-14 -2.486900E-14
  2.00000000E+03  0.00000000E+00  3.00000000E+01    2.131628E-14 -3.552714E-14    7.450491E+00 -7.110443E+00    2.220446E-15  0.000000E+00
  2.10000000E+03  0.00000000E+00  3.00000000E+01    7.460699E-14  2.664535E-15    7.448353E+00 -7.110489E+00   -1.065814E-14 -3.552714E-15
  2.20000000E+03  0.00000000E+00  3.00000000E+01    2.131628E-14 -1.953993E-14    7.446319E+00 -7.110529E+00    2.331468E-15 -1.421085E-14
  2.30000000E+03  0.00000000E+00  3.00000000E+01    1.421085E-14 -2.131628E-14    7.444383E+00 -7.110565E+00   -1.398881E-14 -1.776357E-14
  2.40000000E+03  0.00000000E+00  3.00000000E+01   -3.552714E-14  1.776357E-15    7.442552E+00 -7.110597E+00   -8.659740E-15  1.065814E-14
  2.50000000E+03  0.00000000E+00  3.00000000E+01   -2.842171E-14 -4.174439E-14    7.440817E+00 -7.110627E+00    2.053913E-14  3.552714E-15
  2.60000000E+03  0.00000000E+00  3.00000000E+01   -6.394885E-14 -6.217249E-14    7.439186E+00 -7.110657E+00   -9.214851E-15 -1.065814E-14
  2.70000000E+03  0.00000000E+00  3.00000000E+01   -3.197442E-14 -1.332268E-14    7.437649E+00 -7.110688E+00   -5.995204E-15  3.552714E-15
  2.80000000E+03  0.00000000E+00  3.00000000E+01    7.105427E-15 -2.486900E-14    7.436210E+00 -7.110722E+00    2.253753E-14 -3.552714E-15
  2.90000000E+03  0.00000000E+00  3.00000000E+01    7.105427E-15 -2.486900E-14    7.434862E+00 -7.110761E+00    1.776357E-15 -1.776357E-14
  3.00000000E+03  0.00000000E+00  3.00000000E+01   -7.105427E-15  1.065814E-14    7.433607E+00 -7.110807E+00    1.554312E-15 -7.105427E-15
  3.10000000E+03  0.00000000E+00  3.00000000E+01    2.842171E-14 -7.105427E-15    7.432437E+00 -7.110861E+00   -3.586020E-14 -3.552714E-15
  3.20000000E+03  0.00000000E+00  3.00000000E+01    2.842171E-14  2.842171E-14    7.431356E+00 -7.110924E+00   -9.325873E-15 -7.105427E-15
  3.30000000E+03  0.00000000E+00  3.00000000E+01    5.684342E-14  2.664535E-14    7.430354E+00 -7.110998E+00   -6.661338E-15  1.776357E-14
  3.40000000E+03  0.00000000E+00  3.00000000E+01    0.000000E+00  0.000000E+00    7.429435E+00 -7.111085E+00   -1.654232E-14  1.776357E-14
  3.50000000E+03  0.00000000E+00  3.00000000E+01    2.131628E-14  4.085621E-14    7.428589E+00 -7.111184E+00    3.219647E-15 -3.552714E-14
  3.60000000E+03  0.00000000E+00  3.00000000E+01   -2.842171E-14  5.684342E-14    7.427820E+00 -7.111299E+00   -2.542411E-14 -2.131628E-14
  3.70000000E+03  0.00000000E+00  3.00000000E+01   -6.394885E-14 -1.776357E-15    7.427119E+00 -7.111429E+00   -4.163336E-14  7.105427E-15
  3.80000000E+03  0.00000000E+00  3.00000000E+01    1.421085E-14 -2.486900E-14    7.426489E+00 -7.111577E+00   -4.440892E-14 -3.552714E-14
  3.90000000E+03  0.00000000E+00  3.00000000E+01   -1.065814E-13 -4.440892E-14    7.425921E+00 -7.111741E+00   -4.440892E-15  7.105427E-15
  4.00000000E+03  0.00000000E+00  3.00000000E+01    4.263256E-14 -2.131628E-14    7.425419E+00 -7.111924E+00   -2.120526E-14  2.131628E-14
  4.10000000E+03  0.00000000E+00  3.00000000E+01    3.552714E-14 -2.309264E-14    7.424974E+00 -7.112126E+00    1.143530E-14  3.552714E-15
  4.20000000E+03  0.00000000E+00  3.00000000E+01    7.105427E-14 -1.421085E-14    7.424589E+00 -7.112348E+00   -5.617729E-14  0.000000E+00
  4.30000000E+03  0.00000000E+00  3.00000000E+01    1.421085E-14  1.776357E-15    7.424257E+00 -7.112589E+00   -1.154632E-14  3.552714E-15
  4.40000000E+03  0.00000000E+00  3.00000000E+01    8.526513E-14  7.105427E-15    7.423980E+00 -7.112852E+00    1.720846E-14 -2.486900E-14
  4.50000000E+03  0.00000000E+00  3.00000000E+01    5.684342E-14  2.309264E-14    7.423752E+00 -7.113135E+00   -4.796163E-14 -3.552714E-14
  4.60000000E+03  0.00000000E+00  3.00000000E+01    9.947598E-14 -7.105427E-15    7.423574E+00 -7.113441E+00   -4.440892E-14 -3.907985E-14
  4.70000000E+03  0.00000000E+00  3.00000000E+01    5.684342E-14 -3.552714E-15    7.423441E+00 -7.113767E+00    4.674039E-14  2.131628E-14
  4.80000000E+03  0.00000000E+00  3.00000000E+01    4.263256E-14  2.131628E-14    7.423354E+00 -7.114117E+00   -8.770762E-15 -3.197442E-14
  4.90000000E+03  0.00000000E+00  3.00000000E+01   -1.989520E-13 -2.842171E-14    7.423309E+00 -7.114488E+00    2.275957E-14 -7.105427E-15
  5.00000000E+03  0.00000000E+00  3.00000000E+01   -1.278977E-13 -2.131628E-14    7.423308E+00 -7.114882E+00    2.553513E-14  2.131628E-14
  5.10000000E+03  0.00000000E+00  3.00000000E+01   -1.634248E-13 -1.421085E-14    7.423345E+00 -7.115299E+00    5.728751E-14  1.421085E-14
  5.20000000E+03  0.00000000E+00  3.00000000E+01   -1.421085E-13 -4.263256E-14    7.423422E+00 -7.115739E+00   -7.771561E-15 -3.552714E-15
  5.30000000E+03  0.00000000E+00  3.00000000E+01   -1.563194E-13 -4.085621E-14    7.423536E+00 -7.116202E+00   -3.674838E-14  2.842171E-14
  5.40000000E+03  0.00000000E+00  3.00000000E+01   -9.947598E-14 -2.486900E-14    7.423688E+00 -7.116689E+00    1.232348E-14 -3.552714E-15
  5.50000000E+03  0.00000000E+00  3.00000000E+01   -1.278977E-13 -3.552714E-14    7.423875E+00 -7.117199E+00   -6.372680E-14 -2.842171E-14
  5.60000000E+03  0.00000000E+00  3.00000000E+01   -2.131628E-13 -7.105427E-15    7.424098E+00 -7.117733E+00   -1.887379E-15 -2.486900E-14
  5.70000000E+03  0.00000000E+00  3.00000000E+01   -9.237056E-14  1.065814E-14    7.424355E+00 -7.118291E+00   -6.716849E-14 -3.552714E-14
  5.80000000E+03  0.00000000E+00  3.00000000E+01   -2.842171E-14 -1.421085E-14    7.424647E+00 -7.118873E+00   -1.321165E-14 -1.065814E-14
  5.90000000E+03  0.00000000E+00  3.00000000E+01   -7.105427E-15  0.000000E+00    7.424971E+00 -7.119479E+00    2.620126E-14  4.618528E-14
  6.00000000E+03  0.00000000E+00  3.00000000E+01    1.421085E-14 -4.263256E-14    7.425330E+00 -7.120110E+00   -4.107825E-15 -1.065814E-14
  6.10000000E+03  0.00000000E+00  3.00000000E+01    5.684342E-14 -4.618528E-14    7.425721E+00 -7.120765E+00    5.084821E-14 -1.065814E-14
  6.20000000E+03  0.00000000E+00  3.00000000E+01    1.421085E-13  7.105427E-15    7.426147E+00 -7.121446E+00    5.639933E-14 -1.421085E-14
  6.30000000E+03  0.00000000E+00  3.00000000E+01    1.421085E-14 -4.973799E-14    7.426605E+00 -7.122150E+00    9.736656E-14 -1.421085E-14
  6.40000000E+03  0.00000000E+00  3.00000000E+01   -8.526513E-14 -6.394885E-14    7.427098E+00 -7.122881E+00    3.153033E-14 -2.486900E-14
  6.50000000E+03  0.00000000E+00  3.00000000E+01   -4.263256E-14  0.000000E+00    7.427624E+00 -7.123637E+00   -3.086420E-14 -7.105427E-15
  6.60000000E+03  0.00000000E+00  3.00000000E+01    0.000000E+00  2.131628E-14    7.428186E+00 -7.124419E+00    9.103829E-14  1.065814E-14
  6.70000000E+03  0.00000000E+00  3.00000000E+01    7.105427E-14  3.552714E-14    7.428781E+00 -7.125226E+00    4.274359E-14  5.684342E-14
  6.80000000E+03  0.00000000E+00  3.00000000E+01    1.136868E-13 -1.421085E-14    7.429414E+00 -7.126060E+00    5.917489E-14  1.776357E-14
  6.90000000E+03  0.00000000E+00  3.00000000E+01   -4.263256E-14 -3.552714E-14    7.430082E+00 -7.126920E+00    8.659740E-15 -2.486900E-14
  7.00000000E+03  0.00000000E+00  3.00000000E+01    5.684342E-14  2.131628E-14    7.430789E+00 -7.127807E+00   -1.011413E-13 -3.552714E-15
  7.10000000E+03  0.00000000E+00  3.00000000E+01   -9.947598E-14 -3.197442E-14    7.431533E+00 -7.128720E+00    1.521006E-14  0.000000E+00
  7.20000000E+03  0.00000000E+00  3.00000000E+01    0.000000E+00 -7.105427E-15    7.432318E+00 -7.129662E+00   -8.026912E-14 -1.065814E-14
  7.30000000E+03  0.00000000E+00  3.00000000E+01    1.421085E-14 -4.973799E-14    7.433144E+00 -7.130629E+00    1.059153E-13  3.552714E-15
  7.40000000E+03  0.00000000E+00  3.00000000E+01    0.000000E+00 -7.105427E-14    7.434013E+00 -7.131626E+00    2.375877E-14 -3.552714E-15
  7.50000000E+03  0.00000000E+00  3.00000000E+01   -2.842171E-13 -7.460699E-14    7.434925E+00 -7.132649E+00    3.830269E-14  3.552714E-15
  7.60000000E+03  0.00000000E+00  3.00000000E+01   -2.273737E-13 -6.394885E-14    7.435885E+00 -7.133701E+00    1.765255E-14  0.000000E+00
  7.70000000E+03  0.00000000E+00  3.00000000E+01   -1.421085E-14 -2.842171E-14    7.436890E+00 -7.134781E+00    6.916689E-14 -3.552714E-14
  7.80000000E+03  0.00000000E+00  3.00000000E+01    1.421085E-13 -1.421085E-14    7.437948E+00 -7.135890E+00    9.214851E-15  7.105427E-15
  7.90000000E+03  0.00000000E+00  3.00000000E+01    7.105427E-14 -2.842171E-14    7.439055E+00 -7.137027E+00    2.930989E-14  1.421085E-14
  8.00000000E+03  0.00000000E+00  3.00000000E+01   -5.684342E-14 -4.263256E-14    7.440219E+00 -7.138193E+00   -7.549517E-15 -4.618528E-14
  8.10000000E+03  0.00000000E+00  3.00000000E+01   -2.842171E-14  1.065814E-14    7.441437E+00 -7.139387E+00   -2.786660E-14  3.907985E-14
  8.20000000E+03  0.00000000E+00  3.00000000E+01    8.526513E-14  7.105427E-15    7.442716E+00 -7.140611E+00    5.895284E-14 -2.131628E-14
  8.30000000E+03  0.00000000E+00  3.00000000E+01    1.421085E-13 -7.105427E-15    7.444055E+00 -7.141863E+00    1.887379E-15  1.421085E-14
  8.40000000E+03  0.00000000E+00  3.00000000E+01   -1.136868E-13 -3.552714E-14    7.445462E+00 -7.143145E+00   -5.029310E-14  7.105427E-15
  8.50000000E+03  0.00000000E+00  3.00000000E+01    8.526513E-14 -2.842171E-14    7.446934E+00 -7.144453E+00   -1.165734E-13 -1.776357E-14
  8.60000000E+03  0.00000000E+00  3.00000000E+01    0.000000E+00 -1.421085E-14    7.448479E+00 -7.145792E+00    1.487699E-14  0.000000E+00
  8.70000000E+03  0.00000000E+00  3.00000000E+01    1.563194E-13 -1.421085E-14    7.450096E+00 -7.147157E+00   -5.384582E-14  7.105427E-15
  8.80000000E+03  0.00000000E+00  3.00000000E+01   -1.989520E-13 -9.237056E-14    7.451793E+00 -7.148551E+00    1.332268E-15  3.552714E-14
  8.90000000E+03  0.00000000E+00  3.00000000E+01   -5.684342E-14  1.421085E-14    7.453568E+00 -7.149971E+00    4.352074E-14 -1.065814E-14
  9.00000000E+03  0.00000000E+00  3.00000000E+01   -2.842171E-14  1.421085E-14    7.455430E+00 -7.151419E+00    1.628697E-13  5.684342E-14
  9.10000000E+03  0.00000000E+00  3.00000000E+01    9.947598E-14  2.486900E-14    7.457377E+00 -7.152892E+00   -3.619327E-14  5.684342E-14
  9.20000000E+03  0.00000000E+00  3.00000000E+01    1.136868E-13  1.421085E-14    7.459418E+00 -7.154391E+00    4.041212E-14  2.842171E-14
  9.30000000E+03  0.00000000E+00  3.00000000E+01    1.421085E-13  4.973799E-14    7.461549E+00 -7.155914E+00   -5.295764E-14 -3.552714E-15
  9.40000000E+03  0.00000000E+00  3.00000000E+01    2.842171E-14 -3.552714E-14    7.463778E+00 -7.157462E+00   -4.574119E-14 -2.842171E-14
  9.50000000E+03  0.00000000E+00  3.00000000E+01    2.842171E-14  1.065814E-14    7.466099E+00 -7.159032E+00    1.687539E-13  3.552714E-15
  9.60000000E+03  0.00000000E+00  3.00000000E+01    5.684342E-14  3.552714E-14    7.468519E+00 -7.160625E+00    1.215694E-13 -3.552714E-15
  9.70000000E+03  0.00000000E+00  3.00000000E+01    2.842171E-14  3.907985E-14    7.471027E+00 -7.162240E+00    1.415534E-13  1.776357E-14
  9.80000000E+03  0.00000000E+00  3.00000000E+01    1.136868E-13  9.947598E-14    7.473624E+00 -7.163877E+00    8.859580E-14 -1.776357E-14
  9.90000000E+03  0.00000000E+00  3.00000000E+01    1.989520E-13  8.881784E-14    7.476290E+00 -7.165537E+00    2.188250E-13  8.171241E-14
  1.00000000E+04  0.00000000E+00  3.00000000E+01    2.842171E-14  1.421085E-14    7.479029E+00 -7.167232E+00   -4.440892E-16  4.263256E-14
  1.05000000E+04  0.00000000E+00  3.00000000E+01    1.847411E-13  5.684342E-14    7.491677E+00 -7.176073E+00   -6.400436E-14 -5.329071E-14
