 -1.05000000E+04  0.00000000E+00  3.00000000E+01   -8.531949E+00  7.503069E+00    1.154593E-14 -6.898575E-14   -7.850986E-02  1.322875E-01
 -1.00000000E+04  0.00000000E+00  3.00000000E+01   -8.629079E+00  7.555786E+00   -5.580514E-15 -1.735672E-14   -3.945631E-02  1.070493E-01
 -9.90000000E+03  0.00000000E+00  3.00000000E+01   -8.644684E+00  7.564987E+00    3.226922E-15 -5.929846E-14   -3.402290E-02  1.024300E-01
 -9.80000000E+03  0.00000000E+00  3.00000000E+01   -8.659379E+00  7.573916E+00   -1.233115E-14  2.400290E-14   -2.906183E-02  9.786847E-02
 -9.70000000E+03  0.00000000E+00  3.00000000E+01   -8.673142E+00  7.582556E+00   -8.113139E-15 -4.160323E-14   -2.456304E-02  9.341188E-02
 -9.60000000E+03  0.00000000E+00  3.00000000E+01   -8.686112E+00  7.590955E+00    7.176094E-16 -2.607225E-14   -2.054154E-02  8.909074E-02
 -9.50000000E+03  0.00000000E+00  3.00000000E+01   -8.698287E+00  7.599113E+00    1.328882E-14  2.606378E-14   -1.692870E-02  8.490535E-02
 -9.40000000E+03  0.00000000E+00  3.00000000E+01   -8.709784E+00  7.607068E+00    2.021289E-15 -4.569870E-15   -1.372207E-02  8.087384E-02
 -9.30000000E+03  0.00000000E+00  3.00000000E+01   -8.720598E+00  7.614816E+00    1.271570E-15 -5.268829E-15   -1.085752E-02  7.698818E-02
 -9.20000000E+03  0.00000000E+00  3.00000000E+01   -8.730825E+00  7.622383E+00   -2.498376E-15 -2.916588E-14   -8.330110E-03  7.326284E-02
 -9.10000000E+03  0.00000000E+00  3.00000000E+01   -8.740457E+00  7.629764E+00   -4.523033E-15  6.113686E-14   -6.085363E-03  6.968667E-02
 -9.00000000E+03  0.00000000E+00  3.00000000E+01   -8.749575E+00  7.636977E+00   -1.069406E-15 -2.568940E-14   -4.118235E-03  6.627219E-02
 -8.90000000E+03  0.00000000E+00  3.00000000E+01   -8.758171E+00  7.644016E+00   -4.921399E-15  9.842797E-14   -2.382768E-03  6.300590E-02
 -8.80000000E+03  0.00000000E+00  3.00000000E+01   -8.766314E+00  7.650896E+00    1.104533E-14  2.411935E-14   -8.738358E-04  5.989819E-02
 -8.70000000E+03  0.00000000E+00  3.00000000E+01   -8.773996E+00  7.657608E+00    5.443164E-15 -7.606603E-14    4.466865E-04  5.693451E-02
 -8.60000000E+03  0.00000000E+00  3.00000000E+01   -8.781277E+00  7.664168E+00    6.792193E-15  1.542795E-14    1.583670E-03  5.412366E-02
 -8.50000000E+03  0.00000000E+00  3.00000000E+01   -8.788150E+00  7.670564E+00    8.615568E-15  9.052043E-15    2.568768E-03  5.145027E-02
 -8.40000000E+03  0.00000000E+00  3.00000000E+01   -8.794668E+00  7.676812E+00    1.457664E-15 -2.923320E-14    3.406688E-03  4.892139E-02
 -8.30000000E+03  0.00000000E+00  3.00000000E+01   -8.800823E+00  7.682900E+00   -3.295247E-15  9.998994E-15    4.123337E-03  4.652171E-02
 -8.20000000E+03  0.00000000E+00  3.00000000E+01   -8.806664E+00  7.688842E+00    3.339515E-15  3.049006E-14    4.722996E-03  4.425716E-02
 -8.10000000E+03  0.00000000E+00  3.00000000E+01   -8.812184E+00  7.694629E+00    8.873447E-15  1.351973E-14    5.226857E-03  4.211251E-02
 -8.00000000E+03  0.00000000E+00  3.00000000E+01   -8.817424E+00  7.700274E+00   -3.339521E-15  5.422327E-14    5.638884E-03  4.009248E-02
 -7.90000000E+03  0.00000000E+00  3.00000000E+01   -8.822380E+00  7.705767E+00    8.107111E-17  3.793907E-14    5.976117E-03  3.818263E-02
 -7.80000000E+03  0.00000000E+00  3.00000000E+01   -8.827088E+00  7.711122E+00   -5.091813E-15  5.388305E-14    6.242080E-03  3.638689E-02
 -7.70000000E+03  0.00000000E+00  3.00000000E+01   -8.831544E+00  7.716329E+00   -2.129065E-15 -5.484050E-14    6.450439E-03  3.469156E-02
 -7.60000000E+03  0.00000000E+00  3.00000000E+01   -8.835781E+00  7.721403E+00    4.450406E-15 -4.859606E-14    6.604354E-03  3.309978E-02
 -7.50000000E+03  0.00000000E+00  3.00000000E+01   -8.839795E+00  7.726334E+00   -1.406115E-15  1.912315E-13    6.714589E-03  3.159897E-02
 -7.40000000E+03  0.00000000E+00  3.00000000E+01   -8.843616E+00  7.731136E+00    4.748782E-16  2.165385E-14    6.783876E-03  3.019189E-02
 -7.30000000E+03  0.00000000E+00  3.00000000E+01   -8.847240E+00  7.735800E+00   -6.439124E-15  2.138104E-14    6.820663E-03  2.886693E-02
 -7.20000000E+03  0.00000000E+00  3.00000000E+01   -8.850694E+00  7.740341E+00    8.815679E-16  6.941589E-14    6.827323E-03  2.762642E-02
 -7.10000000E+03  0.00000000E+00  3.00000000E+01   -8.853974E+00  7.744751E+00   -2.348787E-15  2.162628E-13    6.810335E-03  2.645998E-02
 -7.00000000E+03  0.00000000E+00  3.00000000E+01   -8.857105E+00  7.749043E+00   -9.372711E-16 -1.851532E-14    6.771705E-03  2.536982E-02
 -6.90000000E+03  0.00000000E+00  3.00000000E+01   -8.860083E+00  7.753209E+00    3.231881E-15  1.231545E-14    6.716342E-03  2.434658E-02
 -6.80000000E+03  0.00000000E+00  3.00000000E+01   -8.862930E+00  7.757263E+00    4.120375E-15 -1.665915E-14    6.645917E-03  2.339236E-02
 -6.70000000E+03  0.00000000E+00  3.00000000E+01   -8.865644E+00  7.761198E+00    3.861000E-15  1.459002E-14    6.564039E-03  2.249893E-02
 -6.60000000E+03  0.00000000E+00  3.00000000E+01   -8.868243E+00  7.765026E+00    4.749841E-15  7.838381E-14    6.472021E-03  2.166852E-02
 -6.50000000E+03  0.00000000E+00  3.00000000E+01   -8.870726E+00  7.768742E+00    6.420887E-15 -7.942346E-15    6.372430E-03  2.089384E-02
 -6.40000000E+03  0.00000000E+00  3.00000000E+01   -8.873110E+00  7.772356E+00    7.997015E-15  8.387250E-15    6.266224E-03  2.017722E-02
 -6.30000000E+03  0.00000000E+00  3.00000000E+01   -8.875394E+00  7.775864E+00    6.558204E-15  6.522501E-15    6.155090E-03  1.951237E-02
 -6.20000000E+03  0.00000000E+00  3.00000000E+01   -8.877591E+00  7.779275E+00    8.628925E-15  1.145488E-14    6.039580E-03  1.890193E-02
 -6.10000000E+03  0.00000000E+00  3.00000000E+01   -8.879703E+00  7.782586E+00    2.197060E-16  6.450547E-14    5.920654E-03  1.834038E-02
 -6.00000000E+03  0.00000000E+00  3.00000000E+01   -8.881742E+00  7.785805E+00   -3.864738E-16  3.761530E-14    5.798390E-03  1.783068E-02
 -5.90000000E+03  0.00000000E+00  3.00000000E+01   -8.883708E+00  7.788928E+00    7.568843E-15  1.195195E-14    5.673110E-03  1.736809E-02
 -5.80000000E+03  0.00000000E+00  3.00000000E+01   -8.885613E+00  7.791964E+00   -8.788208E-16  1.015038E-14    5.544312E-03  1.695601E-02
 -5.70000000E+03  0.00000000E+00  3.00000000E+01   -8.887458E+00  7.794907E+00   -4.218340E-15 -7.874238E-14    5.411742E-03  1.659029E-02
 -5.60000000E+03  0.00000000E+00  3.00000000E+01   -8.889253E+00  7.797767E+00   -8.134265E-16 -2.715763E-14    5.274158E-03  1.627477E-02
 -5.50000000E+03  0.00000000E+00  3.00000000E+01   -8.890999E+00  7.800537E+00    2.284934E-15  4.499564E-14    5.130764E-03  1.600582E-02
 -5.40000000E+03  0.00000000E+00  3.00000000E+01   -8.892705E+00  7.803226E+00    2.164845E-15  2.013774E-14    4.979389E-03  1.578781E-02
 -5.30000000E+03  0.00000000E+00  3.00000000E+01   -8.894373E+00  7.805827E+00    5.482334E-15 -7.693427E-14    4.818693E-03  1.561742E-02
 -5.20000000E+03  0.00000000E+00  3.00000000E+01   -8.896011E+00  7.808347E+00    5.412046E-15 -3.587805E-14    4.645299E-03  1.549946E-02
 -5.10000000E+03  0.00000000E+00  3.00000000E+01   -8.897621E+00  7.810779E+00    6.547218E-15  4.912610E-14    4.457330E-03  1.543084E-02
 -5.00000000E+03  0.00000000E+00  3.00000000E+01   -8.899211E+00  7.813128E+00    2.420020E-15  6.975574E-14    4.249907E-03  1.541677E-02
 -4.90000000E+03  0.00000000E+00  3.00000000E+01   -8.900782E+00  7.815388E+00    1.547330E-15  1.499848E-13    4.020580E-03  1.545410E-02
 -4.80000000E+03  0.00000000E+00  3.00000000E+01   -8.902340E+00  7.817562E+00    6.855348E-16  5.387147E-14    3.762562E-03  1.554828E-02
 -4.70000000E+03  0.00000000E+00  3.00000000E+01   -8.903889E+00  7.819641E+00    5.281306E-15 -3.106673E-14    3.472845E-03  1.569593E-02
 -4.60000000E+03  0.00000000E+00  3.00000000E+01   -8.905431E+00  7.821629E+00   -1.520108E-15  2.931448E-14    3.142339E-03  1.590243E-02
 -4.50000000E+03  0.00000000E+00  3.00000000E+01   -8.906970E+00  7.823514E+00    5.951267E-15  4.726753E-14    2.767458E-03  1.616388E-02
 -4.40000000E+03  0.00000000E+00  3.00000000E+01   -8.908508E+00  7.825300E+00    8.183845E-16  4.166405E-14    2.336293E-03  1.648516E-02
 -4.30000000E+03  0.00000000E+00  3.00000000E+01   -8.910048E+00  7.826973E+00   -8.458654E-15 -2.882533E-14    1.844768E-03  1.686153E-02
 -4.20000000E+03  0.00000000E+00  3.00000000E+01   -8.911589E+00  7.828536E+00    6.953109E-15  2.452525E-15    1.277734E-03  1.729676E-02
 -4.10000000E+03  0.00000000E+00  3.00000000E+01   -8.913133E+00  7.829971E+00    7.117326E-15  8.654870E-14    6.306965E-04  1.778488E-02
 -4.00000000E+03  0.00000000E+00  3.00000000E+01   -8.914679E+00  7.831281E+00    3.495667E-15  2.101445E-14   -1.152595E-04  1.832770E-02
 -3.90000000E+03  0.00000000E+00  3.00000000E+01   -8.916223E+00  7.832446E+00    2.916737E-15  7.275395E-14   -9.647531E-04  1.891758E-02
 -3.80000000E+03  0.00000000E+00  3.00000000E+01   -8.917763E+00  7.833468E+00    6.640260E-15 -6.725331E-15   -1.940728E-03  1.955324E-02
 -3.70000000E+03  0.00000000E+00  3.00000000E+01   -8.919292E+00  7.834326E+00    6.077253E-15  5.985561E-14   -3.047616E-03  2.022487E-02
 -3.60000000E+03  0.00000000E+00  3.00000000E+01   -8.920804E+00  7.835020E+00    2.731224E-15  1.938795E-15   -4.312649E-03  2.092670E-02
 -3.50000000E+03  0.00000000E+00  3.00000000E+01   -8.922287E+00  7.835526E+00    1.394451E-15 -1.007776E-15   -5.739389E-03  2.164628E-02
 -3.40000000E+03  0.00000000E+00  3.00000000E+01   -8.923732E+00  7.835848E+00    4.394105E-15 -5.905678E-14   -7.358993E-03  2.237152E-02
 -3.30000000E+03  0.00000000E+00  3.00000000E+01   -8.925119E+00  7.835959E+00    2.109171E-15 -3.937119E-14   -9.173397E-03  2.308691E-02
 -3.20000000E+03  0.00000000E+00  3.00000000E+01   -8.926434E+00  7.835864E+00   -3.505907E-15  1.524839E-14   -1.121711E-02  2.377205E-02
 -3.10000000E+03  0.00000000E+00  3.00000000E+01   -8.927648E+00  7.835537E+00   -4.369825E-15  8.185927E-14   -1.348902E-02  2.440804E-02
 -3.00000000E+03  0.00000000E+00  3.00000000E+01   -8.928742E+00  7.834987E+00    4.437018E-15  2.513995E-14   -1.602523E-02  2.496390E-02
 -2.90000000E+03  0.00000000E+00  3.00000000E+01   -8.929675E+00  7.834189E+00    6.499337E-15  8.879622E-14   -1.882001E-02  2.541738E-02
 -2.80000000E+03  0.00000000E+00  3.00000000E+01   -8.930423E+00  7.833160E+00    1.395803E-14  5.588835E-15   -2.190861E-02  2.572478E-02
 -2.70000000E+03  0.00000000E+00  3.00000000E+01   -8.930927E+00  7.831881E+00    1.045797E-14 -7.601803E-14   -2.527819E-02  2.586104E-02
 -2.60000000E+03  0.00000000E+00  3.00000000E+01   -8.931163E+00  7.830376E+00    1.194098E-14 -3.749072E-14   -2.895857E-02  2.576817E-02
 -2.50000000E+03  0.00000000E+00  3.00000000E+01   -8.931052E+00  7.828641E+00    8.876093E-15 -4.455623E-14   -3.292715E-02  2.541974E-02
 -2.40000000E+03  0.00000000E+00  3.00000000E+01   -8.930565E+00  7.826712E+00    9.667034E-15  9.139740E-15   -3.720248E-02  2.474309E-02
 -2.30000000E+03  0.00000000E+00  3.00000000E+01   -8.929605E+00  7.824603E+00    1.511551E-14  1.970349E-14   -4.174829E-02  2.371356E-02
 -2.20000000E+03  0.00000000E+00  3.00000000E+01   -8.928144E+00  7.822368E+00    1.596870E-14 -8.840076E-15   -4.656301E-02  2.224607E-02
 -2.10000000E+03  0.00000000E+00  3.00000000E+01   -8.926064E+00  7.820052E+00    1.037009E-14  3.093451E-14   -5.159297E-02  2.032305E-02
 -2.00000000E+03  0.00000000E+00  3.00000000E+01   -8.923342E+00  7.817727E+00    8.523113E-15 -2.604345E-14   -5.680587E-02  1.785354E-02
 -1.90000000E+03  0.00000000E+00  3.00000000E+01   -8.919846E+00  7.815482E+00    7.294216E-15 -5.378386E-14   -6.212631E-02  1.483593E-02
 -1.80000000E+03  0.00000000E+00  3.00000000E+01   -8.915564E+00  7.813409E+00    5.690821E-15  6.989228E-15   -6.747777E-02  1.118745E-02
 -1.70000000E+03  0.00000000E+00  3.00000000E+01   -8.910363E+00  7.811652E+00    4.042578E-15  6.591159E-14   -7.276059E-02  6.935771E-03
 -1.60000000E+03  0.00000000E+00  3.00000000E+01   -8.904255E+00  7.810323E+00    1.030229E-14 -1.506908E-14   -7.784079E-02  2.030181E-03
 -1.50000000E+03  0.00000000E+00  3.00000000E+01   -8.897120E+00  7.809625E+00    8.401926E-15  5.759712E-15   -8.259441E-02 -3.452887E-03
 -1.40000000E+03  0.00000000E+00  3.00000000E+01   -8.889017E+00  7.809678E+00    6.898747E-15  1.119203E-13   -8.681907E-02 -9.493808E-03
 -1.30000000E+03  0.00000000E+00  3.00000000E+01   -8.879869E+00  7.810738E+00    6.352747E-22  1.293625E-13   -9.037406E-02 -1.594365E-02
 -1.20000000E+03  0.00000000E+00  3.00000000E+01   -8.869797E+00  7.812905E+00   -7.922032E-15  2.054148E-13   -9.298779E-02 -2.266096E-02
 -1.10000000E+03  0.00000000E+00  3.00000000E+01   -8.858813E+00  7.816446E+00   -1.933407E-15  3.084662E-14   -9.452188E-02 -2.940063E-02
 -1.00000000E+03  0.00000000E+00  3.00000000E+01   -8.847121E+00  7.821387E+00   -2.994289E-16 -2.898550E-14   -9.465420E-02 -3.584246E-02
 -9.00000000E+02  0.00000000E+00  3.00000000E+01   -8.834864E+00  7.827917E+00    1.335808E-14  6.749347E-14   -9.328608E-02 -4.164082E-02
 -8.00000000E+02  0.00000000E+00  3.00000000E+01   -8.822332E+00  7.835896E+00    8.600762E-15  3.452330E-14   -9.009400E-02 -4.626841E-02
 -7.00000000E+02  0.00000000E+00  3.00000000E+01   -8.809833E+00  7.845282E+00    3.224539E-15  6.153577E-14   -8.507414E-02 -4.933188E-02
 -6.00000000E+02  0.00000000E+00  3.00000000E+01   -8.797717E+00  7.855664E+00    5.294563E-15  9.542441E-14   -7.798277E-02 -5.016799E-02
 -5.00000000E+02  0.00000000E+00  3.00000000E+01   -8.786441E+00  7.866589E+00    1.653933E-14 -4.927352E-14   -6.896747E-02 -4.850815E-02
 -4.00000000E+02  0.00000000E+00  3.00000000E+01   -8.776348E+00  7.877344E+00    9.396298E-15 -5.619011E-15   -5.795213E-02 -4.382145E-02
 -3.00000000E+02  0.00000000E+00  3.00000000E+01   -8.767978E+00  7.887030E+00    1.054585E-14 -5.624455E-15   -4.526165E-02 -3.627257E-02
 -2.00000000E+02  0.00000000E+00  3.00000000E+01   -8.761576E+00  7.894864E+00   -1.047445E-14  7.579833E-16   -3.105377E-02 -2.590476E-02
 -1.00000000E+02  0.00000000E+00  3.00000000E+01   -8.757656E+00  7.899853E+00   -3.231269E-15  3.141164E-14   -1.582170E-02 -1.353905E-02
  0.00000000E+00  0.00000000E+00  3.00000000E+01   -8.756251E+00  7.901672E+00   -4.249642E-16 -5.162572E-15    5.172058E-07  4.217437E-07
  1.00000000E+02  0.00000000E+00  3.00000000E+01   -8.757657E+00  7.899853E+00    2.812227E-15  3.374673E-14    1.582271E-02  1.353985E-02
  2.00000000E+02  0.00000000E+00  3.00000000E+01   -8.761577E+00  7.894864E+00    3.184082E-15 -2.562033E-14    3.105474E-02  2.590542E-02
  3.00000000E+02  0.00000000E+00  3.00000000E+01   -8.767978E+00  7.887029E+00    1.757642E-15  5.624456E-15    4.526255E-02  3.627305E-02
  4.00000000E+02  0.00000000E+00  3.00000000E+01   -8.776348E+00  7.877343E+00    1.938701E-15  1.581683E-14    5.795293E-02  4.382175E-02
  5.00000000E+02  0.00000000E+00  3.00000000E+01   -8.786441E+00  7.866589E+00    1.417099E-15  2.003712E-14    6.896817E-02  4.850829E-02
  6.00000000E+02  0.00000000E+00  3.00000000E+01   -8.797718E+00  7.855664E+00    4.657752E-15 -9.702186E-14    7.798337E-02  5.016801E-02
  7.00000000E+02  0.00000000E+00  3.00000000E+01   -8.809833E+00  7.845282E+00   -1.667039E-15  5.274875E-14    8.507464E-02  4.933183E-02
  8.00000000E+02  0.00000000E+00  3.00000000E+01   -8.822333E+00  7.835896E+00   -5.581598E-15 -1.286060E-14    9.009441E-02  4.626831E-02
  9.00000000E+02  0.00000000E+00  3.00000000E+01   -8.834864E+00  7.827917E+00    2.724346E-15  2.671616E-14    9.328641E-02  4.164069E-02
  1.00000000E+03  0.00000000E+00  3.00000000E+01   -8.847121E+00  7.821386E+00    5.242838E-15 -3.307685E-14    9.465447E-02  3.584234E-02
  1.10000000E+03  0.00000000E+00  3.00000000E+01   -8.858814E+00  7.816446E+00    1.358209E-15  1.048607E-14    9.452210E-02  2.940052E-02
  1.20000000E+03  0.00000000E+00  3.00000000E+01   -8.869797E+00  7.812905E+00   -1.288572E-14 -2.443123E-14    9.298798E-02  2.266085E-02
  1.30000000E+03  0.00000000E+00  3.00000000E+01   -8.879869E+00  7.810738E+00    1.895535E-14 -5.018945E-14    9.037421E-02  1.594355E-02
  1.40000000E+03  0.00000000E+00  3.00000000E+01   -8.889017E+00  7.809678E+00    4.240988E-15 -1.043146E-14    8.681920E-02  9.493727E-03
  1.50000000E+03  0.00000000E+00  3.00000000E+01   -8.897121E+00  7.809625E+00    7.294215E-15 -9.139740E-14    8.259451E-02  3.452818E-03
  1.60000000E+03  0.00000000E+00  3.00000000E+01   -8.904255E+00  7.810323E+00    1.167734E-14 -3.234062E-14    7.784087E-02 -2.030240E-03
  1.70000000E+03  0.00000000E+00  3.00000000E+01   -8.910363E+00  7.811652E+00    1.309255E-14  1.055933E-14    7.276066E-02 -6.935821E-03
  1.80000000E+03  0.00000000E+00  3.00000000E+01   -8.915565E+00  7.813409E+00    5.498125E-15 -2.280644E-14    6.747783E-02 -1.118749E-02
  1.90000000E+03  0.00000000E+00  3.00000000E+01   -8.919846E+00  7.815482E+00   -5.646425E-15  7.998646E-15    6.212637E-02 -1.483597E-02
  2.00000000E+03  0.00000000E+00  3.00000000E+01   -8.923342E+00  7.817727E+00   -3.139139E-16 -2.291209E-14    5.680592E-02 -1.785357E-02
  2.10000000E+03  0.00000000E+00  3.00000000E+01   -8.926064E+00  7.820052E+00    7.811186E-15  3.860862E-14    5.159301E-02 -2.032308E-02
  2.20000000E+03  0.00000000E+00  3.00000000E+01   -8.928144E+00  7.822368E+00    6.558907E-15  4.138846E-14    4.656304E-02 -2.224610E-02
  2.30000000E+03  0.00000000E+00  3.00000000E+01   -8.929605E+00  7.824603E+00    8.704660E-15  1.175647E-13    4.174832E-02 -2.371358E-02
  2.40000000E+03  0.00000000E+00  3.00000000E+01   -8.930565E+00  7.826712E+00    8.252853E-15 -1.934646E-14    3.720251E-02 -2.474311E-02
  2.50000000E+03  0.00000000E+00  3.00000000E+01   -8.931052E+00  7.828641E+00    3.464478E-15  3.752566E-14    3.292717E-02 -2.541976E-02
  2.60000000E+03  0.00000000E+00  3.00000000E+01   -8.931163E+00  7.830376E+00    5.975984E-15  9.104587E-14    2.895859E-02 -2.576818E-02
  2.70000000E+03  0.00000000E+00  3.00000000E+01   -8.930928E+00  7.831881E+00   -5.309272E-15  1.052963E-13    2.527820E-02 -2.586106E-02
  2.80000000E+03  0.00000000E+00  3.00000000E+01   -8.930423E+00  7.833160E+00   -9.447334E-16  3.136293E-14    2.190862E-02 -2.572480E-02
  2.90000000E+03  0.00000000E+00  3.00000000E+01   -8.929675E+00  7.834189E+00    7.681810E-15 -3.345345E-14    1.882003E-02 -2.541739E-02
  3.00000000E+03  0.00000000E+00  3.00000000E+01   -8.928742E+00  7.834987E+00    3.152769E-15  4.299564E-14    1.602524E-02 -2.496391E-02
  3.10000000E+03  0.00000000E+00  3.00000000E+01   -8.927648E+00  7.835537E+00   -3.368431E-15  1.667987E-14    1.348903E-02 -2.440805E-02
  3.20000000E+03  0.00000000E+00  3.00000000E+01   -8.926434E+00  7.835864E+00    6.624587E-15 -3.060986E-14    1.121712E-02 -2.377206E-02
  3.30000000E+03  0.00000000E+00  3.00000000E+01   -8.925119E+00  7.835959E+00    1.150429E-14 -8.624702E-14    9.173404E-03 -2.308692E-02
  3.40000000E+03  0.00000000E+00  3.00000000E+01   -8.923732E+00  7.835848E+00    1.167753E-14 -5.781678E-14    7.358999E-03 -2.237153E-02
  3.50000000E+03  0.00000000E+00  3.00000000E+01   -8.922287E+00  7.835526E+00    3.686723E-16  1.473845E-14    5.739394E-03 -2.164629E-02
  3.60000000E+03  0.00000000E+00  3.00000000E+01   -8.920804E+00  7.835020E+00   -1.492483E-15 -2.120407E-14    4.312652E-03 -2.092671E-02
  3.70000000E+03  0.00000000E+00  3.00000000E+01   -8.919292E+00  7.834326E+00    2.032643E-15 -6.840607E-14    3.047620E-03 -2.022488E-02
  3.80000000E+03  0.00000000E+00  3.00000000E+01   -8.917763E+00  7.833468E+00    8.326267E-15 -5.673207E-15    1.940731E-03 -1.955324E-02
  3.90000000E+03  0.00000000E+00  3.00000000E+01   -8.916223E+00  7.832446E+00    3.064216E-15 -2.015459E-14    9.647552E-04 -1.891759E-02
  4.00000000E+03  0.00000000E+00  3.00000000E+01   -8.914679E+00  7.831281E+00   -2.269201E-15  1.786559E-14    1.152613E-04 -1.832771E-02
  4.10000000E+03  0.00000000E+00  3.00000000E+01   -8.913133E+00  7.829971E+00    8.403725E-16  5.492629E-17   -6.306951E-04 -1.778488E-02
  4.20000000E+03  0.00000000E+00  3.00000000E+01   -8.911589E+00  7.828536E+00    4.806764E-16 -4.248327E-14   -1.277733E-03 -1.729676E-02
  4.30000000E+03  0.00000000E+00  3.00000000E+01   -8.910048E+00  7.826973E+00   -6.141280E-15  5.421217E-14   -1.844767E-03 -1.686153E-02
  4.40000000E+03  0.00000000E+00  3.00000000E+01   -8.908508E+00  7.825300E+00   -1.568171E-15  4.889753E-14   -2.336292E-03 -1.648516E-02
  4.50000000E+03  0.00000000E+00  3.00000000E+01   -8.906970E+00  7.823514E+00    5.684874E-15 -3.342353E-14   -2.767457E-03 -1.616388E-02
  4.60000000E+03  0.00000000E+00  3.00000000E+01   -8.905431E+00  7.821629E+00    3.994942E-16 -1.010679E-14   -3.142338E-03 -1.590243E-02
  4.70000000E+03  0.00000000E+00  3.00000000E+01   -8.903889E+00  7.819641E+00   -9.495425E-15  3.919846E-14   -3.472845E-03 -1.569594E-02
  4.80000000E+03  0.00000000E+00  3.00000000E+01   -8.902340E+00  7.817562E+00    1.135356E-14 -5.530824E-15   -3.762562E-03 -1.554829E-02
  4.90000000E+03  0.00000000E+00  3.00000000E+01   -8.900782E+00  7.815388E+00   -5.924306E-15  4.070132E-14   -4.020580E-03 -1.545411E-02
  5.00000000E+03  0.00000000E+00  3.00000000E+01   -8.899211E+00  7.813128E+00    1.542107E-16 -5.555040E-14   -4.249907E-03 -1.541677E-02
  5.10000000E+03  0.00000000E+00  3.00000000E+01   -8.897621E+00  7.810779E+00   -8.436683E-15 -1.160044E-14   -4.457330E-03 -1.543084E-02
  5.20000000E+03  0.00000000E+00  3.00000000E+01   -8.896011E+00  7.808347E+00   -5.208550E-15  1.362133E-14   -4.645299E-03 -1.549947E-02
  5.30000000E+03  0.00000000E+00  3.00000000E+01   -8.894373E+00  7.805827E+00   -6.703200E-15  1.984133E-15   -4.818693E-03 -1.561742E-02
  5.40000000E+03  0.00000000E+00  3.00000000E+01   -8.892705E+00  7.803226E+00   -3.129387E-15  1.735069E-14   -4.979389E-03 -1.578781E-02
  5.50000000E+03  0.00000000E+00  3.00000000E+01   -8.890999E+00  7.800537E+00   -4.916562E-15  4.788174E-14   -5.130764E-03 -1.600582E-02
  5.60000000E+03  0.00000000E+00  3.00000000E+01   -8.889253E+00  7.797767E+00   -5.222531E-15 -4.791664E-14   -5.274158E-03 -1.627477E-02
  5.70000000E+03  0.00000000E+00  3.00000000E+01   -8.887458E+00  7.794907E+00   -4.093474E-15 -4.006542E-14   -5.411742E-03 -1.659029E-02
  5.80000000E+03  0.00000000E+00  3.00000000E+01   -8.885613E+00  7.791964E+00    6.702612E-16 -4.514537E-14   -5.544312E-03 -1.695601E-02
  5.90000000E+03  0.00000000E+00  3.00000000E+01   -8.883708E+00  7.788928E+00   -4.218341E-15 -1.124891E-14   -5.673110E-03 -1.736809E-02
  6.00000000E+03  0.00000000E+00  3.00000000E+01   -8.881742E+00  7.785805E+00   -7.787180E-15  5.394865E-14   -5.798390E-03 -1.783068E-02
  6.10000000E+03  0.00000000E+00  3.00000000E+01   -8.879703E+00  7.782586E+00   -4.449032E-15  3.585590E-14   -5.920654E-03 -1.834038E-02
  6.20000000E+03  0.00000000E+00  3.00000000E+01   -8.877591E+00  7.779275E+00    4.500527E-15 -4.509451E-15   -6.039581E-03 -1.890193E-02
  6.30000000E+03  0.00000000E+00  3.00000000E+01   -8.875394E+00  7.775864E+00   -1.096055E-14 -5.603584E-14   -6.155090E-03 -1.951237E-02
  6.40000000E+03  0.00000000E+00  3.00000000E+01   -8.873110E+00  7.772356E+00   -7.049168E-15  3.695299E-14   -6.266224E-03 -2.017722E-02
  6.50000000E+03  0.00000000E+00  3.00000000E+01   -8.870726E+00  7.768742E+00    3.272126E-15  2.050428E-14   -6.372431E-03 -2.089384E-02
  6.60000000E+03  0.00000000E+00  3.00000000E+01   -8.868243E+00  7.765026E+00   -1.301156E-14  7.526401E-14   -6.472021E-03 -2.166852E-02
  6.70000000E+03  0.00000000E+00  3.00000000E+01   -8.865644E+00  7.761198E+00   -1.203046E-14  1.200476E-13   -6.564039E-03 -2.249893E-02
  6.80000000E+03  0.00000000E+00  3.00000000E+01   -8.862930E+00  7.757263E+00    1.268540E-15  6.039072E-14   -6.645917E-03 -2.339236E-02
  6.90000000E+03  0.00000000E+00  3.00000000E+01   -8.860083E+00  7.753209E+00    1.603850E-15 -2.517823E-14   -6.716342E-03 -2.434658E-02
  7.00000000E+03  0.00000000E+00  3.00000000E+01   -8.857105E+00  7.749043E+00    1.901202E-15 -2.633202E-15   -6.771705E-03 -2.536982E-02
  7.10000000E+03  0.00000000E+00  3.00000000E+01   -8.853974E+00  7.744751E+00    9.172696E-15  7.118452E-15   -6.810335E-03 -2.645998E-02
  7.20000000E+03  0.00000000E+00  3.00000000E+01   -8.850694E+00  7.740341E+00   -2.446294E-15 -6.519403E-15   -6.827323E-03 -2.762642E-02
  7.30000000E+03  0.00000000E+00  3.00000000E+01   -8.847240E+00  7.735800E+00   -1.305478E-14  1.044283E-13   -6.820663E-03 -2.886693E-02
  7.40000000E+03  0.00000000E+00  3.00000000E+01   -8.843616E+00  7.731136E+00   -4.996657E-15 -2.518690E-14   -6.783876E-03 -3.019189E-02
  7.50000000E+03  0.00000000E+00  3.00000000E+01   -8.839795E+00  7.726334E+00   -3.383461E-15 -1.546725E-14   -6.714589E-03 -3.159897E-02
  7.60000000E+03  0.00000000E+00  3.00000000E+01   -8.835781E+00  7.721403E+00   -1.319606E-15 -5.307147E-14   -6.604355E-03 -3.309978E-02
  7.70000000E+03  0.00000000E+00  3.00000000E+01   -8.831544E+00  7.716329E+00   -9.854839E-15 -2.210805E-14   -6.450439E-03 -3.469156E-02
  7.80000000E+03  0.00000000E+00  3.00000000E+01   -8.827088E+00  7.711122E+00   -2.944751E-15  1.650084E-14   -6.242081E-03 -3.638689E-02
  7.90000000E+03  0.00000000E+00  3.00000000E+01   -8.822380E+00  7.705767E+00   -6.996583E-15  1.601102E-15   -5.976118E-03 -3.818263E-02
  8.00000000E+03  0.00000000E+00  3.00000000E+01   -8.817424E+00  7.700274E+00   -5.312686E-15 -1.056688E-14   -5.638884E-03 -4.009248E-02
  8.10000000E+03  0.00000000E+00  3.00000000E+01   -8.812184E+00  7.694629E+00   -4.849995E-15  3.521902E-14   -5.226857E-03 -4.211251E-02
  8.20000000E+03  0.00000000E+00  3.00000000E+01   -8.806664E+00  7.688842E+00   -3.031932E-15  4.851093E-14   -4.722996E-03 -4.425716E-02
  8.30000000E+03  0.00000000E+00  3.00000000E+01   -8.800823E+00  7.682900E+00   -3.434623E-15  7.045734E-14   -4.123337E-03 -4.652171E-02
  8.40000000E+03  0.00000000E+00  3.00000000E+01   -8.794668E+00  7.676812E+00    1.646845E-15 -2.687270E-14   -3.406688E-03 -4.892139E-02
  8.50000000E+03  0.00000000E+00  3.00000000E+01   -8.788150E+00  7.670564E+00    1.593623E-15  2.447705E-15   -2.568768E-03 -5.145027E-02
  8.60000000E+03  0.00000000E+00  3.00000000E+01   -8.781277E+00  7.664168E+00   -8.493950E-16  2.356026E-16   -1.583670E-03 -5.412366E-02
  8.70000000E+03  0.00000000E+00  3.00000000E+01   -8.773996E+00  7.657608E+00   -3.295584E-16  7.030569E-16   -4.466865E-04 -5.693451E-02
  8.80000000E+03  0.00000000E+00  3.00000000E+01   -8.766314E+00  7.650896E+00    7.628994E-15 -3.251200E-14    8.738358E-04 -5.989819E-02
  8.90000000E+03  0.00000000E+00  3.00000000E+01   -8.758171E+00  7.644016E+00    2.958949E-15 -3.053157E-14    2.382768E-03 -6.300590E-02
  9.00000000E+03  0.00000000E+00  3.00000000E+01   -8.749575E+00  7.636977E+00   -6.843276E-15  1.042617E-13    4.118235E-03 -6.627219E-02
  9.10000000E+03  0.00000000E+00  3.00000000E+01   -8.740457E+00  7.629764E+00    5.395421E-16  2.483973E-15    6.085363E-03 -6.968667E-02
  9.20000000E+03  0.00000000E+00  3.00000000E+01   -8.730825E+00  7.622383E+00   -7.319953E-16  2.272413E-14    8.330110E-03 -7.326284E-02
  9.30000000E+03  0.00000000E+00  3.00000000E+01   -8.720598E+00  7.614816E+00    2.613529E-14 -1.235825E-14    1.085752E-02 -7.698818E-02
  9.40000000E+03  0.00000000E+00  3.00000000E+01   -8.709784E+00  7.607068E+00    6.239631E-15 -5.624456E-14    1.372207E-02 -8.087384E-02
  9.50000000E+03  0.00000000E+00  3.00000000E+01   -8.698287E+00  7.599113E+00    1.023221E-14  8.330585E-14    1.692870E-02 -8.490535E-02
  9.60000000E+03  0.00000000E+00  3.00000000E+01   -8.686112E+00  7.590955E+00    5.966865E-15  6.083605E-15    2.054154E-02 -8.909074E-02
  9.70000000E+03  0.00000000E+00  3.00000000E+01   -8.673142E+00  7.582556E+00    6.743967E-15  3.167079E-14    2.456304E-02 -9.341188E-02
  9.80000000E+03  0.00000000E+00  3.00000000E+01   -8.659379E+00  7.573916E+00    2.170247E-15  1.759374E-14    2.906183E-02 -9.786847E-02
  9.90000000E+03  0.00000000E+00  3.00000000E+01   -8.644684E+00  7.564987E+00   -1.757637E-16  8.911247E-14    3.402290E-02 -1.024300E-01
  1.00000000E+04  0.00000000E+00  3.00000000E+01   -8.629079E+00  7.555786E+00    8.260919E-15 -4.499564E-14    3.945631E-02 -1.070493E-01
  1.05000000E+04  0.00000000E+00  3.00000000E+01   -8.531949E+00  7.503069E+00    5.975985E-15 -6.186901E-14    7.850986E-02 -1.322875E-01
