 -1.05000000E+04  0.00000000E+00  3.00000000E+01    4.285638E-15  1.762011E-15    3.985506E-03 -3.076126E-03
 -1.00000000E+04  0.00000000E+00  3.00000000E+01   -1.313423E-15  3.502091E-15    3.013286E-03 -2.723524E-03
 -9.90000000E+03  0.00000000E+00  3.00000000E+01   -1.915707E-15  1.377936E-14    2.856458E-03 -2.652666E-03
 -9.80000000E+03  0.00000000E+00  3.00000000E+01    1.032394E-15  5.768500E-15    2.705203E-03 -2.582332E-03
 -9.70000000E+03  0.00000000E+00  3.00000000E+01    5.751870E-15  2.639697E-15    2.561294E-03 -2.512652E-03
 -9.60000000E+03  0.00000000E+00  3.00000000E+01    2.170983E-15  2.249766E-15    2.425690E-03 -2.443845E-03
 -9.50000000E+03  0.00000000E+00  3.00000000E+01    3.115336E-15  4.088524E-15    2.297610E-03 -2.376002E-03
 -9.40000000E+03  0.00000000E+00  3.00000000E+01   -3.489805E-15  7.808171E-15    2.177303E-03 -2.309326E-03
 -9.30000000E+03  0.00000000E+00  3.00000000E+01   -2.302950E-15  8.960882E-15    2.063794E-03 -2.243837E-03
 -9.20000000E+03  0.00000000E+00  3.00000000E+01   -4.620304E-15  4.498740E-16    1.957205E-03 -2.179710E-03
 -9.10000000E+03  0.00000000E+00  3.00000000E+01   -4.214424E-15 -2.023376E-16    1.856632E-03 -2.116912E-03
 -9.00000000E+03  0.00000000E+00  3.00000000E+01   -2.336421E-15 -5.417278E-15    1.762174E-03 -2.055601E-03
 -8.90000000E+03  0.00000000E+00  3.00000000E+01   -6.966729E-15 -6.981355E-16    1.673014E-03 -1.995703E-03
 -8.80000000E+03  0.00000000E+00  3.00000000E+01   -9.739359E-15  8.515979E-15    1.589228E-03 -1.937352E-03
 -8.70000000E+03  0.00000000E+00  3.00000000E+01   -6.396995E-15  2.980558E-15    1.510103E-03 -1.880453E-03
 -8.60000000E+03  0.00000000E+00  3.00000000E+01   -3.267255E-15  1.651213E-15    1.435707E-03 -1.825125E-03
 -8.50000000E+03  0.00000000E+00  3.00000000E+01   -1.434263E-15 -2.813961E-15    1.365408E-03 -1.771251E-03
 -8.40000000E+03  0.00000000E+00  3.00000000E+01   -5.950538E-15  1.557181E-15    1.299260E-03 -1.718936E-03
 -8.30000000E+03  0.00000000E+00  3.00000000E+01   -4.523352E-15 -2.247098E-15    1.236712E-03 -1.668054E-03
 -8.20000000E+03  0.00000000E+00  3.00000000E+01   -3.519560E-15  4.305940E-15    1.177819E-03 -1.618700E-03
 -8.10000000E+03  0.00000000E+00  3.00000000E+01   -2.396722E-15 -3.994007E-16    1.122089E-03 -1.570739E-03
 -8.00000000E+03  0.00000000E+00  3.00000000E+01   -2.309528E-15  1.183102E-15    1.069568E-03 -1.524253E-03
 -7.90000000E+03  0.00000000E+00  3.00000000E+01   -2.479782E-16 -2.815805E-15    1.019828E-03 -1.479107E-03
 -7.80000000E+03  0.00000000E+00  3.00000000E+01   -3.675818E-15 -3.591157E-17    9.729135E-04 -1.435377E-03
 -7.70000000E+03  0.00000000E+00  3.00000000E+01   -4.209177E-15  5.237052E-15    9.284457E-04 -1.392927E-03
 -7.60000000E+03  0.00000000E+00  3.00000000E+01   -2.774913E-16  2.919474E-16    8.864597E-04 -1.351821E-03
 -7.50000000E+03  0.00000000E+00  3.00000000E+01   -3.274709E-15  4.765660E-15    8.466273E-04 -1.311928E-03
 -7.40000000E+03  0.00000000E+00  3.00000000E+01   -3.335995E-15 -1.081655E-15    8.089837E-04 -1.273309E-03
 -7.30000000E+03  0.00000000E+00  3.00000000E+01   -9.738998E-16  1.231015E-15    7.732363E-04 -1.235833E-03
 -7.20000000E+03  0.00000000E+00  3.00000000E+01   -1.906580E-15  1.709387E-15    7.394147E-04 -1.199553E-03
 -7.10000000E+03  0.00000000E+00  3.00000000E+01    2.447566E-16 -7.058278E-16    7.072647E-04 -1.164347E-03
 -7.00000000E+03  0.00000000E+00  3.00000000E+01   -5.147923E-16 -1.744484E-16    6.768154E-04 -1.130262E-03
 -6.90000000E+03  0.00000000E+00  3.00000000E+01   -1.092435E-15  4.147166E-16    6.478414E-04 -1.097180E-03
 -6.80000000E+03  0.00000000E+00  3.00000000E+01   -2.588467E-16 -2.816450E-15    6.203667E-04 -1.065144E-03
 -6.70000000E+03  0.00000000E+00  3.00000000E+01   -1.895012E-15 -2.558661E-15    5.941952E-04 -1.034042E-03
 -6.60000000E+03  0.00000000E+00  3.00000000E+01    1.810353E-16  4.997223E-17    5.693516E-04 -1.003915E-03
 -6.50000000E+03  0.00000000E+00  3.00000000E+01    4.287301E-15 -4.851825E-15    5.456607E-04 -9.746558E-04
 -6.40000000E+03  0.00000000E+00  3.00000000E+01    5.595929E-15  2.577283E-15    5.231434E-04 -9.463000E-04
 -6.30000000E+03  0.00000000E+00  3.00000000E+01    5.511902E-15 -1.714202E-16    5.016476E-04 -9.187492E-04
 -6.20000000E+03  0.00000000E+00  3.00000000E+01    5.700601E-15 -4.393676E-15    4.811944E-04 -8.920366E-04
 -6.10000000E+03  0.00000000E+00  3.00000000E+01    4.529967E-15 -4.379617E-15    4.616479E-04 -8.660690E-04
 -6.00000000E+03  0.00000000E+00  3.00000000E+01    4.132024E-15 -9.173229E-15    4.430258E-04 -8.408750E-04
 -5.90000000E+03  0.00000000E+00  3.00000000E+01    3.261169E-15 -2.840210E-15    4.252098E-04 -8.163694E-04
 -5.80000000E+03  0.00000000E+00  3.00000000E+01    8.761048E-16 -8.882616E-16    4.082182E-04 -7.925798E-04
 -5.70000000E+03  0.00000000E+00  3.00000000E+01    2.864965E-15 -6.476719E-15    3.919445E-04 -7.694255E-04
 -5.60000000E+03  0.00000000E+00  3.00000000E+01    8.811834E-16 -5.170948E-15    3.764043E-04 -7.469305E-04
 -5.50000000E+03  0.00000000E+00  3.00000000E+01    7.127038E-16  2.258947E-16    3.615051E-04 -7.250215E-04
 -5.40000000E+03  0.00000000E+00  3.00000000E+01   -2.801261E-15  2.621778E-16    3.472623E-04 -7.037214E-04
 -5.30000000E+03  0.00000000E+00  3.00000000E+01   -3.243085E-15 -2.606231E-15    3.335927E-04 -6.829615E-04
 -5.20000000E+03  0.00000000E+00  3.00000000E+01   -2.050696E-15 -2.785615E-16    3.205093E-04 -6.627613E-04
 -5.10000000E+03  0.00000000E+00  3.00000000E+01   -1.618537E-15 -4.025724E-15    3.079393E-04 -6.430586E-04
 -5.00000000E+03  0.00000000E+00  3.00000000E+01   -1.784109E-15 -2.911500E-15    2.958963E-04 -6.238728E-04
 -4.90000000E+03  0.00000000E+00  3.00000000E+01   -4.026743E-15  1.035018E-15    2.843139E-04 -6.051451E-04
 -4.80000000E+03  0.00000000E+00  3.00000000E+01   -5.375921E-15  9.886236E-16    2.732039E-04 -5.868921E-04
 -4.70000000E+03  0.00000000E+00  3.00000000E+01   -5.576206E-15 -1.410897E-15    2.625080E-04 -5.690608E-04
 -4.60000000E+03  0.00000000E+00  3.00000000E+01   -1.886933E-15  4.058286E-15    2.522380E-04 -5.516675E-04
 -4.50000000E+03  0.00000000E+00  3.00000000E+01   -1.607385E-15 -2.856445E-15    2.423407E-04 -5.346624E-04
 -4.40000000E+03  0.00000000E+00  3.00000000E+01    3.555527E-16  1.112868E-16    2.328261E-04 -5.180593E-04
 -4.30000000E+03  0.00000000E+00  3.00000000E+01    1.440058E-15 -2.653115E-15    2.236476E-04 -5.018133E-04
 -4.20000000E+03  0.00000000E+00  3.00000000E+01   -5.253530E-16 -1.738610E-16    2.148152E-04 -4.859383E-04
 -4.10000000E+03  0.00000000E+00  3.00000000E+01   -3.048050E-15  5.242918E-15    2.062859E-04 -4.703916E-04
 -4.00000000E+03  0.00000000E+00  3.00000000E+01   -2.958836E-15  2.546194E-15    1.980682E-04 -4.551851E-04
 -3.90000000E+03  0.00000000E+00  3.00000000E+01    1.489561E-15  7.481908E-15    1.901243E-04 -4.402805E-04
 -3.80000000E+03  0.00000000E+00  3.00000000E+01    1.590300E-15  5.090739E-16    1.824625E-04 -4.256893E-04
 -3.70000000E+03  0.00000000E+00  3.00000000E+01    1.917405E-15 -1.719986E-15    1.750481E-04 -4.113756E-04
 -3.60000000E+03  0.00000000E+00  3.00000000E+01    9.829743E-16  4.208807E-15    1.678879E-04 -3.973489E-04
 -3.50000000E+03  0.00000000E+00  3.00000000E+01    7.945629E-16  2.979323E-15    1.609512E-04 -3.835767E-04
 -3.40000000E+03  0.00000000E+00  3.00000000E+01    1.866376E-15 -9.581863E-16    1.542450E-04 -3.700688E-04
 -3.30000000E+03  0.00000000E+00  3.00000000E+01   -2.154310E-15  1.251236E-15    1.477405E-04 -3.567943E-04
 -3.20000000E+03  0.00000000E+00  3.00000000E+01   -6.478522E-15  8.036412E-15    1.414434E-04 -3.437610E-04
 -3.10000000E+03  0.00000000E+00  3.00000000E+01   -6.843937E-15  6.751600E-15    1.353285E-04 -3.309413E-04
 -3.00000000E+03  0.00000000E+00  3.00000000E+01   -3.971262E-15 -4.005040E-15    1.294012E-04 -3.183429E-04
 -2.90000000E+03  0.00000000E+00  3.00000000E+01   -2.597583E-15  3.833620E-15    1.236382E-04 -3.059398E-04
 -2.80000000E+03  0.00000000E+00  3.00000000E+01   -4.588460E-15  3.971388E-15    1.180436E-04 -2.937377E-04
 -2.70000000E+03  0.00000000E+00  3.00000000E+01   -3.945774E-15  3.789429E-15    1.125967E-04 -2.817135E-04
 -2.60000000E+03  0.00000000E+00  3.00000000E+01   -5.825178E-15  3.573050E-15    1.073018E-04 -2.698730E-04
 -2.50000000E+03  0.00000000E+00  3.00000000E+01   -5.044879E-15  1.628669E-14    1.021395E-04 -2.581939E-04
 -2.40000000E+03  0.00000000E+00  3.00000000E+01   -9.025570E-15  5.661713E-15    9.711277E-05 -2.466806E-04
 -2.30000000E+03  0.00000000E+00  3.00000000E+01   -8.117259E-15  2.839996E-15    9.220470E-05 -2.353133E-04
 -2.20000000E+03  0.00000000E+00  3.00000000E+01   -9.579534E-15  3.149006E-15    8.741817E-05 -2.240963E-04
 -2.10000000E+03  0.00000000E+00  3.00000000E+01   -9.151433E-15  4.843624E-15    8.273731E-05 -2.130107E-04
 -2.00000000E+03  0.00000000E+00  3.00000000E+01   -4.524272E-15 -1.066513E-15    7.816390E-05 -2.020591E-04
 -1.90000000E+03  0.00000000E+00  3.00000000E+01   -7.612883E-15  6.663325E-16    7.368396E-05 -1.912249E-04
 -1.80000000E+03  0.00000000E+00  3.00000000E+01   -4.083328E-15 -3.650151E-15    6.929934E-05 -1.805107E-04
 -1.70000000E+03  0.00000000E+00  3.00000000E+01   -1.877407E-15 -2.145062E-16    6.499687E-05 -1.699005E-04
 -1.60000000E+03  0.00000000E+00  3.00000000E+01    1.551592E-15 -3.006323E-15    6.077729E-05 -1.593956E-04
 -1.50000000E+03  0.00000000E+00  3.00000000E+01    7.136081E-15 -7.052014E-15    5.662918E-05 -1.489818E-04
 -1.40000000E+03  0.00000000E+00  3.00000000E+01    5.182292E-16 -6.454241E-15    5.255315E-05 -1.386603E-04
 -1.30000000E+03  0.00000000E+00  3.00000000E+01    4.968104E-15 -6.970569E-15    4.853847E-05 -1.284176E-04
 -1.20000000E+03  0.00000000E+00  3.00000000E+01    3.920813E-15 -6.139281E-15    4.458473E-05 -1.182533E-04
 -1.10000000E+03  0.00000000E+00  3.00000000E+01    2.849413E-15 -2.199306E-15    4.068274E-05 -1.081560E-04
 -1.00000000E+03  0.00000000E+00  3.00000000E+01    5.080493E-15 -1.871408E-15    3.683202E-05 -9.812502E-05
 -9.00000000E+02  0.00000000E+00  3.00000000E+01    3.832646E-15 -3.440959E-15    3.302377E-05 -8.814925E-05
 -8.00000000E+02  0.00000000E+00  3.00000000E+01    8.071630E-16 -1.298462E-15    2.925653E-05 -7.822680E-05
 -7.00000000E+02  0.00000000E+00  3.00000000E+01    2.231187E-15  3.279415E-16    2.552291E-05 -6.834821E-05
 -6.00000000E+02  0.00000000E+00  3.00000000E+01    2.407787E-15  3.848038E-16    2.182117E-05 -5.851132E-05
 -5.00000000E+02  0.00000000E+00  3.00000000E+01    5.093005E-15 -6.989355E-16    1.814447E-05 -4.870721E-05
 -4.00000000E+02  0.00000000E+00  3.00000000E+01    2.281813E-15 -4.346035E-16    1.449003E-05 -3.893219E-05
 -3.00000000E+02  0.00000000E+00  3.00000000E+01    3.618186E-15 -1.562777E-15    1.085212E-05 -2.917889E-05
 -2.00000000E+02  0.00000000E+00  3.00000000E+01    2.344682E-15 -2.501050E-17    7.227859E-06 -1.944355E-05
 -1.00000000E+02  0.00000000E+00  3.00000000E+01   -1.160638E-15  6.636878E-15    3.611809E-06 -9.719006E-06
  0.00000000E+00  0.00000000E+00  3.00000000E+01    4.008440E-15  2.067919E-15    1.811594E-15 -2.085144E-16
  1.00000000E+02  0.00000000E+00  3.00000000E+01    4.408550E-16  2.867928E-15   -3.611809E-06  9.719006E-06
  2.00000000E+02  0.00000000E+00  3.00000000E+01    3.882408E-15  1.248435E-15   -7.227859E-06  1.944355E-05
  3.00000000E+02  0.00000000E+00  3.00000000E+01    4.121924E-15  1.715009E-15   -1.085212E-05  2.917889E-05
  4.00000000E+02  0.00000000E+00  3.00000000E+01    4.715212E-15 -3.157081E-15   -1.449003E-05  3.893219E-05
  5.00000000E+02  0.00000000E+00  3.00000000E+01    3.819630E-15  8.388432E-16   -1.814447E-05  4.870721E-05
  6.00000000E+02  0.00000000E+00  3.00000000E+01    2.156073E-15 -1.254058E-15   -2.182117E-05  5.851132E-05
  7.00000000E+02  0.00000000E+00  3.00000000E+01    7.715808E-15 -7.644684E-15   -2.552291E-05  6.834821E-05
  8.00000000E+02  0.00000000E+00  3.00000000E+01    5.710243E-15  2.225599E-15   -2.925653E-05  7.822680E-05
  9.00000000E+02  0.00000000E+00  3.00000000E+01    1.090568E-14 -1.090219E-14   -3.302377E-05  8.814925E-05
  1.00000000E+03  0.00000000E+00  3.00000000E+01    2.105648E-15 -4.907196E-16   -3.683202E-05  9.812502E-05
  1.10000000E+03  0.00000000E+00  3.00000000E+01   -4.784394E-16 -9.324160E-16   -4.068274E-05  1.081560E-04
  1.20000000E+03  0.00000000E+00  3.00000000E+01    8.318743E-16  1.046387E-15   -4.458473E-05  1.182533E-04
  1.30000000E+03  0.00000000E+00  3.00000000E+01   -1.727524E-15  2.948838E-15   -4.853847E-05  1.284176E-04
  1.40000000E+03  0.00000000E+00  3.00000000E+01    1.877704E-15  2.142706E-16   -5.255315E-05  1.386603E-04
  1.50000000E+03  0.00000000E+00  3.00000000E+01    8.952727E-16 -3.996114E-15   -5.662918E-05  1.489818E-04
  1.60000000E+03  0.00000000E+00  3.00000000E+01    1.776853E-15  1.739197E-15   -6.077729E-05  1.593956E-04
  1.70000000E+03  0.00000000E+00  3.00000000E+01   -8.817488E-16 -2.832888E-16   -6.499687E-05  1.699005E-04
  1.80000000E+03  0.00000000E+00  3.00000000E+01   -2.317711E-15  2.370549E-15   -6.929934E-05  1.805107E-04
  1.90000000E+03  0.00000000E+00  3.00000000E+01   -3.869618E-15  5.375586E-15   -7.368396E-05  1.912249E-04
  2.00000000E+03  0.00000000E+00  3.00000000E+01   -1.599880E-15 -1.682825E-15   -7.816390E-05  2.020591E-04
  2.10000000E+03  0.00000000E+00  3.00000000E+01   -2.264637E-16  7.059219E-16   -8.273731E-05  2.130107E-04
  2.20000000E+03  0.00000000E+00  3.00000000E+01   -1.380939E-16 -1.992024E-15   -8.741817E-05  2.240963E-04
  2.30000000E+03  0.00000000E+00  3.00000000E+01   -3.364189E-15 -2.250637E-15   -9.220470E-05  2.353133E-04
  2.40000000E+03  0.00000000E+00  3.00000000E+01   -3.906911E-15  1.858109E-15   -9.711277E-05  2.466806E-04
  2.50000000E+03  0.00000000E+00  3.00000000E+01   -7.310462E-15  1.543344E-15   -1.021395E-04  2.581939E-04
  2.60000000E+03  0.00000000E+00  3.00000000E+01   -3.704682E-15 -1.190194E-15   -1.073018E-04  2.698730E-04
  2.70000000E+03  0.00000000E+00  3.00000000E+01   -2.734986E-15  7.299155E-15   -1.125967E-04  2.817135E-04
  2.80000000E+03  0.00000000E+00  3.00000000E+01    3.904691E-16 -1.820273E-15   -1.180436E-04  2.937377E-04
  2.90000000E+03  0.00000000E+00  3.00000000E+01   -3.225569E-15 -2.579509E-16   -1.236382E-04  3.059398E-04
  3.00000000E+03  0.00000000E+00  3.00000000E+01   -4.659555E-16  2.398852E-16   -1.294012E-04  3.183429E-04
  3.10000000E+03  0.00000000E+00  3.00000000E+01   -3.102159E-15  6.010118E-15   -1.353285E-04  3.309413E-04
  3.20000000E+03  0.00000000E+00  3.00000000E+01    4.033414E-16 -6.478884E-16   -1.414434E-04  3.437610E-04
  3.30000000E+03  0.00000000E+00  3.00000000E+01    1.438745E-15 -2.650514E-15   -1.477405E-04  3.567943E-04
  3.40000000E+03  0.00000000E+00  3.00000000E+01   -3.648219E-16  4.166810E-15   -1.542450E-04  3.700688E-04
  3.50000000E+03  0.00000000E+00  3.00000000E+01   -2.746246E-15  6.741301E-16   -1.609512E-04  3.835767E-04
  3.60000000E+03  0.00000000E+00  3.00000000E+01   -2.809830E-15  2.638148E-16   -1.678879E-04  3.973489E-04
  3.70000000E+03  0.00000000E+00  3.00000000E+01   -4.586576E-15  3.974227E-15   -1.750481E-04  4.113756E-04
  3.80000000E+03  0.00000000E+00  3.00000000E+01   -3.516230E-16 -1.129905E-16   -1.824625E-04  4.256893E-04
  3.90000000E+03  0.00000000E+00  3.00000000E+01    8.200312E-16 -1.266687E-16   -1.901243E-04  4.402805E-04
  4.00000000E+03  0.00000000E+00  3.00000000E+01   -1.397682E-15  7.177327E-16   -1.980682E-04  4.551851E-04
  4.10000000E+03  0.00000000E+00  3.00000000E+01   -4.182950E-15  3.324575E-15   -2.062859E-04  4.703916E-04
  4.20000000E+03  0.00000000E+00  3.00000000E+01   -1.118065E-15 -7.483386E-16   -2.148152E-04  4.859383E-04
  4.30000000E+03  0.00000000E+00  3.00000000E+01   -3.185039E-15 -2.193119E-15   -2.236476E-04  5.018133E-04
  4.40000000E+03  0.00000000E+00  3.00000000E+01   -2.256539E-15  2.775235E-15   -2.328261E-04  5.180593E-04
  4.50000000E+03  0.00000000E+00  3.00000000E+01   -2.383844E-15  1.953218E-15   -2.423407E-04  5.346624E-04
  4.60000000E+03  0.00000000E+00  3.00000000E+01   -8.977622E-16 -1.459848E-15   -2.522380E-04  5.516675E-04
  4.70000000E+03  0.00000000E+00  3.00000000E+01   -6.959078E-16  9.419566E-16   -2.625080E-04  5.690608E-04
  4.80000000E+03  0.00000000E+00  3.00000000E+01   -5.748110E-15  5.155396E-15   -2.732039E-04  5.868921E-04
  4.90000000E+03  0.00000000E+00  3.00000000E+01   -4.019788E-15  2.208892E-15   -2.843139E-04  6.051451E-04
  5.00000000E+03  0.00000000E+00  3.00000000E+01   -4.624002E-15  4.609700E-16   -2.958963E-04  6.238728E-04
  5.10000000E+03  0.00000000E+00  3.00000000E+01   -2.870680E-15 -1.367360E-16   -3.079393E-04  6.430586E-04
  5.20000000E+03  0.00000000E+00  3.00000000E+01   -7.015874E-16 -5.669666E-15   -3.205093E-04  6.627613E-04
  5.30000000E+03  0.00000000E+00  3.00000000E+01   -2.863286E-15  1.026350E-15   -3.335927E-04  6.829615E-04
  5.40000000E+03  0.00000000E+00  3.00000000E+01   -1.374633E-15 -2.386036E-15   -3.472623E-04  7.037214E-04
  5.50000000E+03  0.00000000E+00  3.00000000E+01    1.666024E-15 -8.799738E-15   -3.615051E-04  7.250215E-04
  5.60000000E+03  0.00000000E+00  3.00000000E+01    2.469935E-15 -4.650616E-15   -3.764043E-04  7.469305E-04
  5.70000000E+03  0.00000000E+00  3.00000000E+01    3.210223E-15 -6.357720E-15   -3.919445E-04  7.694255E-04
  5.80000000E+03  0.00000000E+00  3.00000000E+01   -5.027093E-15 -4.340882E-15   -4.082182E-04  7.925798E-04
  5.90000000E+03  0.00000000E+00  3.00000000E+01    2.129756E-15  1.855232E-15   -4.252098E-04  8.163694E-04
  6.00000000E+03  0.00000000E+00  3.00000000E+01   -1.088074E-16 -5.087975E-15   -4.430258E-04  8.408750E-04
  6.10000000E+03  0.00000000E+00  3.00000000E+01   -4.205330E-15  9.857954E-16   -4.616479E-04  8.660690E-04
  6.20000000E+03  0.00000000E+00  3.00000000E+01   -3.514616E-15  5.483014E-15   -4.811944E-04  8.920366E-04
  6.30000000E+03  0.00000000E+00  3.00000000E+01   -6.904500E-16  9.521262E-16   -5.016476E-04  9.187492E-04
  6.40000000E+03  0.00000000E+00  3.00000000E+01   -2.408379E-15 -3.818543E-16   -5.231434E-04  9.463000E-04
  6.50000000E+03  0.00000000E+00  3.00000000E+01   -3.706184E-15  4.262130E-15   -5.456607E-04  9.746558E-04
  6.60000000E+03  0.00000000E+00  3.00000000E+01   -2.823495E-16 -5.144119E-15   -5.693516E-04  1.003915E-03
  6.70000000E+03  0.00000000E+00  3.00000000E+01    1.919291E-15 -1.710455E-15   -5.941952E-04  1.034042E-03
  6.80000000E+03  0.00000000E+00  3.00000000E+01   -4.364528E-15  2.097946E-15   -6.203667E-04  1.065144E-03
  6.90000000E+03  0.00000000E+00  3.00000000E+01   -1.869729E-16 -1.224657E-15   -6.478414E-04  1.097180E-03
  7.00000000E+03  0.00000000E+00  3.00000000E+01   -8.547466E-16  2.059522E-15   -6.768154E-04  1.130262E-03
  7.10000000E+03  0.00000000E+00  3.00000000E+01   -8.268988E-15  3.952660E-15   -7.072647E-04  1.164347E-03
  7.20000000E+03  0.00000000E+00  3.00000000E+01   -7.188760E-15  6.639909E-15   -7.394147E-04  1.199553E-03
  7.30000000E+03  0.00000000E+00  3.00000000E+01   -6.470011E-15  8.038043E-15   -7.732363E-04  1.235833E-03
  7.40000000E+03  0.00000000E+00  3.00000000E+01   -5.804564E-15  4.746945E-15   -8.089837E-04  1.273309E-03
  7.50000000E+03  0.00000000E+00  3.00000000E+01   -5.204955E-15  6.489192E-15   -8.466273E-04  1.311928E-03
  7.60000000E+03  0.00000000E+00  3.00000000E+01   -2.860826E-15  1.002496E-15   -8.864597E-04  1.351821E-03
  7.70000000E+03  0.00000000E+00  3.00000000E+01   -3.821735E-15  3.437394E-15   -9.284457E-04  1.392927E-03
  7.80000000E+03  0.00000000E+00  3.00000000E+01   -2.177458E-15 -1.087722E-15   -9.729135E-04  1.435377E-03
  7.90000000E+03  0.00000000E+00  3.00000000E+01   -6.005342E-15  2.343178E-15   -1.019828E-03  1.479107E-03
  8.00000000E+03  0.00000000E+00  3.00000000E+01    4.418964E-16 -2.582298E-15   -1.069568E-03  1.524253E-03
  8.10000000E+03  0.00000000E+00  3.00000000E+01   -5.364675E-15  2.160795E-15   -1.122089E-03  1.570739E-03
  8.20000000E+03  0.00000000E+00  3.00000000E+01   -6.100176E-16 -1.756520E-15   -1.177819E-03  1.618700E-03
  8.30000000E+03  0.00000000E+00  3.00000000E+01   -5.482344E-15  9.101716E-15   -1.236712E-03  1.668054E-03
  8.40000000E+03  0.00000000E+00  3.00000000E+01   -6.244469E-16  2.520271E-15   -1.299260E-03  1.718936E-03
  8.50000000E+03  0.00000000E+00  3.00000000E+01   -2.043817E-15  8.896134E-16   -1.365408E-03  1.771251E-03
  8.60000000E+03  0.00000000E+00  3.00000000E+01   -2.689754E-15  2.226725E-15   -1.435707E-03  1.825125E-03
  8.70000000E+03  0.00000000E+00  3.00000000E+01   -1.135552E-15  4.667867E-15   -1.510103E-03  1.880453E-03
  8.80000000E+03  0.00000000E+00  3.00000000E+01   -1.130859E-15 -7.568786E-16   -1.589228E-03  1.937352E-03
  8.90000000E+03  0.00000000E+00  3.00000000E+01    5.666562E-15  1.027001E-15   -1.673014E-03  1.995703E-03
  9.00000000E+03  0.00000000E+00  3.00000000E+01    5.524553E-15 -9.466191E-16   -1.762174E-03  2.055601E-03
  9.10000000E+03  0.00000000E+00  3.00000000E+01    2.210108E-15  6.919299E-15   -1.856632E-03  2.116912E-03
  9.20000000E+03  0.00000000E+00  3.00000000E+01    1.552893E-16  2.117284E-17   -1.957205E-03  2.179710E-03
  9.30000000E+03  0.00000000E+00  3.00000000E+01   -3.923261E-15  6.074625E-15   -2.063794E-03  2.243837E-03
  9.40000000E+03  0.00000000E+00  3.00000000E+01   -4.350001E-16 -5.511564E-16   -2.177303E-03  2.309326E-03
  9.50000000E+03  0.00000000E+00  3.00000000E+01   -1.918504E-15  2.853883E-15   -2.297610E-03  2.376002E-03
  9.60000000E+03  0.00000000E+00  3.00000000E+01    9.058930E-17  5.063541E-15   -2.425690E-03  2.443845E-03
  9.70000000E+03  0.00000000E+00  3.00000000E+01    4.599153E-15 -4.721490E-16   -2.561294E-03  2.512652E-03
  9.80000000E+03  0.00000000E+00  3.00000000E+01    1.750735E-15  5.385177E-16   -2.705203E-03  2.582332E-03
  9.90000000E+03  0.00000000E+00  3.00000000E+01    3.703392E-15 -7.840592E-16   -2.856458E-03  2.652666E-03
  1.00000000E+04  0.00000000E+00  3.00000000E+01    1.786484E-15 -2.552989E-15   -3.013286E-03  2.723524E-03
  1.05000000E+04  0.00000000E+00  3.00000000E+01    1.114176E-15 -4.038591E-16   -3.985506E-03  3.076126E-03
 
