 -1.05000000E+04  0.00000000E+00  3.00000000E+01    3.256293E-04  1.212712E-03   -5.229327E-19 -8.203135E-19    5.028254E-06  3.831595E-06
 -1.00000000E+04  0.00000000E+00  3.00000000E+01    3.267348E-04  1.216175E-03   -6.001143E-18 -7.906104E-18    4.296828E-06  2.774814E-06
 -9.90000000E+03  0.00000000E+00  3.00000000E+01    3.269511E-04  1.216805E-03   -7.740708E-18 -1.821534E-18    4.161698E-06  2.608460E-06
 -9.80000000E+03  0.00000000E+00  3.00000000E+01    3.271666E-04  1.217415E-03   -1.100832E-17 -1.997968E-17    4.028821E-06  2.448501E-06
 -9.70000000E+03  0.00000000E+00  3.00000000E+01    3.273799E-04  1.218005E-03   -1.978051E-17 -1.303346E-17    3.898938E-06  2.297076E-06
 -9.60000000E+03  0.00000000E+00  3.00000000E+01    3.275910E-04  1.218577E-03   -9.822685E-18 -1.373198E-17    3.772646E-06  2.155307E-06
 -9.50000000E+03  0.00000000E+00  3.00000000E+01    3.277995E-04  1.219130E-03   -1.703005E-19 -4.605524E-18    3.649810E-06  2.022232E-06
 -9.40000000E+03  0.00000000E+00  3.00000000E+01    3.280055E-04  1.219666E-03   -1.994428E-18 -1.367949E-17    3.530775E-06  1.898112E-06
 -9.30000000E+03  0.00000000E+00  3.00000000E+01    3.282088E-04  1.220186E-03   -2.851192E-18 -1.432168E-17    3.415254E-06  1.781765E-06
 -9.20000000E+03  0.00000000E+00  3.00000000E+01    3.284095E-04  1.220690E-03    5.794824E-18 -1.075057E-17    3.303514E-06  1.673303E-06
 -9.10000000E+03  0.00000000E+00  3.00000000E+01    3.286074E-04  1.221178E-03   -5.149343E-18 -8.410593E-18    3.195231E-06  1.571646E-06
 -9.00000000E+03  0.00000000E+00  3.00000000E+01    3.288027E-04  1.221652E-03    7.938317E-19 -4.867472E-18    3.090637E-06  1.476877E-06
 -8.90000000E+03  0.00000000E+00  3.00000000E+01    3.289950E-04  1.222112E-03   -5.498114E-18 -1.097791E-17    2.989385E-06  1.388034E-06
 -8.80000000E+03  0.00000000E+00  3.00000000E+01    3.291847E-04  1.222558E-03   -1.203949E-17 -1.741671E-17    2.891675E-06  1.305176E-06
 -8.70000000E+03  0.00000000E+00  3.00000000E+01    3.293715E-04  1.222990E-03   -4.640331E-18 -6.497487E-18    2.797160E-06  1.227473E-06
 -8.60000000E+03  0.00000000E+00  3.00000000E+01    3.295555E-04  1.223410E-03   -6.639928E-18 -8.583408E-18    2.706021E-06  1.154979E-06
 -8.50000000E+03  0.00000000E+00  3.00000000E+01    3.297366E-04  1.223817E-03   -6.256627E-18 -6.481055E-18    2.617913E-06  1.086963E-06
 -8.40000000E+03  0.00000000E+00  3.00000000E+01    3.299150E-04  1.224213E-03   -1.727825E-18 -6.259703E-18    2.532990E-06  1.023468E-06
 -8.30000000E+03  0.00000000E+00  3.00000000E+01    3.300904E-04  1.224597E-03   -4.825246E-18 -1.034485E-17    2.450920E-06  9.638650E-07
 -8.20000000E+03  0.00000000E+00  3.00000000E+01    3.302632E-04  1.224969E-03   -7.239511E-18 -2.501156E-19    2.371848E-06  9.081950E-07
 -8.10000000E+03  0.00000000E+00  3.00000000E+01    3.304330E-04  1.225331E-03   -2.385665E-18 -4.099754E-18    2.295449E-06  8.559066E-07
 -8.00000000E+03  0.00000000E+00  3.00000000E+01    3.306001E-04  1.225682E-03    4.275473E-18 -3.510414E-18    2.221848E-06  8.070318E-07
 -7.90000000E+03  0.00000000E+00  3.00000000E+01    3.307644E-04  1.226022E-03   -7.854592E-18  5.671459E-18    2.150741E-06  7.610964E-07
 -7.80000000E+03  0.00000000E+00  3.00000000E+01    3.309259E-04  1.226354E-03   -5.695594E-18  2.856407E-18    2.082242E-06  7.181323E-07
 -7.70000000E+03  0.00000000E+00  3.00000000E+01    3.310846E-04  1.226675E-03   -2.396308E-18 -1.049261E-17    2.016062E-06  6.777241E-07
 -7.60000000E+03  0.00000000E+00  3.00000000E+01    3.312407E-04  1.226987E-03   -6.364883E-18 -3.477844E-18    1.952298E-06  6.398960E-07
 -7.50000000E+03  0.00000000E+00  3.00000000E+01    3.313939E-04  1.227289E-03    7.847019E-18  1.352176E-18    1.890683E-06  6.042917E-07
 -7.40000000E+03  0.00000000E+00  3.00000000E+01    3.315446E-04  1.227584E-03   -4.310683E-18 -8.551586E-18    1.831308E-06  5.709365E-07
 -7.30000000E+03  0.00000000E+00  3.00000000E+01    3.316924E-04  1.227869E-03    3.142104E-18 -3.286486E-18    1.773918E-06  5.395166E-07
 -7.20000000E+03  0.00000000E+00  3.00000000E+01    3.318377E-04  1.228147E-03    1.748049E-18 -3.356801E-18    1.718593E-06  5.100527E-07
 -7.10000000E+03  0.00000000E+00  3.00000000E+01    3.319802E-04  1.228416E-03   -1.203760E-17 -1.008351E-17    1.665100E-06  4.822753E-07
 -7.00000000E+03  0.00000000E+00  3.00000000E+01    3.321202E-04  1.228678E-03    9.832653E-18 -8.170513E-18    1.613511E-06  4.562053E-07
 -6.90000000E+03  0.00000000E+00  3.00000000E+01    3.322574E-04  1.228931E-03    8.552474E-18 -8.740945E-18    1.563609E-06  4.316066E-07
 -6.80000000E+03  0.00000000E+00  3.00000000E+01    3.323922E-04  1.229178E-03    1.125287E-17 -3.544222E-18    1.515456E-06  4.084958E-07
 -6.70000000E+03  0.00000000E+00  3.00000000E+01    3.325243E-04  1.229418E-03    9.996625E-18  1.115045E-19    1.468854E-06  3.866700E-07
 -6.60000000E+03  0.00000000E+00  3.00000000E+01    3.326540E-04  1.229650E-03   -3.823929E-18 -1.035563E-17    1.423861E-06  3.661472E-07
 -6.50000000E+03  0.00000000E+00  3.00000000E+01    3.327810E-04  1.229876E-03    1.176988E-17 -1.183109E-17    1.380291E-06  3.467482E-07
 -6.40000000E+03  0.00000000E+00  3.00000000E+01    3.329056E-04  1.230096E-03   -6.358773E-18 -1.254656E-17    1.338197E-06  3.284878E-07
 -6.30000000E+03  0.00000000E+00  3.00000000E+01    3.330277E-04  1.230309E-03    2.383696E-19 -1.805755E-18    1.297408E-06  3.112124E-07
 -6.20000000E+03  0.00000000E+00  3.00000000E+01    3.331473E-04  1.230516E-03   -6.169238E-18 -1.013266E-17    1.257973E-06  2.949375E-07
 -6.10000000E+03  0.00000000E+00  3.00000000E+01    3.332645E-04  1.230716E-03   -1.228127E-17 -1.197212E-17    1.219736E-06  2.795276E-07
 -6.00000000E+03  0.00000000E+00  3.00000000E+01    3.333793E-04  1.230911E-03   -9.409774E-19 -9.006279E-18    1.182738E-06  2.649952E-07
 -5.90000000E+03  0.00000000E+00  3.00000000E+01    3.334916E-04  1.231101E-03   -4.571859E-18 -4.210025E-18    1.146837E-06  2.512237E-07
 -5.80000000E+03  0.00000000E+00  3.00000000E+01    3.336017E-04  1.231284E-03   -4.729222E-18 -9.309894E-18    1.112073E-06  2.382268E-07
 -5.70000000E+03  0.00000000E+00  3.00000000E+01    3.337093E-04  1.231463E-03   -6.663692E-18 -1.485580E-17    1.078314E-06  2.259005E-07
 -5.60000000E+03  0.00000000E+00  3.00000000E+01    3.338147E-04  1.231636E-03   -1.125404E-17 -8.577826E-18    1.045596E-06  2.142568E-07
 -5.50000000E+03  0.00000000E+00  3.00000000E+01    3.339176E-04  1.231804E-03   -4.525304E-18 -7.442885E-18    1.013797E-06  2.032059E-07
 -5.40000000E+03  0.00000000E+00  3.00000000E+01    3.340184E-04  1.231967E-03   -3.162063E-19 -4.975000E-18    9.829537E-07  1.927599E-07
 -5.30000000E+03  0.00000000E+00  3.00000000E+01    3.341169E-04  1.232125E-03   -3.398934E-18 -2.798448E-18    9.529531E-07  1.828390E-07
 -5.20000000E+03  0.00000000E+00  3.00000000E+01    3.342131E-04  1.232279E-03    1.117384E-17 -9.893817E-18    9.238253E-07  1.734534E-07
 -5.10000000E+03  0.00000000E+00  3.00000000E+01    3.343071E-04  1.232428E-03    6.831793E-18 -5.015355E-18    8.954697E-07  1.645339E-07
 -5.00000000E+03  0.00000000E+00  3.00000000E+01    3.343990E-04  1.232572E-03   -7.247669E-18 -1.132001E-17    8.679159E-07  1.560912E-07
 -4.90000000E+03  0.00000000E+00  3.00000000E+01    3.344886E-04  1.232713E-03   -1.113568E-17 -7.762859E-18    8.410697E-07  1.480632E-07
 -4.80000000E+03  0.00000000E+00  3.00000000E+01    3.345762E-04  1.232848E-03   -9.214957E-19 -3.830993E-18    8.149565E-07  1.404589E-07
 -4.70000000E+03  0.00000000E+00  3.00000000E+01    3.346615E-04  1.232980E-03    5.292681E-18 -2.102138E-18    7.894920E-07  1.332244E-07
 -4.60000000E+03  0.00000000E+00  3.00000000E+01    3.347448E-04  1.233108E-03    4.361268E-19 -5.240295E-18    7.647009E-07  1.263688E-07
 -4.50000000E+03  0.00000000E+00  3.00000000E+01    3.348259E-04  1.233231E-03   -1.513952E-17 -4.128105E-18    7.405045E-07  1.198434E-07
 -4.40000000E+03  0.00000000E+00  3.00000000E+01    3.349050E-04  1.233351E-03    7.109951E-18 -6.624539E-18    7.169238E-07  1.136557E-07
 -4.30000000E+03  0.00000000E+00  3.00000000E+01    3.349820E-04  1.233467E-03    1.656654E-18 -1.001187E-17    6.938883E-07  1.077635E-07
 -4.20000000E+03  0.00000000E+00  3.00000000E+01    3.350571E-04  1.233580E-03    6.514078E-18 -6.075234E-18    6.714190E-07  1.021746E-07
 -4.10000000E+03  0.00000000E+00  3.00000000E+01    3.351300E-04  1.233688E-03    1.093508E-17 -4.682162E-18    6.494492E-07  9.685012E-08
 -4.00000000E+03  0.00000000E+00  3.00000000E+01    3.352010E-04  1.233794E-03   -3.629892E-18  6.736409E-18    6.279971E-07  9.179674E-08
 -3.90000000E+03  0.00000000E+00  3.00000000E+01    3.352700E-04  1.233895E-03   -3.059638E-17 -8.582708E-18    6.070029E-07  8.698058E-08
 -3.80000000E+03  0.00000000E+00  3.00000000E+01    3.353371E-04  1.233994E-03   -1.005671E-17 -4.802745E-18    5.864843E-07  8.240810E-08
 -3.70000000E+03  0.00000000E+00  3.00000000E+01    3.354021E-04  1.234089E-03   -1.160757E-18 -9.172411E-18    5.663854E-07  7.804855E-08
 -3.60000000E+03  0.00000000E+00  3.00000000E+01    3.354653E-04  1.234180E-03   -4.298549E-18 -9.123521E-18    5.467207E-07  7.390717E-08
 -3.50000000E+03  0.00000000E+00  3.00000000E+01    3.355266E-04  1.234269E-03    4.821364E-18 -7.227832E-18    5.274402E-07  6.995686E-08
 -3.40000000E+03  0.00000000E+00  3.00000000E+01    3.355860E-04  1.234354E-03   -3.324089E-19 -1.892283E-17    5.085585E-07  6.620301E-08
 -3.30000000E+03  0.00000000E+00  3.00000000E+01    3.356434E-04  1.234437E-03   -1.041215E-17 -1.590130E-17    4.900281E-07  6.262061E-08
 -3.20000000E+03  0.00000000E+00  3.00000000E+01    3.356990E-04  1.234516E-03    5.861925E-18 -5.968474E-18    4.718608E-07  5.921391E-08
 -3.10000000E+03  0.00000000E+00  3.00000000E+01    3.357527E-04  1.234592E-03   -1.172709E-17 -2.537973E-18    4.540145E-07  5.596104E-08
 -3.00000000E+03  0.00000000E+00  3.00000000E+01    3.358047E-04  1.234666E-03    1.037848E-18  6.718004E-19    4.365007E-07  5.286622E-08
 -2.90000000E+03  0.00000000E+00  3.00000000E+01    3.358547E-04  1.234736E-03    6.029022E-18 -4.645136E-18    4.192794E-07  4.990929E-08
 -2.80000000E+03  0.00000000E+00  3.00000000E+01    3.359030E-04  1.234804E-03    1.001776E-17  1.596734E-18    4.023598E-07  4.709336E-08
 -2.70000000E+03  0.00000000E+00  3.00000000E+01    3.359494E-04  1.234869E-03    1.080357E-17  7.676055E-18    3.857061E-07  4.440077E-08
 -2.60000000E+03  0.00000000E+00  3.00000000E+01    3.359941E-04  1.234932E-03    1.944436E-17  2.438050E-18    3.693275E-07  4.183470E-08
 -2.50000000E+03  0.00000000E+00  3.00000000E+01    3.360370E-04  1.234991E-03    2.629266E-18 -4.384137E-18    3.531898E-07  3.937865E-08
 -2.40000000E+03  0.00000000E+00  3.00000000E+01    3.360781E-04  1.235048E-03    8.785686E-18 -1.205118E-18    3.372999E-07  3.703500E-08
 -2.30000000E+03  0.00000000E+00  3.00000000E+01    3.361174E-04  1.235103E-03    1.163707E-17  2.524488E-19    3.216277E-07  3.478934E-08
 -2.20000000E+03  0.00000000E+00  3.00000000E+01    3.361551E-04  1.235154E-03    3.784070E-18 -2.434335E-18    3.061796E-07  3.264383E-08
 -2.10000000E+03  0.00000000E+00  3.00000000E+01    3.361909E-04  1.235204E-03    4.762325E-18  3.090692E-18    2.909271E-07  3.058518E-08
 -2.00000000E+03  0.00000000E+00  3.00000000E+01    3.362251E-04  1.235251E-03    1.874783E-17  7.826774E-18    2.758743E-07  2.861466E-08
 -1.90000000E+03  0.00000000E+00  3.00000000E+01    3.362575E-04  1.235295E-03    8.745053E-19 -3.423110E-18    2.609958E-07  2.672062E-08
 -1.80000000E+03  0.00000000E+00  3.00000000E+01    3.362882E-04  1.235337E-03    1.422503E-17  2.959451E-18    2.462960E-07  2.490441E-08
 -1.70000000E+03  0.00000000E+00  3.00000000E+01    3.363172E-04  1.235376E-03   -2.659793E-19  2.060312E-18    2.317506E-07  2.315512E-08
 -1.60000000E+03  0.00000000E+00  3.00000000E+01    3.363445E-04  1.235413E-03    1.597251E-18 -3.345556E-18    2.173615E-07  2.147325E-08
 -1.50000000E+03  0.00000000E+00  3.00000000E+01    3.363701E-04  1.235448E-03    5.181586E-18  1.353440E-17    2.031076E-07  1.984938E-08
 -1.40000000E+03  0.00000000E+00  3.00000000E+01    3.363941E-04  1.235480E-03    2.747116E-18  8.022050E-18    1.889906E-07  1.828389E-08
 -1.30000000E+03  0.00000000E+00  3.00000000E+01    3.364163E-04  1.235510E-03   -1.901259E-17  2.578349E-18    1.749904E-07  1.676802E-08
 -1.20000000E+03  0.00000000E+00  3.00000000E+01    3.364369E-04  1.235538E-03    6.677283E-18  3.994412E-19    1.611065E-07  1.530135E-08
 -1.10000000E+03  0.00000000E+00  3.00000000E+01    3.364558E-04  1.235564E-03    1.638903E-18  1.366711E-18    1.473215E-07  1.387642E-08
 -1.00000000E+03  0.00000000E+00  3.00000000E+01    3.364731E-04  1.235587E-03    5.570892E-19 -2.620220E-18    1.336350E-07  1.249273E-08
 -9.00000000E+02  0.00000000E+00  3.00000000E+01    3.364886E-04  1.235608E-03    4.845127E-20  5.820492E-18    1.200300E-07  1.114320E-08
 -8.00000000E+02  0.00000000E+00  3.00000000E+01    3.365026E-04  1.235627E-03    1.157811E-18  6.295043E-19    1.065040E-07  9.826626E-09
 -7.00000000E+02  0.00000000E+00  3.00000000E+01    3.365149E-04  1.235643E-03    9.426004E-18  8.654542E-18    9.304283E-08  8.537015E-09
 -6.00000000E+02  0.00000000E+00  3.00000000E+01    3.365256E-04  1.235657E-03   -1.865027E-17 -7.452965E-18    7.964332E-08  7.272934E-09
 -5.00000000E+02  0.00000000E+00  3.00000000E+01    3.365345E-04  1.235669E-03   -1.802270E-18 -3.744001E-18    6.629224E-08  6.028907E-09
 -4.00000000E+02  0.00000000E+00  3.00000000E+01    3.365419E-04  1.235679E-03    1.388217E-17  5.401861E-19    5.298420E-08  4.802708E-09
 -3.00000000E+02  0.00000000E+00  3.00000000E+01    3.365476E-04  1.235687E-03   -4.770225E-18  7.730335E-18    3.970822E-08  3.589730E-09
 -2.00000000E+02  0.00000000E+00  3.00000000E+01    3.365518E-04  1.235692E-03    3.613123E-18  6.679167E-18    2.645879E-08  2.387650E-09
 -1.00000000E+02  0.00000000E+00  3.00000000E+01    3.365542E-04  1.235696E-03   -4.329305E-18 -7.704721E-18    1.322530E-08  1.192124E-09
  0.00000000E+00  0.00000000E+00  3.00000000E+01    3.365550E-04  1.235697E-03    8.249147E-18  2.122919E-18    8.673617E-19  2.168404E-18
  1.00000000E+02  0.00000000E+00  3.00000000E+01    3.365542E-04  1.235696E-03    1.288169E-17  1.086827E-17   -1.322530E-08 -1.192124E-09
  2.00000000E+02  0.00000000E+00  3.00000000E+01    3.365518E-04  1.235692E-03    1.578563E-17  2.081139E-18   -2.645879E-08 -2.387650E-09
  3.00000000E+02  0.00000000E+00  3.00000000E+01    3.365476E-04  1.235687E-03    6.653388E-18  1.862757E-18   -3.970822E-08 -3.589730E-09
  4.00000000E+02  0.00000000E+00  3.00000000E+01    3.365419E-04  1.235679E-03    1.102038E-17  5.811982E-18   -5.298420E-08 -4.802708E-09
  5.00000000E+02  0.00000000E+00  3.00000000E+01    3.365345E-04  1.235669E-03   -2.310443E-17  3.008942E-18   -6.629224E-08 -6.028907E-09
  6.00000000E+02  0.00000000E+00  3.00000000E+01    3.365256E-04  1.235657E-03   -5.220047E-18  1.340833E-18   -7.964332E-08 -7.272934E-09
  7.00000000E+02  0.00000000E+00  3.00000000E+01    3.365149E-04  1.235643E-03   -6.766239E-18 -5.923151E-18   -9.304283E-08 -8.537015E-09
  8.00000000E+02  0.00000000E+00  3.00000000E+01    3.365026E-04  1.235627E-03   -5.243393E-18  2.429748E-18   -1.065040E-07 -9.826626E-09
  9.00000000E+02  0.00000000E+00  3.00000000E+01    3.364886E-04  1.235608E-03   -1.269953E-18  6.271102E-18   -1.200300E-07 -1.114320E-08
  1.00000000E+03  0.00000000E+00  3.00000000E+01    3.364731E-04  1.235587E-03   -5.717960E-19  2.787886E-18   -1.336350E-07 -1.249273E-08
  1.10000000E+03  0.00000000E+00  3.00000000E+01    3.364558E-04  1.235564E-03    1.989361E-17  2.456953E-17   -1.473215E-07 -1.387642E-08
  1.20000000E+03  0.00000000E+00  3.00000000E+01    3.364369E-04  1.235538E-03    2.698332E-18  9.915604E-18   -1.611065E-07 -1.530135E-08
  1.30000000E+03  0.00000000E+00  3.00000000E+01    3.364163E-04  1.235510E-03    5.998590E-18  5.893643E-18   -1.749904E-07 -1.676802E-08
  1.40000000E+03  0.00000000E+00  3.00000000E+01    3.363941E-04  1.235480E-03    1.422952E-17  2.392254E-18   -1.889906E-07 -1.828389E-08
  1.50000000E+03  0.00000000E+00  3.00000000E+01    3.363701E-04  1.235448E-03    2.151150E-17  6.475479E-18   -2.031076E-07 -1.984938E-08
  1.60000000E+03  0.00000000E+00  3.00000000E+01    3.363445E-04  1.235413E-03    3.873122E-18 -2.249597E-18   -2.173615E-07 -2.147325E-08
  1.70000000E+03  0.00000000E+00  3.00000000E+01    3.363172E-04  1.235376E-03   -5.901069E-18 -1.294451E-18   -2.317506E-07 -2.315512E-08
  1.80000000E+03  0.00000000E+00  3.00000000E+01    3.362882E-04  1.235337E-03   -6.581891E-18 -5.694134E-18   -2.462960E-07 -2.490441E-08
  1.90000000E+03  0.00000000E+00  3.00000000E+01    3.362575E-04  1.235295E-03   -3.805368E-18 -1.112685E-17   -2.609958E-07 -2.672062E-08
  2.00000000E+03  0.00000000E+00  3.00000000E+01    3.362251E-04  1.235251E-03    9.547835E-19 -2.875774E-18   -2.758743E-07 -2.861466E-08
  2.10000000E+03  0.00000000E+00  3.00000000E+01    3.361909E-04  1.235204E-03    1.635320E-17 -7.647939E-18   -2.909271E-07 -3.058518E-08
  2.20000000E+03  0.00000000E+00  3.00000000E+01    3.361551E-04  1.235154E-03   -7.118624E-19 -1.651711E-18   -3.061796E-07 -3.264383E-08
  2.30000000E+03  0.00000000E+00  3.00000000E+01    3.361174E-04  1.235103E-03   -1.827297E-17 -7.655309E-18   -3.216277E-07 -3.478934E-08
  2.40000000E+03  0.00000000E+00  3.00000000E+01    3.360781E-04  1.235048E-03    3.799525E-18 -7.223427E-19   -3.372999E-07 -3.703500E-08
  2.50000000E+03  0.00000000E+00  3.00000000E+01    3.360370E-04  1.234991E-03    8.199587E-18  5.684060E-19   -3.531898E-07 -3.937865E-08
  2.60000000E+03  0.00000000E+00  3.00000000E+01    3.359941E-04  1.234932E-03    4.215999E-18 -2.507586E-18   -3.693275E-07 -4.183470E-08
  2.70000000E+03  0.00000000E+00  3.00000000E+01    3.359494E-04  1.234869E-03   -1.985120E-17  6.990966E-18   -3.857061E-07 -4.440077E-08
  2.80000000E+03  0.00000000E+00  3.00000000E+01    3.359030E-04  1.234804E-03   -8.931574E-19 -7.042247E-18   -4.023598E-07 -4.709336E-08
  2.90000000E+03  0.00000000E+00  3.00000000E+01    3.358547E-04  1.234736E-03   -2.128172E-19 -1.501996E-18   -4.192794E-07 -4.990929E-08
  3.00000000E+03  0.00000000E+00  3.00000000E+01    3.358047E-04  1.234666E-03    1.089221E-18 -6.290158E-18   -4.365007E-07 -5.286622E-08
  3.10000000E+03  0.00000000E+00  3.00000000E+01    3.357527E-04  1.234592E-03    1.773580E-18  7.936446E-18   -4.540145E-07 -5.596104E-08
  3.20000000E+03  0.00000000E+00  3.00000000E+01    3.356990E-04  1.234516E-03    4.109859E-18 -2.680878E-18   -4.718608E-07 -5.921391E-08
  3.30000000E+03  0.00000000E+00  3.00000000E+01    3.356434E-04  1.234437E-03    9.065085E-19 -5.062248E-18   -4.900281E-07 -6.262061E-08
  3.40000000E+03  0.00000000E+00  3.00000000E+01    3.355860E-04  1.234354E-03    2.202564E-18 -4.067506E-18   -5.085585E-07 -6.620301E-08
  3.50000000E+03  0.00000000E+00  3.00000000E+01    3.355266E-04  1.234269E-03    4.779285E-18 -2.198504E-18   -5.274402E-07 -6.995686E-08
  3.60000000E+03  0.00000000E+00  3.00000000E+01    3.354653E-04  1.234180E-03   -2.423068E-18  2.564749E-18   -5.467207E-07 -7.390717E-08
  3.70000000E+03  0.00000000E+00  3.00000000E+01    3.354021E-04  1.234089E-03    1.215393E-17 -7.514899E-18   -5.663854E-07 -7.804855E-08
  3.80000000E+03  0.00000000E+00  3.00000000E+01    3.353371E-04  1.233994E-03    4.799325E-18 -5.240141E-18   -5.864843E-07 -8.240810E-08
  3.90000000E+03  0.00000000E+00  3.00000000E+01    3.352700E-04  1.233895E-03   -4.445362E-18  5.312214E-18   -6.070029E-07 -8.698058E-08
  4.00000000E+03  0.00000000E+00  3.00000000E+01    3.352010E-04  1.233794E-03    3.434087E-18 -8.245032E-19   -6.279971E-07 -9.179674E-08
  4.10000000E+03  0.00000000E+00  3.00000000E+01    3.351300E-04  1.233688E-03    2.961562E-18  6.801841E-18   -6.494492E-07 -9.685012E-08
  4.20000000E+03  0.00000000E+00  3.00000000E+01    3.350571E-04  1.233580E-03   -7.305223E-18 -7.040488E-18   -6.714190E-07 -1.021746E-07
  4.30000000E+03  0.00000000E+00  3.00000000E+01    3.349820E-04  1.233467E-03   -6.120925E-18 -1.105426E-17   -6.938883E-07 -1.077635E-07
  4.40000000E+03  0.00000000E+00  3.00000000E+01    3.349050E-04  1.233351E-03   -5.713492E-18 -8.503892E-19   -7.169238E-07 -1.136557E-07
  4.50000000E+03  0.00000000E+00  3.00000000E+01    3.348259E-04  1.233231E-03    2.078461E-18 -8.222843E-19   -7.405045E-07 -1.198434E-07
  4.60000000E+03  0.00000000E+00  3.00000000E+01    3.347448E-04  1.233108E-03   -4.600580E-18 -3.493810E-19   -7.647009E-07 -1.263688E-07
  4.70000000E+03  0.00000000E+00  3.00000000E+01    3.346615E-04  1.232980E-03    2.192114E-17 -1.453220E-17   -7.894920E-07 -1.332244E-07
  4.80000000E+03  0.00000000E+00  3.00000000E+01    3.345762E-04  1.232848E-03   -4.797187E-18 -3.261317E-18   -8.149565E-07 -1.404589E-07
  4.90000000E+03  0.00000000E+00  3.00000000E+01    3.344886E-04  1.232713E-03   -1.733593E-17 -1.255261E-17   -8.410697E-07 -1.480632E-07
  5.00000000E+03  0.00000000E+00  3.00000000E+01    3.343990E-04  1.232572E-03   -7.651913E-18 -8.723102E-20   -8.679159E-07 -1.560912E-07
  5.10000000E+03  0.00000000E+00  3.00000000E+01    3.343071E-04  1.232428E-03   -1.123080E-17 -5.995661E-19   -8.954697E-07 -1.645339E-07
  5.20000000E+03  0.00000000E+00  3.00000000E+01    3.342131E-04  1.232279E-03   -1.106004E-18 -2.093496E-18   -9.238253E-07 -1.734534E-07
  5.30000000E+03  0.00000000E+00  3.00000000E+01    3.341169E-04  1.232125E-03   -5.779286E-18  1.102587E-18   -9.529531E-07 -1.828390E-07
  5.40000000E+03  0.00000000E+00  3.00000000E+01    3.340184E-04  1.231967E-03    1.081351E-17  4.310040E-18   -9.829537E-07 -1.927599E-07
  5.50000000E+03  0.00000000E+00  3.00000000E+01    3.339176E-04  1.231804E-03   -7.159328E-18 -4.583248E-18   -1.013797E-06 -2.032059E-07
  5.60000000E+03  0.00000000E+00  3.00000000E+01    3.338147E-04  1.231636E-03    2.242636E-18 -6.617623E-20   -1.045596E-06 -2.142568E-07
  5.70000000E+03  0.00000000E+00  3.00000000E+01    3.337093E-04  1.231463E-03   -1.611943E-18 -5.674427E-18   -1.078314E-06 -2.259005E-07
  5.80000000E+03  0.00000000E+00  3.00000000E+01    3.336017E-04  1.231284E-03    8.904323E-18  3.628338E-18   -1.112073E-06 -2.382268E-07
  5.90000000E+03  0.00000000E+00  3.00000000E+01    3.334916E-04  1.231101E-03    2.605731E-17  8.555570E-19   -1.146837E-06 -2.512237E-07
  6.00000000E+03  0.00000000E+00  3.00000000E+01    3.333793E-04  1.230911E-03   -6.914086E-18 -6.032359E-18   -1.182738E-06 -2.649952E-07
  6.10000000E+03  0.00000000E+00  3.00000000E+01    3.332645E-04  1.230716E-03    6.799955E-18 -2.288005E-18   -1.219736E-06 -2.795276E-07
  6.20000000E+03  0.00000000E+00  3.00000000E+01    3.331473E-04  1.230516E-03   -2.212334E-18 -5.100633E-18   -1.257973E-06 -2.949375E-07
  6.30000000E+03  0.00000000E+00  3.00000000E+01    3.330277E-04  1.230309E-03    1.367116E-18 -4.898889E-18   -1.297408E-06 -3.112124E-07
  6.40000000E+03  0.00000000E+00  3.00000000E+01    3.329056E-04  1.230096E-03    4.903765E-18 -1.174937E-17   -1.338197E-06 -3.284878E-07
  6.50000000E+03  0.00000000E+00  3.00000000E+01    3.327810E-04  1.229876E-03   -1.601656E-17 -8.531206E-18   -1.380291E-06 -3.467482E-07
  6.60000000E+03  0.00000000E+00  3.00000000E+01    3.326540E-04  1.229650E-03   -8.989941E-18 -4.826152E-18   -1.423861E-06 -3.661472E-07
  6.70000000E+03  0.00000000E+00  3.00000000E+01    3.325243E-04  1.229418E-03   -6.163258E-18 -8.661399E-18   -1.468854E-06 -3.866700E-07
  6.80000000E+03  0.00000000E+00  3.00000000E+01    3.323922E-04  1.229178E-03    3.834683E-18 -7.990056E-18   -1.515456E-06 -4.084958E-07
  6.90000000E+03  0.00000000E+00  3.00000000E+01    3.322574E-04  1.228931E-03   -6.319989E-19 -4.857352E-18   -1.563609E-06 -4.316066E-07
  7.00000000E+03  0.00000000E+00  3.00000000E+01    3.321202E-04  1.228678E-03   -2.347517E-18 -7.264309E-18   -1.613511E-06 -4.562053E-07
  7.10000000E+03  0.00000000E+00  3.00000000E+01    3.319802E-04  1.228416E-03    8.923245E-18  2.919582E-18   -1.665100E-06 -4.822753E-07
  7.20000000E+03  0.00000000E+00  3.00000000E+01    3.318377E-04  1.228147E-03   -8.783637E-18 -5.001599E-18   -1.718593E-06 -5.100527E-07
  7.30000000E+03  0.00000000E+00  3.00000000E+01    3.316924E-04  1.227869E-03   -5.771346E-18  3.893604E-18   -1.773918E-06 -5.395166E-07
  7.40000000E+03  0.00000000E+00  3.00000000E+01    3.315446E-04  1.227584E-03   -2.155963E-17 -4.428005E-18   -1.831308E-06 -5.709365E-07
  7.50000000E+03  0.00000000E+00  3.00000000E+01    3.313939E-04  1.227289E-03    8.524223E-18  1.816115E-18   -1.890683E-06 -6.042917E-07
  7.60000000E+03  0.00000000E+00  3.00000000E+01    3.312407E-04  1.226987E-03   -1.355728E-17 -2.372527E-18   -1.952298E-06 -6.398960E-07
  7.70000000E+03  0.00000000E+00  3.00000000E+01    3.310846E-04  1.226675E-03    5.467781E-19 -5.286528E-18   -2.016062E-06 -6.777241E-07
  7.80000000E+03  0.00000000E+00  3.00000000E+01    3.309259E-04  1.226354E-03    1.981805E-18 -5.789868E-18   -2.082242E-06 -7.181323E-07
  7.90000000E+03  0.00000000E+00  3.00000000E+01    3.307644E-04  1.226022E-03    1.554269E-18 -3.325958E-18   -2.150741E-06 -7.610964E-07
  8.00000000E+03  0.00000000E+00  3.00000000E+01    3.306001E-04  1.225682E-03    1.639477E-18  3.088798E-18   -2.221848E-06 -8.070318E-07
  8.10000000E+03  0.00000000E+00  3.00000000E+01    3.304330E-04  1.225331E-03   -7.812679E-18 -1.362153E-18   -2.295449E-06 -8.559066E-07
  8.20000000E+03  0.00000000E+00  3.00000000E+01    3.302632E-04  1.224969E-03    7.821301E-18  1.766746E-18   -2.371848E-06 -9.081950E-07
  8.30000000E+03  0.00000000E+00  3.00000000E+01    3.300904E-04  1.224597E-03    8.575606E-18  4.468874E-18   -2.450920E-06 -9.638650E-07
  8.40000000E+03  0.00000000E+00  3.00000000E+01    3.299150E-04  1.224213E-03    1.198898E-18 -6.872706E-18   -2.532990E-06 -1.023468E-06
  8.50000000E+03  0.00000000E+00  3.00000000E+01    3.297366E-04  1.223817E-03   -1.641794E-18  3.946525E-19   -2.617913E-06 -1.086963E-06
  8.60000000E+03  0.00000000E+00  3.00000000E+01    3.295555E-04  1.223410E-03   -2.008940E-18 -5.734754E-18   -2.706021E-06 -1.154979E-06
  8.70000000E+03  0.00000000E+00  3.00000000E+01    3.293715E-04  1.222990E-03   -3.804327E-18 -3.112261E-18   -2.797160E-06 -1.227473E-06
  8.80000000E+03  0.00000000E+00  3.00000000E+01    3.291847E-04  1.222558E-03   -3.567469E-19 -1.108953E-17   -2.891675E-06 -1.305176E-06
  8.90000000E+03  0.00000000E+00  3.00000000E+01    3.289950E-04  1.222112E-03    1.109181E-18 -1.145208E-17   -2.989385E-06 -1.388034E-06
  9.00000000E+03  0.00000000E+00  3.00000000E+01    3.288027E-04  1.221652E-03    9.771012E-18 -1.175063E-17   -3.090637E-06 -1.476877E-06
  9.10000000E+03  0.00000000E+00  3.00000000E+01    3.286074E-04  1.221178E-03   -2.317019E-18  1.173383E-18   -3.195231E-06 -1.571646E-06
  9.20000000E+03  0.00000000E+00  3.00000000E+01    3.284095E-04  1.220690E-03   -7.288452E-18 -9.737502E-18   -3.303514E-06 -1.673303E-06
  9.30000000E+03  0.00000000E+00  3.00000000E+01    3.282088E-04  1.220186E-03    9.697929E-18 -1.308791E-17   -3.415254E-06 -1.781765E-06
  9.40000000E+03  0.00000000E+00  3.00000000E+01    3.280055E-04  1.219666E-03   -4.592373E-18 -1.023438E-17   -3.530775E-06 -1.898112E-06
  9.50000000E+03  0.00000000E+00  3.00000000E+01    3.277995E-04  1.219130E-03   -8.055180E-18 -1.083424E-17   -3.649810E-06 -2.022232E-06
  9.60000000E+03  0.00000000E+00  3.00000000E+01    3.275910E-04  1.218577E-03    4.268730E-18  6.048698E-18   -3.772646E-06 -2.155307E-06
  9.70000000E+03  0.00000000E+00  3.00000000E+01    3.273799E-04  1.218005E-03    2.357897E-17 -1.270541E-17   -3.898938E-06 -2.297076E-06
  9.80000000E+03  0.00000000E+00  3.00000000E+01    3.271666E-04  1.217415E-03    9.134465E-19 -7.692263E-18   -4.028821E-06 -2.448501E-06
  9.90000000E+03  0.00000000E+00  3.00000000E+01    3.269511E-04  1.216805E-03    1.648820E-17 -1.038673E-17   -4.161698E-06 -2.608460E-06
  1.00000000E+04  0.00000000E+00  3.00000000E+01    3.267348E-04  1.216175E-03   -1.247631E-17 -7.927194E-18   -4.296828E-06 -2.774814E-06
  1.05000000E+04  0.00000000E+00  3.00000000E+01    3.256293E-04  1.212712E-03   -1.559747E-17 -5.952785E-18   -5.028254E-06 -3.831595E-06
