 -1.05000000E+04  0.00000000E+00  3.00000000E+01    2.602085E-18  1.301043E-18   -3.609416E-04 -1.115869E-03    4.336809E-19 -5.421011E-18
 -1.00000000E+04  0.00000000E+00  3.00000000E+01   -1.040834E-17 -4.987330E-18   -3.604324E-04 -1.116006E-03    4.336809E-18  2.168404E-19
 -9.90000000E+03  0.00000000E+00  3.00000000E+01   -5.637851E-18 -2.276825E-18   -3.603461E-04 -1.116018E-03    1.604619E-17 -2.818926E-18
 -9.80000000E+03  0.00000000E+00  3.00000000E+01    5.204170E-18 -3.252607E-18   -3.602654E-04 -1.116025E-03    6.071532E-18 -3.252607E-18
 -9.70000000E+03  0.00000000E+00  3.00000000E+01   -8.673617E-19 -1.843144E-18   -3.601889E-04 -1.116027E-03    8.673617E-19 -7.372575E-18
 -9.60000000E+03  0.00000000E+00  3.00000000E+01    5.204170E-18 -2.818926E-18   -3.601167E-04 -1.116025E-03    1.734723E-18 -3.252607E-18
 -9.50000000E+03  0.00000000E+00  3.00000000E+01    1.431147E-17 -1.951564E-18   -3.600481E-04 -1.116020E-03    3.469447E-18 -4.987330E-18
 -9.40000000E+03  0.00000000E+00  3.00000000E+01    8.673617E-19  1.084202E-18   -3.599834E-04 -1.116010E-03    9.974660E-18  1.084202E-18
 -9.30000000E+03  0.00000000E+00  3.00000000E+01    1.734723E-18  4.119968E-18   -3.599218E-04 -1.115997E-03    1.084202E-17 -6.505213E-19
 -9.20000000E+03  0.00000000E+00  3.00000000E+01    2.602085E-18 -6.505213E-19   -3.598635E-04 -1.115980E-03    2.168404E-18  4.987330E-18
 -9.10000000E+03  0.00000000E+00  3.00000000E+01    3.903128E-18  1.517883E-18   -3.598080E-04 -1.115961E-03    1.301043E-18  4.770490E-18
 -9.00000000E+03  0.00000000E+00  3.00000000E+01    8.673617E-19 -4.336809E-19   -3.597553E-04 -1.115938E-03   -5.204170E-18  4.553649E-18
 -8.90000000E+03  0.00000000E+00  3.00000000E+01    2.602085E-18  1.734723E-18   -3.597050E-04 -1.115913E-03    1.734723E-18  8.023096E-18
 -8.80000000E+03  0.00000000E+00  3.00000000E+01    8.673617E-19  1.734723E-18   -3.596570E-04 -1.115886E-03    1.301043E-17  7.806256E-18
 -8.70000000E+03  0.00000000E+00  3.00000000E+01    1.301043E-18  5.095750E-18   -3.596111E-04 -1.115856E-03    5.637851E-18  6.071532E-18
 -8.60000000E+03  0.00000000E+00  3.00000000E+01    1.040834E-17  1.951564E-18   -3.595672E-04 -1.115824E-03    3.035766E-18  3.035766E-18
 -8.50000000E+03  0.00000000E+00  3.00000000E+01    9.540979E-18  5.095750E-18   -3.595250E-04 -1.115791E-03   -2.602085E-18  2.602085E-18
 -8.40000000E+03  0.00000000E+00  3.00000000E+01    1.040834E-17  7.589415E-18   -3.594845E-04 -1.115755E-03    3.903128E-18  6.071532E-18
 -8.30000000E+03  0.00000000E+00  3.00000000E+01    3.903128E-18  5.421011E-18   -3.594455E-04 -1.115719E-03   -8.673617E-19  5.854692E-18
 -8.20000000E+03  0.00000000E+00  3.00000000E+01   -1.734723E-18  2.818926E-18   -3.594079E-04 -1.115681E-03    6.071532E-18  2.385245E-18
 -8.10000000E+03  0.00000000E+00  3.00000000E+01    4.770490E-18  8.023096E-18   -3.593716E-04 -1.115642E-03    4.336809E-19  2.818926E-18
 -8.00000000E+03  0.00000000E+00  3.00000000E+01   -1.734723E-18  1.344411E-17   -3.593364E-04 -1.115601E-03    2.168404E-18  2.168404E-18
 -7.90000000E+03  0.00000000E+00  3.00000000E+01   -6.505213E-19  1.149254E-17   -3.593023E-04 -1.115560E-03   -3.035766E-18  1.301043E-18
 -7.80000000E+03  0.00000000E+00  3.00000000E+01    3.469447E-18  1.192622E-17   -3.592693E-04 -1.115519E-03    1.301043E-18  4.119968E-18
 -7.70000000E+03  0.00000000E+00  3.00000000E+01    3.686287E-18  1.095044E-17   -3.592371E-04 -1.115476E-03    7.372575E-18  2.818926E-18
 -7.60000000E+03  0.00000000E+00  3.00000000E+01   -3.469447E-18  8.456777E-18   -3.592059E-04 -1.115433E-03    4.336809E-19  2.168404E-19
 -7.50000000E+03  0.00000000E+00  3.00000000E+01   -1.084202E-18  1.095044E-17   -3.591753E-04 -1.115390E-03    6.505213E-18  1.951564E-18
 -7.40000000E+03  0.00000000E+00  3.00000000E+01   -3.035766E-18  8.456777E-18   -3.591456E-04 -1.115346E-03    0.000000E+00  4.119968E-18
 -7.30000000E+03  0.00000000E+00  3.00000000E+01    6.505213E-19  9.324139E-18   -3.591165E-04 -1.115303E-03    1.734723E-18  6.505213E-19
 -7.20000000E+03  0.00000000E+00  3.00000000E+01    8.673617E-19  8.673617E-18   -3.590880E-04 -1.115259E-03    2.602085E-18  1.517883E-18
 -7.10000000E+03  0.00000000E+00  3.00000000E+01   -9.324139E-18  1.225148E-17   -3.590602E-04 -1.115215E-03   -8.673617E-19  0.000000E+00
 -7.00000000E+03  0.00000000E+00  3.00000000E+01   -5.204170E-18  1.170938E-17   -3.590329E-04 -1.115171E-03    0.000000E+00  6.505213E-19
 -6.90000000E+03  0.00000000E+00  3.00000000E+01   -4.987330E-18  1.452831E-17   -3.590061E-04 -1.115127E-03    8.673617E-19  1.084202E-18
 -6.80000000E+03  0.00000000E+00  3.00000000E+01    3.903128E-18  8.890458E-18   -3.589799E-04 -1.115084E-03   -3.035766E-18  1.301043E-18
 -6.70000000E+03  0.00000000E+00  3.00000000E+01   -1.301043E-18  4.987330E-18   -3.589541E-04 -1.115040E-03   -2.168404E-18  3.035766E-18
 -6.60000000E+03  0.00000000E+00  3.00000000E+01    1.734723E-18  8.239937E-18   -3.589288E-04 -1.114997E-03    0.000000E+00 -2.168404E-19
 -6.50000000E+03  0.00000000E+00  3.00000000E+01    1.734723E-18  8.673617E-18   -3.589039E-04 -1.114955E-03   -6.938894E-18 -3.035766E-18
 -6.40000000E+03  0.00000000E+00  3.00000000E+01   -5.637851E-18  5.421011E-18   -3.588795E-04 -1.114913E-03    8.673617E-19 -7.155734E-18
 -6.30000000E+03  0.00000000E+00  3.00000000E+01   -9.757820E-18  6.071532E-18   -3.588555E-04 -1.114871E-03   -2.168404E-18 -6.071532E-18
 -6.20000000E+03  0.00000000E+00  3.00000000E+01   -4.770490E-18  8.023096E-18   -3.588319E-04 -1.114829E-03   -6.938894E-18 -4.770490E-18
 -6.10000000E+03  0.00000000E+00  3.00000000E+01   -6.938894E-18  6.613633E-18   -3.588086E-04 -1.114788E-03   -6.505213E-18 -3.469447E-18
 -6.00000000E+03  0.00000000E+00  3.00000000E+01   -1.344411E-17  5.854692E-18   -3.587858E-04 -1.114748E-03   -1.170938E-17 -1.301043E-18
 -5.90000000E+03  0.00000000E+00  3.00000000E+01   -1.409463E-17  6.342583E-18   -3.587633E-04 -1.114708E-03   -4.336809E-18 -2.602085E-18
 -5.80000000E+03  0.00000000E+00  3.00000000E+01   -5.637851E-18  7.155734E-18   -3.587412E-04 -1.114669E-03   -1.301043E-18 -6.505213E-19
 -5.70000000E+03  0.00000000E+00  3.00000000E+01    8.673617E-19  8.565197E-18   -3.587195E-04 -1.114630E-03   -8.239937E-18 -8.673617E-19
 -5.60000000E+03  0.00000000E+00  3.00000000E+01    9.974660E-18  5.746272E-18   -3.586981E-04 -1.114592E-03   -6.071532E-18  8.673617E-19
 -5.50000000E+03  0.00000000E+00  3.00000000E+01   -6.722053E-18  8.673617E-18   -3.586771E-04 -1.114555E-03    0.000000E+00 -8.673617E-19
 -5.40000000E+03  0.00000000E+00  3.00000000E+01   -6.505213E-18  9.107298E-18   -3.586565E-04 -1.114518E-03    1.301043E-18  3.035766E-18
 -5.30000000E+03  0.00000000E+00  3.00000000E+01   -1.517883E-18  1.067939E-17   -3.586362E-04 -1.114482E-03   -1.734723E-18  4.553649E-18
 -5.20000000E+03  0.00000000E+00  3.00000000E+01    5.204170E-18  1.062518E-17   -3.586163E-04 -1.114447E-03    4.336809E-19  2.385245E-18
 -5.10000000E+03  0.00000000E+00  3.00000000E+01   -4.987330E-18  6.722053E-18   -3.585968E-04 -1.114412E-03   -3.903128E-18  3.252607E-18
 -5.00000000E+03  0.00000000E+00  3.00000000E+01   -3.035766E-18  5.746272E-18   -3.585776E-04 -1.114378E-03   -2.602085E-18  3.035766E-18
 -4.90000000E+03  0.00000000E+00  3.00000000E+01   -2.168404E-18  9.107298E-18   -3.585587E-04 -1.114345E-03    2.602085E-18  4.119968E-18
 -4.80000000E+03  0.00000000E+00  3.00000000E+01    1.734723E-18  1.051676E-17   -3.585402E-04 -1.114313E-03    3.035766E-18  5.637851E-18
 -4.70000000E+03  0.00000000E+00  3.00000000E+01    4.336809E-19  1.143833E-17   -3.585221E-04 -1.114281E-03    4.336809E-19  6.722053E-18
 -4.60000000E+03  0.00000000E+00  3.00000000E+01   -4.336809E-19  1.062518E-17   -3.585043E-04 -1.114250E-03    5.204170E-18  6.505213E-19
 -4.50000000E+03  0.00000000E+00  3.00000000E+01   -3.035766E-18  9.595189E-18   -3.584869E-04 -1.114219E-03   -2.602085E-18  2.818926E-18
 -4.40000000E+03  0.00000000E+00  3.00000000E+01   -1.301043E-18  7.264155E-18   -3.584699E-04 -1.114190E-03    0.000000E+00 -4.336809E-19
 -4.30000000E+03  0.00000000E+00  3.00000000E+01   -2.818926E-18  6.722053E-18   -3.584532E-04 -1.114161E-03   -3.469447E-18 -6.505213E-19
 -4.20000000E+03  0.00000000E+00  3.00000000E+01   -8.673617E-19  1.149254E-17   -3.584369E-04 -1.114133E-03    0.000000E+00  6.505213E-19
 -4.10000000E+03  0.00000000E+00  3.00000000E+01    1.951564E-18  1.029992E-17   -3.584210E-04 -1.114105E-03    6.938894E-18  1.517883E-18
 -4.00000000E+03  0.00000000E+00  3.00000000E+01    2.168404E-18  1.225148E-17   -3.584054E-04 -1.114078E-03    3.903128E-18  2.385245E-18
 -3.90000000E+03  0.00000000E+00  3.00000000E+01   -3.794708E-18  1.268517E-17   -3.583902E-04 -1.114052E-03    7.806256E-18 -4.336809E-18
 -3.80000000E+03  0.00000000E+00  3.00000000E+01   -2.602085E-18  7.697835E-18   -3.583753E-04 -1.114027E-03    0.000000E+00 -1.951564E-18
 -3.70000000E+03  0.00000000E+00  3.00000000E+01   -2.602085E-18  3.794708E-18   -3.583609E-04 -1.114002E-03   -2.602085E-18 -1.517883E-18
 -3.60000000E+03  0.00000000E+00  3.00000000E+01   -1.951564E-18  2.168404E-18   -3.583468E-04 -1.113978E-03    4.336809E-18 -2.602085E-18
 -3.50000000E+03  0.00000000E+00  3.00000000E+01   -9.757820E-19  4.716279E-18   -3.583331E-04 -1.113955E-03    3.035766E-18 -1.951564E-18
 -3.40000000E+03  0.00000000E+00  3.00000000E+01   -8.673617E-19  4.119968E-18   -3.583197E-04 -1.113933E-03   -1.734723E-18 -1.734723E-18
 -3.30000000E+03  0.00000000E+00  3.00000000E+01    2.276825E-18  6.722053E-18   -3.583067E-04 -1.113911E-03    2.168404E-18  1.951564E-18
 -3.20000000E+03  0.00000000E+00  3.00000000E+01    3.252607E-18  6.830474E-18   -3.582942E-04 -1.113890E-03    1.127570E-17  4.336809E-18
 -3.10000000E+03  0.00000000E+00  3.00000000E+01    2.602085E-18  5.583641E-18   -3.582819E-04 -1.113870E-03    9.974660E-18  5.204170E-18
 -3.00000000E+03  0.00000000E+00  3.00000000E+01    1.235990E-17  2.710505E-18   -3.582701E-04 -1.113850E-03   -3.035766E-18  5.854692E-18
 -2.90000000E+03  0.00000000E+00  3.00000000E+01    9.540979E-18  7.779151E-18   -3.582587E-04 -1.113831E-03    5.204170E-18  1.517883E-18
 -2.80000000E+03  0.00000000E+00  3.00000000E+01    9.974660E-18  1.078781E-17   -3.582476E-04 -1.113813E-03    6.071532E-18  3.686287E-18
 -2.70000000E+03  0.00000000E+00  3.00000000E+01    9.107298E-18  9.432559E-18   -3.582369E-04 -1.113795E-03    5.637851E-18  3.035766E-18
 -2.60000000E+03  0.00000000E+00  3.00000000E+01    1.886512E-17  1.181780E-17   -3.582266E-04 -1.113778E-03    6.071532E-18  5.204170E-18
 -2.50000000E+03  0.00000000E+00  3.00000000E+01    8.456777E-18  6.993104E-18   -3.582167E-04 -1.113762E-03    1.994932E-17 -2.168404E-19
 -2.40000000E+03  0.00000000E+00  3.00000000E+01    6.722053E-18  6.451003E-18   -3.582071E-04 -1.113746E-03    9.540979E-18  8.023096E-18
 -2.30000000E+03  0.00000000E+00  3.00000000E+01    1.626303E-18  3.415237E-18   -3.581980E-04 -1.113731E-03    6.071532E-18  8.023096E-18
 -2.20000000E+03  0.00000000E+00  3.00000000E+01    6.505213E-19  2.005774E-18   -3.581892E-04 -1.113717E-03    6.938894E-18  9.540979E-18
 -2.10000000E+03  0.00000000E+00  3.00000000E+01    3.469447E-18  5.177065E-18   -3.581808E-04 -1.113703E-03    8.673617E-18  8.456777E-18
 -2.00000000E+03  0.00000000E+00  3.00000000E+01    0.000000E+00  4.824700E-18   -3.581728E-04 -1.113690E-03    4.336809E-19  5.421011E-18
 -1.90000000E+03  0.00000000E+00  3.00000000E+01   -1.084202E-19  3.686287E-18   -3.581652E-04 -1.113678E-03    3.469447E-18  8.239937E-18
 -1.80000000E+03  0.00000000E+00  3.00000000E+01    1.409463E-18  2.168404E-18   -3.581580E-04 -1.113666E-03   -2.602085E-18  5.854692E-18
 -1.70000000E+03  0.00000000E+00  3.00000000E+01   -3.740497E-18  2.439455E-18   -3.581512E-04 -1.113655E-03    4.336809E-19  2.168404E-18
 -1.60000000E+03  0.00000000E+00  3.00000000E+01   -2.710505E-18  4.445229E-18   -3.581448E-04 -1.113645E-03   -3.903128E-18 -6.505213E-19
 -1.50000000E+03  0.00000000E+00  3.00000000E+01   -5.963112E-19  5.177065E-18   -3.581387E-04 -1.113635E-03   -1.040834E-17 -5.421011E-18
 -1.40000000E+03  0.00000000E+00  3.00000000E+01   -7.589415E-19  4.851805E-18   -3.581330E-04 -1.113626E-03   -7.372575E-18  1.734723E-18
 -1.30000000E+03  0.00000000E+00  3.00000000E+01   -1.029992E-18  6.518766E-18   -3.581278E-04 -1.113618E-03   -9.540979E-18 -3.035766E-18
 -1.20000000E+03  0.00000000E+00  3.00000000E+01    8.348357E-18  4.987330E-18   -3.581229E-04 -1.113610E-03   -8.239937E-18 -2.168404E-18
 -1.10000000E+03  0.00000000E+00  3.00000000E+01   -1.680513E-18  1.870249E-18   -3.581184E-04 -1.113603E-03   -3.469447E-18 -2.385245E-18
 -1.00000000E+03  0.00000000E+00  3.00000000E+01   -1.084202E-19  2.710505E-18   -3.581143E-04 -1.113596E-03   -3.903128E-18 -4.987330E-18
 -9.00000000E+02  0.00000000E+00  3.00000000E+01    7.047314E-19  1.544988E-18   -3.581106E-04 -1.113591E-03   -5.204170E-18 -3.035766E-18
 -8.00000000E+02  0.00000000E+00  3.00000000E+01   -8.131516E-19  3.821813E-18   -3.581072E-04 -1.113585E-03   -1.734723E-18 -4.336809E-19
 -7.00000000E+02  0.00000000E+00  3.00000000E+01    1.138412E-18  1.443344E-18   -3.581043E-04 -1.113581E-03   -4.336809E-19 -2.602085E-18
 -6.00000000E+02  0.00000000E+00  3.00000000E+01   -1.680513E-18  1.368805E-18   -3.581018E-04 -1.113577E-03   -4.336809E-19 -2.818926E-18
 -5.00000000E+02  0.00000000E+00  3.00000000E+01   -2.195509E-18  1.511107E-18   -3.580996E-04 -1.113573E-03   -2.602085E-18 -5.421011E-18
 -4.00000000E+02  0.00000000E+00  3.00000000E+01   -1.626303E-18  1.409463E-18   -3.580979E-04 -1.113570E-03   -1.301043E-18 -2.385245E-18
 -3.00000000E+02  0.00000000E+00  3.00000000E+01    9.757820E-19  4.868745E-18   -3.580965E-04 -1.113568E-03   -3.035766E-18 -3.469447E-18
 -2.00000000E+02  0.00000000E+00  3.00000000E+01    5.515879E-18  3.571091E-18   -3.580955E-04 -1.113567E-03   -8.673617E-19 -2.602085E-18
 -1.00000000E+02  0.00000000E+00  3.00000000E+01    2.768104E-18  2.755398E-18   -3.580949E-04 -1.113566E-03    7.806256E-18 -1.084202E-18
  0.00000000E+00  0.00000000E+00  3.00000000E+01    4.490520E-18 -7.302593E-19   -3.580947E-04 -1.113565E-03    8.673617E-19 -5.204170E-18
  1.00000000E+02  0.00000000E+00  3.00000000E+01    2.286989E-18 -1.678819E-18   -3.580949E-04 -1.113566E-03    3.035766E-18 -1.517883E-18
  2.00000000E+02  0.00000000E+00  3.00000000E+01   -5.949559E-18 -7.589415E-19   -3.580955E-04 -1.113567E-03    0.000000E+00 -4.770490E-18
  3.00000000E+02  0.00000000E+00  3.00000000E+01    9.215718E-19  1.436568E-18   -3.580965E-04 -1.113568E-03    4.336809E-19 -5.204170E-18
  4.00000000E+02  0.00000000E+00  3.00000000E+01    4.960225E-18 -1.029992E-18   -3.580979E-04 -1.113570E-03   -5.204170E-18 -4.119968E-18
  5.00000000E+02  0.00000000E+00  3.00000000E+01    3.117081E-18 -1.450120E-18   -3.580996E-04 -1.113573E-03   -4.336809E-19 -4.553649E-18
  6.00000000E+02  0.00000000E+00  3.00000000E+01    3.632077E-18 -4.404571E-18   -3.581018E-04 -1.113577E-03   -2.168404E-18 -1.951564E-18
  7.00000000E+02  0.00000000E+00  3.00000000E+01   -3.035766E-18 -3.747274E-18   -3.581043E-04 -1.113581E-03   -1.127570E-17 -5.854692E-18
  8.00000000E+02  0.00000000E+00  3.00000000E+01    5.421011E-19 -2.331035E-18   -3.581072E-04 -1.113585E-03    4.336809E-19 -7.155734E-18
  9.00000000E+02  0.00000000E+00  3.00000000E+01    4.011548E-18  4.878910E-19   -3.581106E-04 -1.113591E-03   -1.604619E-17 -8.239937E-18
  1.00000000E+03  0.00000000E+00  3.00000000E+01    8.023096E-18  2.249720E-18   -3.581143E-04 -1.113596E-03   -1.301043E-18 -2.168404E-18
  1.10000000E+03  0.00000000E+00  3.00000000E+01    6.396793E-18  9.080193E-19   -3.581184E-04 -1.113603E-03   -8.673617E-19  8.673617E-19
  1.20000000E+03  0.00000000E+00  3.00000000E+01    5.421011E-19 -2.710505E-19   -3.581229E-04 -1.113610E-03    8.673617E-19 -1.301043E-18
  1.30000000E+03  0.00000000E+00  3.00000000E+01   -4.065758E-18 -2.940898E-18   -3.581278E-04 -1.113618E-03    3.903128E-18  8.673617E-19
  1.40000000E+03  0.00000000E+00  3.00000000E+01   -4.228388E-18  3.794708E-19   -3.581330E-04 -1.113626E-03   -4.336809E-19 -2.168404E-18
  1.50000000E+03  0.00000000E+00  3.00000000E+01   -3.577867E-18 -1.029992E-18   -3.581387E-04 -1.113635E-03   -4.770490E-18  4.336809E-19
  1.60000000E+03  0.00000000E+00  3.00000000E+01   -3.469447E-18 -2.222614E-18   -3.581448E-04 -1.113645E-03    1.301043E-18 -2.602085E-18
  1.70000000E+03  0.00000000E+00  3.00000000E+01    4.607859E-18  8.131516E-20   -3.581512E-04 -1.113655E-03    0.000000E+00  1.084202E-18
  1.80000000E+03  0.00000000E+00  3.00000000E+01    1.376937E-17 -1.626303E-18   -3.581580E-04 -1.113666E-03    3.469447E-18  1.734723E-18
  1.90000000E+03  0.00000000E+00  3.00000000E+01    5.041540E-18 -1.626303E-18   -3.581652E-04 -1.113678E-03    7.372575E-18  2.385245E-18
  2.00000000E+03  0.00000000E+00  3.00000000E+01    3.035766E-18 -1.517883E-18   -3.581728E-04 -1.113690E-03   -1.301043E-18  2.385245E-18
  2.10000000E+03  0.00000000E+00  3.00000000E+01    2.493665E-18 -1.246832E-18   -3.581808E-04 -1.113703E-03    8.673617E-19  0.000000E+00
  2.20000000E+03  0.00000000E+00  3.00000000E+01   -8.673617E-19 -2.710505E-18   -3.581892E-04 -1.113717E-03   -2.168404E-18  8.673617E-19
  2.30000000E+03  0.00000000E+00  3.00000000E+01    1.734723E-18 -2.873136E-18   -3.581980E-04 -1.113731E-03   -1.301043E-18  4.553649E-18
  2.40000000E+03  0.00000000E+00  3.00000000E+01    1.301043E-18 -2.547875E-18   -3.582071E-04 -1.113746E-03    3.469447E-18  3.686287E-18
  2.50000000E+03  0.00000000E+00  3.00000000E+01    1.626303E-18  2.602085E-18   -3.582167E-04 -1.113762E-03    4.336809E-18  7.589415E-18
  2.60000000E+03  0.00000000E+00  3.00000000E+01    5.421011E-18  3.415237E-18   -3.582266E-04 -1.113778E-03    0.000000E+00  4.553649E-18
  2.70000000E+03  0.00000000E+00  3.00000000E+01    9.757820E-18  4.038653E-18   -3.582369E-04 -1.113795E-03    9.107298E-18  4.336809E-19
  2.80000000E+03  0.00000000E+00  3.00000000E+01    2.168404E-19  3.577867E-18   -3.582476E-04 -1.113813E-03   -2.168404E-18  2.168404E-19
  2.90000000E+03  0.00000000E+00  3.00000000E+01    4.228388E-18  1.273938E-18   -3.582587E-04 -1.113831E-03    8.673617E-19  3.686287E-18
  3.00000000E+03  0.00000000E+00  3.00000000E+01    2.168404E-18  5.421011E-19   -3.582701E-04 -1.113850E-03    4.336809E-19  4.336809E-19
  3.10000000E+03  0.00000000E+00  3.00000000E+01   -3.035766E-18  2.710505E-19   -3.582819E-04 -1.113870E-03    7.806256E-18  1.301043E-18
  3.20000000E+03  0.00000000E+00  3.00000000E+01    1.951564E-18  2.602085E-18   -3.582942E-04 -1.113890E-03   -8.673617E-19 -2.168404E-19
  3.30000000E+03  0.00000000E+00  3.00000000E+01    7.264155E-18  1.192622E-18   -3.583067E-04 -1.113911E-03   -3.469447E-18 -6.505213E-19
  3.40000000E+03  0.00000000E+00  3.00000000E+01    7.372575E-18  1.734723E-18   -3.583197E-04 -1.113933E-03    4.770490E-18 -1.084202E-18
  3.50000000E+03  0.00000000E+00  3.00000000E+01    3.144186E-18 -5.421011E-19   -3.583331E-04 -1.113955E-03    1.734723E-18  2.818926E-18
  3.60000000E+03  0.00000000E+00  3.00000000E+01    2.168404E-19 -7.589415E-19   -3.583468E-04 -1.113978E-03    1.301043E-18  3.035766E-18
  3.70000000E+03  0.00000000E+00  3.00000000E+01    1.626303E-18 -2.114194E-18   -3.583609E-04 -1.114002E-03    6.071532E-18  3.686287E-18
  3.80000000E+03  0.00000000E+00  3.00000000E+01    3.035766E-18 -9.757820E-19   -3.583753E-04 -1.114027E-03    0.000000E+00  4.336809E-19
  3.90000000E+03  0.00000000E+00  3.00000000E+01    4.336809E-19 -3.198396E-18   -3.583902E-04 -1.114052E-03   -4.336809E-19 -8.673617E-19
  4.00000000E+03  0.00000000E+00  3.00000000E+01    1.734723E-18 -1.843144E-18   -3.584054E-04 -1.114078E-03    1.301043E-18  1.301043E-18
  4.10000000E+03  0.00000000E+00  3.00000000E+01    6.505213E-19 -2.385245E-18   -3.584210E-04 -1.114105E-03    5.204170E-18  3.469447E-18
  4.20000000E+03  0.00000000E+00  3.00000000E+01    7.372575E-18 -1.843144E-18   -3.584369E-04 -1.114133E-03   -4.336809E-19  1.517883E-18
  4.30000000E+03  0.00000000E+00  3.00000000E+01    2.818926E-18 -2.764716E-18   -3.584532E-04 -1.114161E-03   -1.301043E-18  4.336809E-18
  4.40000000E+03  0.00000000E+00  3.00000000E+01   -3.903128E-18 -2.276825E-18   -3.584699E-04 -1.114190E-03    3.903128E-18  1.517883E-18
  4.50000000E+03  0.00000000E+00  3.00000000E+01   -1.019150E-17 -4.499439E-18   -3.584869E-04 -1.114219E-03    3.035766E-18  1.951564E-18
  4.60000000E+03  0.00000000E+00  3.00000000E+01   -1.127570E-17 -1.626303E-18   -3.585043E-04 -1.114250E-03   -1.301043E-18  1.517883E-18
  4.70000000E+03  0.00000000E+00  3.00000000E+01   -7.155734E-18 -1.084202E-19   -3.585221E-04 -1.114281E-03    1.301043E-18  4.336809E-19
  4.80000000E+03  0.00000000E+00  3.00000000E+01   -4.770490E-18  1.192622E-18   -3.585402E-04 -1.114313E-03    7.806256E-18  4.553649E-18
  4.90000000E+03  0.00000000E+00  3.00000000E+01   -1.734723E-18  2.710505E-19   -3.585587E-04 -1.114345E-03    3.903128E-18  3.686287E-18
  5.00000000E+03  0.00000000E+00  3.00000000E+01    1.734723E-18  4.553649E-18   -3.585776E-04 -1.114378E-03    2.168404E-18  4.987330E-18
  5.10000000E+03  0.00000000E+00  3.00000000E+01    1.149254E-17  9.540979E-18   -3.585968E-04 -1.114412E-03    8.673617E-19  3.252607E-18
  5.20000000E+03  0.00000000E+00  3.00000000E+01    7.372575E-18  3.361027E-18   -3.586163E-04 -1.114447E-03   -6.071532E-18  2.818926E-18
  5.30000000E+03  0.00000000E+00  3.00000000E+01   -3.469447E-18  5.095750E-18   -3.586362E-04 -1.114482E-03    2.168404E-18  2.818926E-18
  5.40000000E+03  0.00000000E+00  3.00000000E+01   -1.734723E-18  3.903128E-18   -3.586565E-04 -1.114518E-03   -2.168404E-18  2.385245E-18
  5.50000000E+03  0.00000000E+00  3.00000000E+01    3.469447E-18  2.385245E-18   -3.586771E-04 -1.114555E-03   -1.040834E-17  1.301043E-18
  5.60000000E+03  0.00000000E+00  3.00000000E+01    1.734723E-18  1.843144E-18   -3.586981E-04 -1.114592E-03   -6.071532E-18 -1.084202E-18
  5.70000000E+03  0.00000000E+00  3.00000000E+01   -2.602085E-18  3.740497E-18   -3.587195E-04 -1.114630E-03   -8.239937E-18 -1.301043E-18
  5.80000000E+03  0.00000000E+00  3.00000000E+01   -4.770490E-18  3.144186E-18   -3.587412E-04 -1.114669E-03   -3.035766E-18  7.155734E-18
  5.90000000E+03  0.00000000E+00  3.00000000E+01    5.204170E-18  8.673617E-19   -3.587633E-04 -1.114708E-03    1.301043E-18 -3.035766E-18
  6.00000000E+03  0.00000000E+00  3.00000000E+01    6.938894E-18  2.385245E-18   -3.587858E-04 -1.114748E-03   -5.637851E-18  1.951564E-18
  6.10000000E+03  0.00000000E+00  3.00000000E+01    4.987330E-18  4.011548E-18   -3.588086E-04 -1.114788E-03    2.602085E-18  4.336809E-18
  6.20000000E+03  0.00000000E+00  3.00000000E+01    1.301043E-18  6.505213E-19   -3.588319E-04 -1.114829E-03    7.372575E-18  1.951564E-18
  6.30000000E+03  0.00000000E+00  3.00000000E+01    8.456777E-18  4.336809E-18   -3.588555E-04 -1.114871E-03    1.301043E-18  4.336809E-19
  6.40000000E+03  0.00000000E+00  3.00000000E+01   -4.336809E-19  5.421011E-18   -3.588795E-04 -1.114913E-03    4.336809E-19  2.818926E-18
  6.50000000E+03  0.00000000E+00  3.00000000E+01    4.336809E-18  8.565197E-18   -3.589039E-04 -1.114955E-03    6.071532E-18  2.602085E-18
  6.60000000E+03  0.00000000E+00  3.00000000E+01    6.938894E-18 -4.336809E-19   -3.589288E-04 -1.114997E-03   -5.637851E-18  2.168404E-18
  6.70000000E+03  0.00000000E+00  3.00000000E+01    8.456777E-18  8.673617E-19   -3.589541E-04 -1.115040E-03   -2.602085E-18 -1.517883E-18
  6.80000000E+03  0.00000000E+00  3.00000000E+01    5.637851E-18 -4.336809E-19   -3.589799E-04 -1.115084E-03    3.903128E-18  4.119968E-18
  6.90000000E+03  0.00000000E+00  3.00000000E+01    2.602085E-18  7.589415E-19   -3.590061E-04 -1.115127E-03   -1.301043E-18  6.505213E-19
  7.00000000E+03  0.00000000E+00  3.00000000E+01    2.602085E-18 -2.168404E-19   -3.590329E-04 -1.115171E-03    2.602085E-18  2.168404E-19
  7.10000000E+03  0.00000000E+00  3.00000000E+01    4.119968E-18  1.409463E-18   -3.590602E-04 -1.115215E-03    7.372575E-18  7.806256E-18
  7.20000000E+03  0.00000000E+00  3.00000000E+01    7.372575E-18  5.421011E-18   -3.590880E-04 -1.115259E-03    9.974660E-18  5.637851E-18
  7.30000000E+03  0.00000000E+00  3.00000000E+01    8.890458E-18  4.662069E-18   -3.591165E-04 -1.115303E-03    1.127570E-17  4.336809E-18
  7.40000000E+03  0.00000000E+00  3.00000000E+01    3.035766E-18  3.252607E-18   -3.591456E-04 -1.115346E-03    7.372575E-18  4.770490E-18
  7.50000000E+03  0.00000000E+00  3.00000000E+01   -2.818926E-18  1.951564E-18   -3.591753E-04 -1.115390E-03    9.107298E-18  3.469447E-18
  7.60000000E+03  0.00000000E+00  3.00000000E+01   -1.387779E-17 -7.589415E-18   -3.592059E-04 -1.115433E-03    2.168404E-18  2.818926E-18
  7.70000000E+03  0.00000000E+00  3.00000000E+01    4.770490E-18 -9.757820E-19   -3.592371E-04 -1.115476E-03    5.204170E-18  3.035766E-18
  7.80000000E+03  0.00000000E+00  3.00000000E+01    4.336809E-19  1.517883E-18   -3.592693E-04 -1.115519E-03   -4.336809E-19  2.818926E-18
  7.90000000E+03  0.00000000E+00  3.00000000E+01   -8.673617E-19  1.409463E-18   -3.593023E-04 -1.115560E-03    4.770490E-18  5.854692E-18
  8.00000000E+03  0.00000000E+00  3.00000000E+01   -1.734723E-18 -1.301043E-18   -3.593364E-04 -1.115601E-03   -3.035766E-18  4.336809E-19
  8.10000000E+03  0.00000000E+00  3.00000000E+01   -1.301043E-18  2.059984E-18   -3.593716E-04 -1.115642E-03    4.336809E-18  5.204170E-18
  8.20000000E+03  0.00000000E+00  3.00000000E+01   -6.071532E-18  8.673617E-19   -3.594079E-04 -1.115681E-03   -1.734723E-18  1.301043E-18
  8.30000000E+03  0.00000000E+00  3.00000000E+01   -1.517883E-17  7.589415E-19   -3.594455E-04 -1.115719E-03    1.214306E-17  2.818926E-18
  8.40000000E+03  0.00000000E+00  3.00000000E+01   -2.602085E-18  2.385245E-18   -3.594845E-04 -1.115755E-03    3.035766E-18 -2.168404E-19
  8.50000000E+03  0.00000000E+00  3.00000000E+01   -5.204170E-18 -1.084202E-19   -3.595250E-04 -1.115791E-03    1.734723E-18  1.951564E-18
  8.60000000E+03  0.00000000E+00  3.00000000E+01   -1.561251E-17  2.602085E-18   -3.595672E-04 -1.115824E-03    3.469447E-18  2.168404E-18
  8.70000000E+03  0.00000000E+00  3.00000000E+01   -1.257675E-17 -9.757820E-19   -3.596111E-04 -1.115856E-03    5.637851E-18 -4.336809E-19
  8.80000000E+03  0.00000000E+00  3.00000000E+01   -6.071532E-18  2.818926E-18   -3.596570E-04 -1.115886E-03   -4.336809E-19  1.517883E-18
  8.90000000E+03  0.00000000E+00  3.00000000E+01   -1.474515E-17 -1.084202E-19   -3.597050E-04 -1.115913E-03   -8.673617E-19 -6.722053E-18
  9.00000000E+03  0.00000000E+00  3.00000000E+01   -1.040834E-17  4.987330E-18   -3.597553E-04 -1.115938E-03   -3.035766E-18 -5.854692E-18
  9.10000000E+03  0.00000000E+00  3.00000000E+01   -1.127570E-17  4.011548E-18   -3.598080E-04 -1.115961E-03    6.938894E-18 -4.987330E-18
  9.20000000E+03  0.00000000E+00  3.00000000E+01   -1.647987E-17  0.000000E+00   -3.598635E-04 -1.115980E-03    0.000000E+00 -2.168404E-19
  9.30000000E+03  0.00000000E+00  3.00000000E+01   -1.647987E-17 -6.505213E-18   -3.599218E-04 -1.115997E-03    8.239937E-18  2.168404E-18
  9.40000000E+03  0.00000000E+00  3.00000000E+01   -1.301043E-17  1.517883E-18   -3.599834E-04 -1.116010E-03   -4.336809E-19  6.505213E-19
  9.50000000E+03  0.00000000E+00  3.00000000E+01   -1.214306E-17  2.168404E-19   -3.600481E-04 -1.116020E-03    3.903128E-18  1.084202E-18
  9.60000000E+03  0.00000000E+00  3.00000000E+01   -9.540979E-18  1.517883E-18   -3.601167E-04 -1.116025E-03    5.637851E-18 -1.951564E-18
  9.70000000E+03  0.00000000E+00  3.00000000E+01   -7.806256E-18  1.951564E-18   -3.601889E-04 -1.116027E-03   -2.168404E-18 -4.987330E-18
  9.80000000E+03  0.00000000E+00  3.00000000E+01   -9.540979E-18 -1.517883E-18   -3.602654E-04 -1.116025E-03    0.000000E+00 -2.168404E-18
  9.90000000E+03  0.00000000E+00  3.00000000E+01   -1.691355E-17  2.710505E-18   -3.603461E-04 -1.116018E-03   -2.168404E-18 -3.903128E-18
  1.00000000E+04  0.00000000E+00  3.00000000E+01   -6.071532E-18 -1.951564E-18   -3.604324E-04 -1.116006E-03   -3.469447E-18 -1.084202E-18
  1.05000000E+04  0.00000000E+00  3.00000000E+01    3.903128E-18 -3.252607E-19   -3.609416E-04 -1.115869E-03   -8.673617E-19 -1.084202E-18
